2005.0863 2005 32 0.5000 1.3100 5.4300 NaN NaN NaN 0.0000 0.0000 0.0000 40.4418 -124.3963
2005.0890 2005 33 0.5600 0.4300 5.3700 NaN NaN NaN 0.0000 0.0000 0.0000 40.4418 -124.3963
2005.0918 2005 34 1.4300 1.0300 3.5000 NaN NaN NaN 0.0000 0.0000 0.0000 40.4418 -124.3963
2005.0945 2005 35 -0.3600 0.1900 -0.9700 NaN NaN NaN 0.0000 0.0000 0.0000 40.4418 -124.3963
2005.1849 2005 68 -1.2500 1.5100 4.4400 49.49 51.64 48.74 -0.0000 0.0000 -0.0000 40.4418 -124.3963
2005.1877 2005 69 -1.5200 0.5800 1.0200 49.48 51.07 48.72 -0.0000 0.0000 -0.0000 40.4418 -124.3963
2005.1904 2005 70 0.4400 0.2500 2.2700 48.95 49.95 49.44 -0.0000 -0.0000 -0.0000 40.4418 -124.3963
2005.1932 2005 71 2.1300 1.0400 -0.9400 49.14 49.16 49.91 -0.0000 -0.0000 -0.0000 40.4418 -124.3963
2005.1959 2005 72 2.2200 1.1600 -3.4200 48.93 49.39 50.14 -0.0000 -0.0000 0.0000 40.4418 -124.3963
2005.1986 2005 73 -0.1700 0.3700 2.5600 49.00 49.38 50.21 -0.0000 -0.0000 0.0000 40.4418 -124.3963
2005.2014 2005 74 0.2700 -0.4100 3.5400 49.50 49.43 50.26 -0.0000 -0.0000 0.0000 40.4418 -124.3963
2005.2041 2005 75 1.3500 0.0500 6.0600 49.78 49.09 50.21 -0.0000 -0.0000 0.0000 40.4418 -124.3963
2005.2068 2005 76 1.3100 0.7400 -1.2200 NaN NaN NaN 0.0000 0.0000 0.0000 40.4418 -124.3963
2005.2096 2005 77 0.2700 0.5200 -2.4200 NaN NaN NaN 0.0000 0.0000 0.0000 40.4418 -124.3963
2005.2123 2005 78 1.6600 2.0000 -3.5100 NaN NaN NaN 0.0000 0.0000 0.0000 40.4418 -124.3963
2005.2151 2005 79 2.4500 -0.3700 1.9600 NaN NaN NaN 0.0000 0.0000 0.0000 40.4418 -124.3963
2005.2178 2005 80 0.4400 -0.9800 1.4700 NaN NaN NaN 0.0000 0.0000 0.0000 40.4418 -124.3963
2005.2205 2005 81 2.9600 -1.7400 1.4700 NaN NaN NaN 0.0000 0.0000 0.0000 40.4418 -124.3963
2005.2233 2005 82 0.7300 0.2400 1.9500 NaN NaN NaN 0.0000 0.0000 0.0000 40.4418 -124.3963
2005.2260 2005 83 1.1400 1.5000 -3.4900 NaN NaN NaN 0.0000 0.0000 0.0000 40.4418 -124.3963
2005.2288 2005 84 0.1100 0.8400 1.2500 NaN NaN NaN 0.0000 0.0000 0.0000 40.4418 -124.3963
2005.2315 2005 85 -3.2600 0.8100 1.7300 NaN NaN NaN 0.0000 0.0000 0.0000 40.4418 -124.3963
2005.3247 2005 119 0.6400 0.0100 8.8400 50.43 48.78 49.53 0.0000 -0.0000 -0.0000 40.4418 -124.3963
2005.3274 2005 120 2.4200 0.4500 6.8300 50.59 49.48 49.05 0.0000 -0.0000 -0.0000 40.4418 -124.3963
2005.3301 2005 121 1.3600 0.8700 2.1100 51.01 50.31 49.31 0.0000 0.0000 -0.0000 40.4418 -124.3963
2005.3329 2005 122 2.1000 0.5200 -4.8900 50.83 50.36 49.33 0.0000 0.0000 -0.0000 40.4418 -124.3963
2005.3356 2005 123 0.4700 -0.9000 3.5600 51.01 50.30 49.52 0.0000 0.0000 -0.0000 40.4418 -124.3963
2005.3384 2005 124 0.6800 -0.7300 -10.4400 51.69 50.44 49.79 0.0000 0.0000 -0.0000 40.4418 -124.3963
2005.3411 2005 125 1.4100 1.0500 1.4600 52.22 50.44 49.58 0.0000 0.0000 -0.0000 40.4418 -124.3963
2005.3438 2005 126 1.1700 0.0000 -0.5000 52.20 50.91 49.14 0.0000 0.0000 -0.0000 40.4418 -124.3963
2005.3466 2005 127 0.9200 0.5100 -3.7800 52.51 51.23 49.22 0.0000 0.0000 -0.0000 40.4418 -124.3963
2005.3493 2005 128 2.6200 0.9200 -5.7400 53.18 51.15 49.48 0.0000 0.0000 -0.0000 40.4418 -124.3963
2005.3521 2005 129 2.1500 -0.1400 -0.4400 54.14 51.08 49.72 0.0000 0.0000 -0.0000 40.4418 -124.3963
2005.3548 2005 130 2.4400 0.2500 -7.2100 54.49 50.99 49.43 0.0000 0.0000 -0.0000 40.4418 -124.3963
2005.3575 2005 131 1.6300 2.7900 4.7500 54.35 51.09 49.10 0.0000 0.0000 -0.0000 40.4418 -124.3963
2005.3603 2005 132 1.1100 0.5900 -1.7800 54.24 51.15 48.84 0.0000 0.0000 -0.0000 40.4418 -124.3963
2005.3630 2005 133 1.7800 -0.0100 0.8400 53.72 51.07 49.08 0.0000 0.0000 -0.0000 40.4418 -124.3963
2005.3658 2005 134 2.3600 0.0900 5.4400 53.48 51.44 48.85 0.0000 0.0000 -0.0000 40.4418 -124.3963
2005.3685 2005 135 3.7500 -1.1300 3.1600 53.60 51.50 49.48 0.0000 0.0000 -0.0000 40.4418 -124.3963
2005.3712 2005 136 1.9200 0.9500 -0.7500 53.44 51.43 49.50 0.0000 0.0000 -0.0000 40.4418 -124.3963
2005.3740 2005 137 3.5900 0.6600 -2.0700 53.52 51.78 49.47 0.0000 0.0000 -0.0000 40.4418 -124.3963
2005.3767 2005 138 5.2700 -2.8000 -0.8800 53.67 51.61 49.66 0.0000 0.0000 -0.0000 40.4418 -124.3963
2005.3795 2005 139 5.5900 1.5400 -0.8000 53.51 51.41 49.76 0.0000 0.0000 -0.0000 40.4418 -124.3963
2005.3822 2005 140 3.1100 -1.0200 4.1300 53.11 51.53 49.85 0.0000 0.0000 -0.0000 40.4418 -124.3963
2005.3849 2005 141 3.7000 0.7100 0.7000 52.57 51.21 50.29 0.0000 0.0000 0.0000 40.4418 -124.3963
2005.3877 2005 142 1.4400 1.1400 -2.0300 52.03 50.31 49.99 0.0000 0.0000 -0.0000 40.4418 -124.3963
2005.3904 2005 143 -2.8400 0.0200 3.5000 51.93 50.13 50.21 0.0000 0.0000 0.0000 40.4418 -124.3963
2005.3932 2005 144 -2.2700 1.0700 -3.0700 51.34 50.22 50.33 0.0000 0.0000 0.0000 40.4418 -124.3963
2005.3959 2005 145 1.8000 -0.3400 1.2700 50.42 50.26 50.02 0.0000 0.0000 0.0000 40.4418 -124.3963
2005.3986 2005 146 2.2400 0.0400 3.8600 49.81 50.44 49.95 -0.0000 0.0000 -0.0000 40.4418 -124.3963
2005.4014 2005 147 3.1100 1.1500 -4.4600 49.79 50.19 49.89 -0.0000 0.0000 -0.0000 40.4418 -124.3963
2005.4041 2005 148 3.1700 1.2100 0.9300 49.51 50.01 50.04 -0.0000 0.0000 0.0000 40.4418 -124.3963
2005.4068 2005 149 2.8600 1.0000 -3.5000 48.71 50.58 50.01 -0.0000 0.0000 0.0000 40.4418 -124.3963
2005.4096 2005 150 0.5100 -0.0600 -3.3900 47.80 50.31 49.94 -0.0000 0.0000 -0.0000 40.4418 -124.3963
2005.4123 2005 151 -1.9800 1.8500 -4.3600 47.42 50.61 49.89 -0.0000 0.0000 -0.0000 40.4418 -124.3963
2005.4151 2005 152 -1.5400 -1.2200 1.6300 46.84 50.41 50.03 -0.0000 0.0000 0.0000 40.4418 -124.3963
2005.4178 2005 153 -0.7400 -1.0400 5.8600 46.65 50.27 50.40 -0.0000 0.0000 0.0000 40.4418 -124.3963
2005.4205 2005 154 -4.0300 0.9900 5.2800 47.16 50.35 50.15 -0.0000 0.0000 0.0000 40.4418 -124.3963
2005.4233 2005 155 -3.5300 1.4700 -0.7000 47.48 50.04 50.36 -0.0000 0.0000 0.0000 40.4418 -124.3963
2005.4260 2005 156 0.7500 0.4400 -0.3600 47.11 49.93 49.98 -0.0000 -0.0000 -0.0000 40.4418 -124.3963
2005.4288 2005 157 1.7300 0.6300 -5.9500 47.17 49.95 49.81 -0.0000 -0.0000 -0.0000 40.4418 -124.3963
2005.4315 2005 158 3.1100 0.4500 0.8100 47.14 49.65 50.15 -0.0000 -0.0000 0.0000 40.4418 -124.3963
2005.4342 2005 159 1.2800 0.9200 -1.8900 47.04 49.55 50.24 -0.0000 -0.0000 0.0000 40.4418 -124.3963
2005.4370 2005 160 2.8400 -0.0600 -3.5100 46.96 49.52 50.10 -0.0000 -0.0000 0.0000 40.4418 -124.3963
2005.4397 2005 161 1.7200 0.6800 -1.2400 47.20 49.46 50.22 -0.0000 -0.0000 0.0000 40.4418 -124.3963
2005.4425 2005 162 -3.2800 -0.7300 1.1100 47.89 49.19 50.09 -0.0000 -0.0000 0.0000 40.4418 -124.3963
2005.4452 2005 163 -1.5200 0.1500 7.3700 48.27 49.91 50.08 -0.0000 -0.0000 0.0000 40.4418 -124.3963
2005.4479 2005 164 -2.3300 0.3500 1.6400 48.51 50.48 49.55 -0.0000 0.0000 -0.0000 40.4418 -124.3963
2005.4507 2005 165 -1.7200 -0.0600 -1.0700 49.35 50.61 49.08 -0.0000 0.0000 -0.0000 40.4418 -124.3963
2005.4534 2005 166 -1.7400 -0.9900 -1.4500 50.00 50.38 49.04 0.0000 0.0000 -0.0000 40.4418 -124.3963
2005.4562 2005 167 4.3600 -0.4300 0.8000 50.19 50.18 49.02 0.0000 0.0000 -0.0000 40.4418 -124.3963
2005.4589 2005 168 5.1200 -0.2800 2.2500 50.30 50.24 49.28 0.0000 0.0000 -0.0000 40.4418 -124.3963
2005.4616 2005 169 4.6800 0.9000 6.9100 50.16 50.43 49.08 0.0000 0.0000 -0.0000 40.4418 -124.3963
2005.4644 2005 170 1.9800 0.8200 -6.2800 50.35 50.25 48.99 0.0000 0.0000 -0.0000 40.4418 -124.3963
2005.4671 2005 171 2.0300 -0.5000 -1.9000 50.38 50.57 48.91 0.0000 0.0000 -0.0000 40.4418 -124.3963
2005.4699 2005 172 3.0900 0.7900 -6.2700 50.15 50.54 48.80 0.0000 0.0000 -0.0000 40.4418 -124.3963
2005.4726 2005 173 0.4500 1.3900 -1.8200 50.63 51.05 48.54 0.0000 0.0000 -0.0000 40.4418 -124.3963
2005.4753 2005 174 0.8300 1.7400 -4.1000 50.72 51.46 47.67 0.0000 0.0000 -0.0000 40.4418 -124.3963
2005.4781 2005 175 2.1000 2.2300 -5.8000 50.72 51.67 47.54 0.0000 0.0000 -0.0000 40.4418 -124.3963
2005.4808 2005 176 -0.0800 0.7200 -8.4400 50.66 52.24 47.33 0.0000 0.0000 -0.0000 40.4418 -124.3963
2005.4836 2005 177 0.6200 -0.0100 -4.9600 51.02 52.73 47.29 0.0000 0.0000 -0.0000 40.4418 -124.3963
2005.4863 2005 178 3.1100 0.8200 -2.9100 50.54 52.80 47.10 0.0000 0.0000 -0.0000 40.4418 -124.3963
2005.4890 2005 179 0.4400 1.5800 -2.5100 50.16 53.11 46.76 0.0000 0.0000 -0.0001 40.4418 -124.3963
2005.4918 2005 180 0.0900 2.1100 -5.3900 49.80 53.10 46.26 -0.0000 0.0000 -0.0319 40.4418 -124.3963
2005.4945 2005 181 0.6200 0.8900 -8.3800 50.00 52.93 46.61 -0.0000 0.0000 -0.0030 40.4418 -124.3963
2005.4973 2005 182 -3.1500 1.9400 -9.5000 49.98 52.84 46.68 -0.0000 0.0000 -0.0011 40.4418 -124.3963
2005.5000 2005 183 -2.5800 1.4300 -6.4500 49.29 52.93 46.85 -0.0000 0.0000 -0.0000 40.4418 -124.3963
2005.5027 2005 184 -2.7300 2.0400 -9.9600 48.75 52.65 46.69 -0.0000 0.0000 -0.0004 40.4418 -124.3963
2005.5055 2005 185 -1.8900 1.9300 -3.7500 48.64 52.14 47.03 -0.0000 0.0000 -0.0000 40.4418 -124.3963
2005.5082 2005 186 -1.9900 2.7200 -5.5000 48.23 51.65 47.51 -0.0000 0.0000 -0.0000 40.4418 -124.3963
2005.5110 2005 187 -0.6400 1.7000 -5.0900 47.94 51.68 47.79 -0.0000 0.0000 -0.0000 40.4418 -124.3963
2005.5137 2005 188 0.5600 -0.3900 -7.7600 48.00 51.64 48.10 -0.0000 0.0000 -0.0000 40.4418 -124.3963
2005.5164 2005 189 2.3100 0.5300 -1.1200 47.88 51.48 48.00 -0.0000 0.0000 -0.0000 40.4418 -124.3963
2005.5192 2005 190 1.6600 0.6000 -1.5600 48.27 51.18 48.26 -0.0000 0.0000 -0.0000 40.4418 -124.3963
2005.5219 2005 191 3.6100 -0.7100 0.4200 48.46 50.71 48.62 -0.0000 0.0000 -0.0000 40.4418 -124.3963
2005.5247 2005 192 2.9900 -1.5500 0.5500 48.62 50.22 49.11 -0.0000 0.0000 -0.0000 40.4418 -124.3963
2005.5274 2005 193 -1.4400 0.3900 -3.5700 49.32 49.80 49.58 -0.0000 -0.0000 -0.0000 40.4418 -124.3963
2005.5301 2005 194 -4.9900 2.4600 -7.7300 49.29 49.50 49.72 -0.0000 -0.0000 -0.0000 40.4418 -124.3963
2005.5329 2005 195 0.6500 0.9800 -2.9600 49.37 48.96 50.57 -0.0000 -0.0000 0.0000 40.4418 -124.3963
2005.5356 2005 196 2.0700 -0.3100 -2.0500 49.30 48.52 50.79 -0.0000 -0.0000 0.0000 40.4418 -124.3963
2005.5384 2005 197 -1.0700 -0.0700 -7.4700 49.43 47.77 51.33 -0.0000 -0.0000 0.0000 40.4418 -124.3963
2005.5411 2005 198 1.4400 -0.9800 -0.4200 49.51 47.09 51.62 -0.0000 -0.0000 0.0000 40.4418 -124.3963
2005.5438 2005 199 2.6800 -0.2900 -2.9500 49.87 47.05 52.09 -0.0000 -0.0000 0.0000 40.4418 -124.3963
2005.5466 2005 200 3.6900 0.4700 1.6200 50.05 46.77 52.26 0.0000 -0.0000 0.0000 40.4418 -124.3963
2005.5493 2005 201 1.8700 -0.4300 1.1900 50.23 46.60 52.68 0.0000 -0.0000 0.0000 40.4418 -124.3963
2005.5521 2005 202 0.7700 -2.2700 0.4000 49.74 46.74 52.30 -0.0000 -0.0000 0.0000 40.4418 -124.3963
2005.5548 2005 203 2.6500 -0.2700 -4.1600 49.39 47.00 52.00 -0.0000 -0.0000 0.0000 40.4418 -124.3963
2005.5575 2005 204 -2.0800 1.6700 -9.5100 49.73 46.98 52.00 -0.0000 -0.0000 0.0000 40.4418 -124.3963
2005.5603 2005 205 -3.0100 -0.5800 -2.0500 50.45 46.54 52.46 0.0000 -0.0000 0.0000 40.4418 -124.3963
2005.5630 2005 206 -2.4900 -0.1100 -2.6400 50.50 46.58 52.54 0.0000 -0.0000 0.0000 40.4418 -124.3963
2005.5658 2005 207 -0.1100 -0.8600 6.5400 50.45 46.93 52.55 0.0000 -0.0000 0.0000 40.4418 -124.3963
2005.5685 2005 208 2.4700 -1.1600 0.3300 50.60 47.10 52.55 0.0000 -0.0000 0.0000 40.4418 -124.3963
2005.5712 2005 209 0.7800 -0.6800 -1.9300 50.39 47.29 52.21 0.0000 -0.0000 0.0000 40.4418 -124.3963
2005.5740 2005 210 1.1300 -1.2100 0.9200 50.31 47.45 52.28 0.0000 -0.0000 0.0000 40.4418 -124.3963
2005.5767 2005 211 0.1300 -1.3900 2.9500 49.75 47.56 51.81 -0.0000 -0.0000 0.0000 40.4418 -124.3963
2005.5795 2005 212 -2.9000 -1.3100 -3.3600 49.48 47.95 51.45 -0.0000 -0.0000 0.0000 40.4418 -124.3963
2005.5822 2005 213 -2.1000 -0.4900 -6.4800 49.37 48.77 51.18 -0.0000 -0.0000 0.0000 40.4418 -124.3963
2005.5849 2005 214 -1.8000 -0.1700 0.8900 48.63 48.94 51.05 -0.0000 -0.0000 0.0000 40.4418 -124.3963
2005.5877 2005 215 0.2600 0.0300 -0.5400 48.55 48.63 51.22 -0.0000 -0.0000 0.0000 40.4418 -124.3963
2005.5904 2005 216 1.2900 0.6600 1.3100 48.88 49.07 50.85 -0.0000 -0.0000 0.0000 40.4418 -124.3963
2005.5932 2005 217 1.3200 0.1300 4.0800 49.28 49.13 50.67 -0.0000 -0.0000 0.0000 40.4418 -124.3963
2005.5959 2005 218 0.0700 0.4900 -6.0500 49.27 49.67 49.90 -0.0000 -0.0000 -0.0000 40.4418 -124.3963
2005.5986 2005 219 -0.6100 -0.4100 -6.3000 48.75 50.41 49.64 -0.0000 0.0000 -0.0000 40.4418 -124.3963
2005.6014 2005 220 1.2600 -0.0800 -0.6500 48.54 50.47 49.36 -0.0000 0.0000 -0.0000 40.4418 -124.3963
2005.6041 2005 221 -1.0500 0.3300 -10.5000 48.72 50.55 49.16 -0.0000 0.0000 -0.0000 40.4418 -124.3963
2005.6068 2005 222 -0.2200 0.2100 -3.5100 48.91 50.82 48.90 -0.0000 0.0000 -0.0000 40.4418 -124.3963
2005.6096 2005 223 -0.5000 0.5000 2.8600 49.42 51.04 48.86 -0.0000 0.0000 -0.0000 40.4418 -124.3963
2005.6123 2005 224 -2.0500 -0.6100 -1.4900 49.77 51.02 49.09 -0.0000 0.0000 -0.0000 40.4418 -124.3963
2005.6151 2005 225 -2.6100 0.2000 -6.5100 49.74 50.98 48.91 -0.0000 0.0000 -0.0000 40.4418 -124.3963
2005.6178 2005 226 0.7800 0.2400 -6.4000 49.08 51.28 48.57 -0.0000 0.0000 -0.0000 40.4418 -124.3963
2005.6205 2005 227 1.9400 -0.6700 -8.3800 49.14 50.98 48.49 -0.0000 0.0000 -0.0000 40.4418 -124.3963
2005.6233 2005 228 0.9700 0.0400 -7.6700 49.15 50.99 48.13 -0.0000 0.0000 -0.0000 40.4418 -124.3963
2005.6260 2005 229 -1.6300 0.9100 -3.0000 49.20 50.87 48.19 -0.0000 0.0000 -0.0000 40.4418 -124.3963
2005.6288 2005 230 -1.3900 -0.5100 -5.9700 49.38 50.79 48.40 -0.0000 0.0000 -0.0000 40.4418 -124.3963
2005.6315 2005 231 2.5100 -1.7500 -4.0900 49.30 50.67 48.35 -0.0000 0.0000 -0.0000 40.4418 -124.3963
2005.6342 2005 232 1.5000 -1.0400 -1.3300 49.50 50.23 49.14 -0.0000 0.0000 -0.0000 40.4418 -124.3963
2005.6370 2005 233 -0.8500 -0.4400 -8.9300 49.56 50.04 49.58 -0.0000 0.0000 -0.0000 40.4418 -124.3963
2005.6397 2005 234 -1.0200 0.0600 -5.1200 49.69 49.49 49.48 -0.0000 -0.0000 -0.0000 40.4418 -124.3963
2005.6425 2005 235 -2.4400 -0.8000 -1.3800 50.08 49.71 49.32 0.0000 -0.0000 -0.0000 40.4418 -124.3963
2005.6452 2005 236 -3.9500 -0.0600 -5.5800 50.22 50.00 49.17 0.0000 0.0000 -0.0000 40.4418 -124.3963
2005.6479 2005 237 2.7300 -1.4400 3.1900 49.78 49.76 49.42 -0.0000 -0.0000 -0.0000 40.4418 -124.3963
2005.6507 2005 238 0.6400 0.6300 -3.7600 49.31 49.93 49.74 -0.0000 -0.0000 -0.0000 40.4418 -124.3963
2005.6534 2005 239 2.1600 0.1700 -2.3400 49.08 49.65 50.33 -0.0000 -0.0000 0.0000 40.4418 -124.3963
2005.6562 2005 240 -0.2000 -0.4100 -4.9400 49.51 49.16 50.36 -0.0000 -0.0000 0.0000 40.4418 -124.3963
2005.6589 2005 241 -1.8400 -0.6600 -0.1300 49.86 49.22 50.45 -0.0000 -0.0000 0.0000 40.4418 -124.3963
2005.6616 2005 242 -3.4300 -3.2300 7.3700 49.57 49.55 50.58 -0.0000 -0.0000 0.0000 40.4418 -124.3963
2005.6644 2005 243 -1.8900 -0.5400 7.5200 49.34 49.53 50.71 -0.0000 -0.0000 0.0000 40.4418 -124.3963
2005.6671 2005 244 0.0200 -0.1700 1.4100 49.34 49.67 50.98 -0.0000 -0.0000 0.0000 40.4418 -124.3963
2005.6699 2005 245 -1.7200 0.7200 -4.8500 49.37 49.59 50.97 -0.0000 -0.0000 0.0000 40.4418 -124.3963
2005.6726 2005 246 -0.9700 0.2200 -9.5100 49.53 49.79 50.81 -0.0000 -0.0000 0.0000 40.4418 -124.3963
2005.6753 2005 247 -1.2000 -0.1200 -0.6700 50.12 49.76 50.95 0.0000 -0.0000 0.0000 40.4418 -124.3963
2005.6781 2005 248 0.2300 -0.3500 -1.8100 49.69 50.32 50.52 -0.0000 0.0000 0.0000 40.4418 -124.3963
2005.6808 2005 249 -1.2000 -0.5500 0.2600 49.68 50.22 50.62 -0.0000 0.0000 0.0000 40.4418 -124.3963
2005.6836 2005 250 -0.4100 0.6900 -5.2800 49.25 50.25 50.39 -0.0000 0.0000 0.0000 40.4418 -124.3963
2005.6863 2005 251 1.0100 0.2500 -6.5800 49.07 50.35 50.34 -0.0000 0.0000 0.0000 40.4418 -124.3963
2005.6890 2005 252 -0.0400 0.0000 -4.4600 49.43 50.47 50.27 -0.0000 0.0000 0.0000 40.4418 -124.3963
2005.6918 2005 253 -0.3200 -0.7400 -0.9000 49.94 51.39 49.44 -0.0000 0.0000 -0.0000 40.4418 -124.3963
2005.6945 2005 254 1.5000 2.0700 -4.5100 50.18 51.55 48.75 0.0000 0.0000 -0.0000 40.4418 -124.3963
2005.6973 2005 255 0.7500 0.2400 -4.3600 49.79 51.66 48.51 -0.0000 0.0000 -0.0000 40.4418 -124.3963
2005.7000 2005 256 -0.9200 -0.0100 -9.4300 49.83 51.28 48.65 -0.0000 0.0000 -0.0000 40.4418 -124.3963
2005.7027 2005 257 -0.5200 -0.4300 -5.5700 49.53 51.06 49.18 -0.0000 0.0000 -0.0000 40.4418 -124.3963
2005.7055 2005 258 -1.0100 0.3800 -10.0400 49.69 51.13 49.20 -0.0000 0.0000 -0.0000 40.4418 -124.3963
2005.7082 2005 259 0.0000 0.4700 -6.4700 49.75 51.02 49.00 -0.0000 0.0000 -0.0000 40.4418 -124.3963
2005.7110 2005 260 -0.8900 0.0000 -6.8000 50.01 51.13 48.66 0.0000 0.0000 -0.0000 40.4418 -124.3963
2005.7137 2005 261 -1.7200 0.3700 -5.4300 49.91 51.31 48.97 -0.0000 0.0000 -0.0000 40.4418 -124.3963
2005.7164 2005 262 -0.1900 -0.3800 -1.9900 49.34 51.23 49.30 -0.0000 0.0000 -0.0000 40.4418 -124.3963
2005.7192 2005 263 -0.1400 -0.2400 -2.6400 49.11 51.08 49.16 -0.0000 0.0000 -0.0000 40.4418 -124.3963
2005.7219 2005 264 -0.7000 -0.1500 -3.0900 49.20 51.12 49.05 -0.0000 0.0000 -0.0000 40.4418 -124.3963
2005.7247 2005 265 -3.2000 0.0400 -6.4300 48.94 50.29 49.00 -0.0000 0.0000 -0.0000 40.4418 -124.3963
2005.7274 2005 266 -1.1400 -0.5000 -3.5800 48.72 50.15 48.94 -0.0000 0.0000 -0.0000 40.4418 -124.3963
2005.7301 2005 267 -2.9900 -0.9500 2.2400 48.48 50.05 49.46 -0.0000 0.0000 -0.0000 40.4418 -124.3963
2005.7329 2005 268 -0.8800 0.0500 3.3300 48.25 50.21 49.55 -0.0000 0.0000 -0.0000 40.4418 -124.3963
2005.7356 2005 269 -0.2500 -0.7700 -2.6500 48.63 49.63 50.07 -0.0000 -0.0000 0.0000 40.4418 -124.3963
2005.7384 2005 270 -0.0200 -0.3100 -3.1300 48.41 49.36 50.22 -0.0000 -0.0000 0.0000 40.4418 -124.3963
2005.7411 2005 271 -0.5200 1.6500 0.9000 48.48 49.30 50.66 -0.0000 -0.0000 0.0000 40.4418 -124.3963
2005.7438 2005 272 -3.2100 0.3400 0.8800 48.57 49.31 50.69 -0.0000 -0.0000 0.0000 40.4418 -124.3963
2005.7466 2005 273 -4.0600 0.5700 -8.6100 48.24 49.37 50.92 -0.0000 -0.0000 0.0000 40.4418 -124.3963
2005.7493 2005 274 -0.7300 -0.2400 -3.6600 47.48 48.98 51.35 -0.0000 -0.0000 0.0000 40.4418 -124.3963
2005.7521 2005 275 0.4800 -0.9900 -2.5500 47.06 48.80 51.65 -0.0000 -0.0000 0.0000 40.4418 -124.3963
2005.7548 2005 276 -0.3600 -0.3800 -5.6300 47.53 48.78 52.17 -0.0000 -0.0000 0.0000 40.4418 -124.3963
2005.7575 2005 277 -2.3600 -0.0800 -1.2500 47.62 49.21 52.16 -0.0000 -0.0000 0.0000 40.4418 -124.3963
2005.7603 2005 278 -0.4000 0.1800 -3.0100 48.01 49.40 51.68 -0.0000 -0.0000 0.0000 40.4418 -124.3963
2005.7630 2005 279 -0.4000 -1.6600 -6.5900 47.73 49.04 51.47 -0.0000 -0.0000 0.0000 40.4418 -124.3963
2005.7658 2005 280 -3.4800 -1.1900 -4.6800 47.69 49.17 51.66 -0.0000 -0.0000 0.0000 40.4418 -124.3963
2005.7685 2005 281 -3.6000 -0.5100 1.6400 47.65 48.89 51.94 -0.0000 -0.0000 0.0000 40.4418 -124.3963
2005.7712 2005 282 -2.3800 1.1300 -5.2200 47.62 48.32 51.67 -0.0000 -0.0000 0.0000 40.4418 -124.3963
2005.7740 2005 283 -2.1800 0.2100 3.6100 48.22 48.21 51.35 -0.0000 -0.0000 0.0000 40.4418 -124.3963
2005.7767 2005 284 -5.4500 0.1500 0.1400 48.63 47.93 51.68 -0.0000 -0.0000 0.0000 40.4418 -124.3963
2005.7795 2005 285 -4.4400 -0.8800 -5.6100 48.56 47.83 51.81 -0.0000 -0.0000 0.0000 40.4418 -124.3963
2005.7822 2005 286 -1.7400 0.1500 2.7000 48.54 48.45 51.80 -0.0000 -0.0000 0.0000 40.4418 -124.3963
2005.7849 2005 287 0.9400 1.0000 -2.3500 48.46 48.39 51.78 -0.0000 -0.0000 0.0000 40.4418 -124.3963
2005.7877 2005 288 -0.5400 -1.2400 0.7100 48.65 48.26 51.25 -0.0000 -0.0000 0.0000 40.4418 -124.3963
2005.7904 2005 289 -4.4100 -2.6000 2.1900 48.54 48.10 51.15 -0.0000 -0.0000 0.0000 40.4418 -124.3963
2005.7932 2005 290 -1.4700 -0.2600 2.6500 48.54 48.51 51.15 -0.0000 -0.0000 0.0000 40.4418 -124.3963
2005.7959 2005 291 1.3200 -2.6400 2.1500 49.03 48.75 51.26 -0.0000 -0.0000 0.0000 40.4418 -124.3963
2005.7986 2005 292 -1.2900 -2.1200 0.4300 49.42 48.80 50.92 -0.0000 -0.0000 0.0000 40.4418 -124.3963
2005.8014 2005 293 -0.2700 -0.6000 0.6600 49.53 48.51 51.04 -0.0000 -0.0000 0.0000 40.4418 -124.3963
2005.8041 2005 294 -3.9200 -1.2200 -3.1400 49.75 48.31 50.63 -0.0000 -0.0000 0.0000 40.4418 -124.3963
2005.8068 2005 295 -2.4900 -0.4500 -2.8000 50.49 48.16 50.42 0.0000 -0.0000 0.0000 40.4418 -124.3963
2005.8096 2005 296 -1.5000 -0.1500 -0.5500 50.97 48.24 50.54 0.0000 -0.0000 0.0000 40.4418 -124.3963
2005.8123 2005 297 -3.4600 -2.1300 -7.6100 51.00 47.97 49.88 0.0000 -0.0000 -0.0000 40.4418 -124.3963
2005.8151 2005 298 -1.3100 -1.4800 -8.5200 50.70 47.58 49.76 0.0000 -0.0000 -0.0000 40.4418 -124.3963
2005.8178 2005 299 -1.9700 -0.2500 -3.0300 50.46 47.43 49.60 0.0000 -0.0000 -0.0000 40.4418 -124.3963
2005.8205 2005 300 0.5000 -1.2400 -2.2300 51.01 47.88 49.70 0.0000 -0.0000 -0.0000 40.4418 -124.3963
2005.8233 2005 301 0.0500 -1.6300 1.1100 51.14 47.63 49.32 0.0000 -0.0000 -0.0000 40.4418 -124.3963
2005.8260 2005 302 -0.8900 -0.8500 0.4700 50.65 47.87 49.21 0.0000 -0.0000 -0.0000 40.4418 -124.3963
2005.8288 2005 303 -1.3900 -0.5200 -1.7100 50.51 48.45 49.07 0.0000 -0.0000 -0.0000 40.4418 -124.3963
2005.8315 2005 304 -1.3200 -0.7500 -2.0100 50.15 48.43 49.05 0.0000 -0.0000 -0.0000 40.4418 -124.3963
2005.8342 2005 305 -0.2100 -0.6400 -2.9700 50.35 48.53 48.93 0.0000 -0.0000 -0.0000 40.4418 -124.3963
2005.8370 2005 306 -1.3000 -1.1200 -4.4100 50.63 48.60 49.04 0.0000 -0.0000 -0.0000 40.4418 -124.3963
2005.8397 2005 307 0.5000 -2.1500 -4.8800 50.77 48.43 48.98 0.0000 -0.0000 -0.0000 40.4418 -124.3963
2005.8425 2005 308 -1.3800 -0.6800 -3.7800 51.15 48.79 49.25 0.0000 -0.0000 -0.0000 40.4418 -124.3963
2005.8452 2005 309 -1.3600 -2.9600 -2.3400 50.67 48.96 49.98 0.0000 -0.0000 -0.0000 40.4418 -124.3963
2005.8479 2005 310 -0.3500 -1.3400 3.4100 50.86 48.94 50.16 0.0000 -0.0000 0.0000 40.4418 -124.3963
2005.8507 2005 311 -0.8900 -1.9200 -1.8700 50.65 48.95 49.95 0.0000 -0.0000 -0.0000 40.4418 -124.3963
2005.8534 2005 312 -3.7400 -2.6600 3.0500 50.34 49.12 49.80 0.0000 -0.0000 -0.0000 40.4418 -124.3963
2005.8562 2005 313 -3.3900 -0.7000 -3.1000 50.14 49.27 49.83 0.0000 -0.0000 -0.0000 40.4418 -124.3963
2005.8589 2005 314 -2.2400 -1.5900 0.0500 50.07 49.39 49.62 0.0000 -0.0000 -0.0000 40.4418 -124.3963
2005.8616 2005 315 -1.9100 -2.0200 -1.9300 50.12 49.50 49.75 0.0000 -0.0000 -0.0000 40.4418 -124.3963
2005.8644 2005 316 -0.7400 -0.0600 0.5000 49.74 49.47 49.99 -0.0000 -0.0000 -0.0000 40.4418 -124.3963
2005.8671 2005 317 -1.3200 -0.8000 -0.3500 49.38 49.54 49.98 -0.0000 -0.0000 -0.0000 40.4418 -124.3963
2005.8699 2005 318 -1.5900 -0.6500 -3.0900 49.12 50.09 50.39 -0.0000 0.0000 0.0000 40.4418 -124.3963
2005.8726 2005 319 -5.3900 -1.3000 3.3800 49.36 50.22 50.49 -0.0000 0.0000 0.0000 40.4418 -124.3963
2005.8753 2005 320 -0.8600 -0.7000 1.2700 49.37 50.77 50.61 -0.0000 0.0000 0.0000 40.4418 -124.3963
2005.8781 2005 321 -1.1700 -0.9100 -4.0100 48.95 50.91 50.22 -0.0000 0.0000 0.0000 40.4418 -124.3963
2005.8808 2005 322 -0.9600 -0.6700 1.9000 49.02 51.26 50.19 -0.0000 0.0000 0.0000 40.4418 -124.3963
2005.8836 2005 323 -1.3100 -0.0200 0.0400 49.83 51.65 49.83 -0.0000 0.0000 -0.0000 40.4418 -124.3963
2005.8863 2005 324 -1.5100 -0.9400 -3.8000 50.33 51.61 50.07 0.0000 0.0000 0.0000 40.4418 -124.3963
2005.8890 2005 325 -0.2100 -0.7300 -4.8600 50.79 51.54 50.17 0.0000 0.0000 0.0000 40.4418 -124.3963
2005.8918 2005 326 -0.7200 -1.5000 0.0500 50.64 51.79 49.83 0.0000 0.0000 -0.0000 40.4418 -124.3963
2005.8945 2005 327 -3.0100 -0.8200 -3.1500 50.30 51.59 49.48 0.0000 0.0000 -0.0000 40.4418 -124.3963
2005.8973 2005 328 -0.8100 0.1600 -5.3100 50.22 51.74 49.46 0.0000 0.0000 -0.0000 40.4418 -124.3963
2005.9000 2005 329 -0.4900 -1.1300 -3.4700 50.08 51.60 49.35 0.0000 0.0000 -0.0000 40.4418 -124.3963
2005.9027 2005 330 -1.8200 -0.3900 -4.5900 51.01 51.75 48.80 0.0000 0.0000 -0.0000 40.4418 -124.3963
2005.9055 2005 331 -1.5700 0.5800 -5.6400 50.80 51.86 48.37 0.0000 0.0000 -0.0000 40.4418 -124.3963
2005.9082 2005 332 0.4400 -0.8000 -9.3400 50.75 51.66 48.51 0.0000 0.0000 -0.0000 40.4418 -124.3963
2005.9110 2005 333 0.1900 0.1800 -5.7700 50.78 51.56 48.31 0.0000 0.0000 -0.0000 40.4418 -124.3963
2005.9137 2005 334 -0.2800 0.1400 -0.5400 50.80 51.38 48.42 0.0000 0.0000 -0.0000 40.4418 -124.3963
2005.9164 2005 335 0.6100 -3.0100 1.8500 50.68 51.45 48.59 0.0000 0.0000 -0.0000 40.4418 -124.3963
2005.9192 2005 336 -1.3700 -0.7800 -10.7600 50.42 51.50 48.77 0.0000 0.0000 -0.0000 40.4418 -124.3963
2005.9219 2005 337 -2.4000 -1.2200 -6.3500 50.40 51.68 48.61 0.0000 0.0000 -0.0000 40.4418 -124.3963
2005.9247 2005 338 -1.9300 -0.2600 -0.8200 50.64 51.66 48.64 0.0000 0.0000 -0.0000 40.4418 -124.3963
2005.9274 2005 339 -0.9500 -0.2800 0.1500 50.66 51.21 48.75 0.0000 0.0000 -0.0000 40.4418 -124.3963
2005.9301 2005 340 -0.5500 -0.0700 1.2900 50.53 51.28 48.76 0.0000 0.0000 -0.0000 40.4418 -124.3963
2005.9329 2005 341 -1.7700 -0.3200 -6.6400 50.67 50.91 48.82 0.0000 0.0000 -0.0000 40.4418 -124.3963
2005.9356 2005 342 -2.9000 -2.1000 -1.7400 50.92 50.26 48.97 0.0000 0.0000 -0.0000 40.4418 -124.3963
2005.9384 2005 343 -1.6300 -0.4200 -3.4300 51.03 49.71 49.18 0.0000 -0.0000 -0.0000 40.4418 -124.3963
2005.9411 2005 344 -1.4400 -0.5500 3.2300 50.94 49.29 49.46 0.0000 -0.0000 -0.0000 40.4418 -124.3963
2005.9438 2005 345 -2.7100 -0.8400 -0.8500 50.85 48.82 49.27 0.0000 -0.0000 -0.0000 40.4418 -124.3963
2005.9466 2005 346 -1.6400 -0.3000 -2.2200 50.51 48.95 49.06 0.0000 -0.0000 -0.0000 40.4418 -124.3963
2005.9493 2005 347 -1.3000 -0.9300 -1.8700 50.39 48.59 49.42 0.0000 -0.0000 -0.0000 40.4418 -124.3963
2005.9521 2005 348 -2.3300 -0.6900 -0.6800 50.90 48.85 49.55 0.0000 -0.0000 -0.0000 40.4418 -124.3963
2005.9548 2005 349 -1.6100 -1.0700 -2.5100 51.30 48.82 49.04 0.0000 -0.0000 -0.0000 40.4418 -124.3963
2005.9575 2005 350 -0.8700 -1.0300 -2.7500 51.36 48.70 48.75 0.0000 -0.0000 -0.0000 40.4418 -124.3963
2005.9603 2005 351 -1.0500 -0.4800 -5.1700 50.82 48.12 48.54 0.0000 -0.0000 -0.0000 40.4418 -124.3963
2005.9630 2005 352 -0.6000 -2.0800 -10.7900 51.27 47.82 49.00 0.0000 -0.0000 -0.0000 40.4418 -124.3963
2005.9658 2005 353 2.2900 -3.8200 -11.1600 51.70 48.05 48.74 0.0000 -0.0000 -0.0000 40.4418 -124.3963
2005.9685 2005 354 2.6200 -0.0800 -7.1500 52.13 47.68 48.88 0.0000 -0.0000 -0.0000 40.4418 -124.3963
2005.9712 2005 355 1.5400 -3.2900 -3.6100 52.24 47.53 48.75 0.0000 -0.0000 -0.0000 40.4418 -124.3963
2005.9740 2005 356 0.2200 -3.5200 -2.4000 52.70 47.31 48.35 0.0000 -0.0000 -0.0000 40.4418 -124.3963
2005.9767 2005 357 -1.9900 -2.4900 -8.4800 52.92 47.06 48.36 0.0000 -0.0000 -0.0000 40.4418 -124.3963
2005.9795 2005 358 0.9200 -0.2900 -8.5200 53.25 46.92 48.34 0.0000 -0.0000 -0.0000 40.4418 -124.3963
2005.9822 2005 359 1.1900 0.1300 -14.3600 53.30 46.93 48.30 0.0000 -0.0000 -0.0000 40.4418 -124.3963
2005.9849 2005 360 0.1500 -0.9900 -5.4600 53.63 47.26 48.21 0.0000 -0.0000 -0.0000 40.4418 -124.3963
2005.9877 2005 361 -0.7800 -4.4100 -6.8800 53.77 47.39 48.34 0.0000 -0.0000 -0.0000 40.4418 -124.3963
2005.9904 2005 362 1.5400 -3.0500 -0.2300 53.64 47.24 48.53 0.0000 -0.0000 -0.0000 40.4418 -124.3963
2005.9932 2005 363 -0.6000 -1.1900 -7.6000 53.61 47.65 48.99 0.0000 -0.0000 -0.0000 40.4418 -124.3963
2005.9959 2005 364 2.3200 -4.4900 -4.1100 53.19 48.21 49.29 0.0000 -0.0000 -0.0000 40.4418 -124.3963
2005.9986 2005 365 -0.3100 -3.1800 2.1300 52.76 48.21 49.54 0.0000 -0.0000 -0.0000 40.4418 -124.3963
2006.0014 2006 1 1.3100 -3.3500 -11.5500 52.50 48.55 49.67 0.0000 -0.0000 -0.0000 40.4418 -124.3963
2006.0041 2006 2 -0.7900 -2.6600 1.0900 52.45 48.60 49.91 0.0000 -0.0000 -0.0000 40.4418 -124.3963
2006.0068 2006 3 2.3200 -1.8000 -5.1400 52.68 48.78 49.87 0.0000 -0.0000 -0.0000 40.4418 -124.3963
2006.0096 2006 4 -0.4200 -0.3700 0.8600 52.14 48.52 50.11 0.0000 -0.0000 0.0000 40.4418 -124.3963
2006.0123 2006 5 1.7900 1.1800 -2.2500 51.66 48.40 50.87 0.0000 -0.0000 0.0000 40.4418 -124.3963
2006.0151 2006 6 0.5900 0.9100 4.5300 51.41 48.23 51.21 0.0000 -0.0000 0.0000 40.4418 -124.3963
2006.0178 2006 7 -1.5300 -2.9200 2.5900 51.43 48.81 51.60 0.0000 -0.0000 0.0000 40.4418 -124.3963
2006.0205 2006 8 1.1600 -1.2800 2.9100 50.95 49.05 51.43 0.0000 -0.0000 0.0000 40.4418 -124.3963
2006.0233 2006 9 -0.8900 -1.6300 -0.3800 50.69 48.96 51.71 0.0000 -0.0000 0.0000 40.4418 -124.3963
2006.0260 2006 10 0.3900 -0.5400 2.4700 50.11 49.55 51.77 0.0000 -0.0000 0.0000 40.4418 -124.3963
2006.0288 2006 11 0.9100 -3.2100 -2.3000 49.98 49.95 51.69 -0.0000 -0.0000 0.0000 40.4418 -124.3963
2006.0315 2006 12 -1.4100 -3.6400 2.0500 49.42 50.42 52.28 -0.0000 0.0000 0.0000 40.4418 -124.3963
2006.0342 2006 13 0.8000 -2.8500 -6.1700 49.37 50.72 52.14 -0.0000 0.0000 0.0000 40.4418 -124.3963
2006.0370 2006 14 -2.4300 -2.2700 -1.0800 48.81 50.83 52.46 -0.0000 0.0000 0.0000 40.4418 -124.3963
2006.0397 2006 15 -1.3300 -0.7700 -2.8800 48.67 50.70 52.40 -0.0000 0.0000 0.0000 40.4418 -124.3963
2006.0425 2006 16 -2.1500 -4.4300 1.4600 48.18 50.24 52.24 -0.0000 0.0000 0.0000 40.4418 -124.3963
2006.0452 2006 17 -0.8900 -2.0900 -1.4800 47.67 49.92 51.58 -0.0000 -0.0000 0.0000 40.4418 -124.3963
2006.0479 2006 18 -0.9300 -3.2000 2.1900 47.68 50.03 51.22 -0.0000 0.0000 0.0000 40.4418 -124.3963
2006.0507 2006 19 -1.1400 -1.3100 -4.1400 47.26 49.89 50.80 -0.0000 -0.0000 0.0000 40.4418 -124.3963
2006.0534 2006 20 -1.0900 -1.5100 -2.2000 47.44 49.76 50.48 -0.0000 -0.0000 0.0000 40.4418 -124.3963
2006.0562 2006 21 -0.8400 -1.1300 -2.8100 47.43 49.78 50.01 -0.0000 -0.0000 0.0000 40.4418 -124.3963
2006.0589 2006 22 -1.8600 -0.2100 -1.0300 47.26 49.78 49.82 -0.0000 -0.0000 -0.0000 40.4418 -124.3963
2006.0616 2006 23 -0.5500 -1.3700 -0.8100 47.49 50.02 49.66 -0.0000 0.0000 -0.0000 40.4418 -124.3963
2006.0644 2006 24 -1.3400 -1.2800 2.1500 46.95 50.16 49.58 -0.0000 0.0000 -0.0000 40.4418 -124.3963
2006.0671 2006 25 -0.4700 -1.5900 0.3600 47.34 50.38 49.39 -0.0000 0.0000 -0.0000 40.4418 -124.3963
2006.0699 2006 26 -1.1600 -1.9400 -7.1900 47.41 50.46 49.11 -0.0000 0.0000 -0.0000 40.4418 -124.3963
2006.0726 2006 27 -4.2300 -0.9900 -10.1800 47.50 51.04 48.94 -0.0000 0.0000 -0.0000 40.4418 -124.3963
2006.0753 2006 28 -1.8300 -3.5300 -3.4600 47.27 50.95 48.86 -0.0000 0.0000 -0.0000 40.4418 -124.3963
2006.0781 2006 29 -2.3000 -2.1200 -0.7000 46.94 51.20 48.77 -0.0000 0.0000 -0.0000 40.4418 -124.3963
2006.0808 2006 30 -1.0100 -1.3700 -3.0200 46.86 51.22 48.89 -0.0000 0.0000 -0.0000 40.4418 -124.3963
2006.0836 2006 31 -0.9900 -0.7000 -5.7200 46.97 50.83 48.96 -0.0000 0.0000 -0.0000 40.4418 -124.3963
2006.0863 2006 32 -1.0900 -3.2100 -7.3200 46.87 50.60 49.12 -0.0000 0.0000 -0.0000 40.4418 -124.3963
2006.0890 2006 33 -0.1500 -1.0500 0.1300 46.63 50.09 48.72 -0.0000 0.0000 -0.0000 40.4418 -124.3963
2006.0918 2006 34 -2.8100 -1.6600 -7.1900 46.07 50.07 48.85 -0.0000 0.0000 -0.0000 40.4418 -124.3963
2006.0945 2006 35 -0.6500 -1.6600 -2.6100 46.15 50.03 48.38 -0.0000 0.0000 -0.0000 40.4418 -124.3963
2006.0973 2006 36 -1.9400 -0.6400 -4.0100 45.93 50.27 48.27 -0.0000 0.0000 -0.0000 40.4418 -124.3963
2006.1000 2006 37 -2.5400 -1.3900 0.7900 46.15 50.75 48.49 -0.0000 0.0000 -0.0000 40.4418 -124.3963
2006.1027 2006 38 -2.9500 -1.3600 -0.4500 46.70 50.97 49.29 -0.0000 0.0000 -0.0000 40.4418 -124.3963
2006.1055 2006 39 -5.6100 -1.2900 1.0100 46.64 51.45 49.49 -0.0000 0.0000 -0.0000 40.4418 -124.3963
2006.1082 2006 40 -2.3600 -1.2400 1.3200 46.87 51.83 49.42 -0.0000 0.0000 -0.0000 40.4418 -124.3963
2006.1110 2006 41 -2.3300 -2.5600 0.6300 46.67 51.94 49.57 -0.0000 0.0000 -0.0000 40.4418 -124.3963
2006.1137 2006 42 -2.4000 -1.5900 -1.5100 46.66 51.99 50.11 -0.0000 0.0000 0.0000 40.4418 -124.3963
2006.1164 2006 43 -8.0000 -2.0500 -4.2100 46.53 52.10 50.77 -0.0000 0.0000 0.0000 40.4418 -124.3963
2006.1192 2006 44 -7.3700 -0.7200 1.1100 45.95 51.73 51.04 -0.0000 0.0000 0.0000 40.4418 -124.3963
2006.1219 2006 45 -4.2800 -1.2400 -5.1100 46.12 51.86 51.26 -0.0000 0.0000 0.0000 40.4418 -124.3963
2006.1247 2006 46 -3.5000 -0.5000 -3.5700 45.84 51.83 51.53 -0.0000 0.0000 0.0000 40.4418 -124.3963
2006.1274 2006 47 -1.8400 -0.4400 -5.5000 46.12 52.05 51.54 -0.0000 0.0000 0.0000 40.4418 -124.3963
2006.1301 2006 48 -2.4700 -0.6800 -1.3100 46.34 51.26 51.46 -0.0000 0.0000 0.0000 40.4418 -124.3963
2006.1329 2006 49 -2.7500 -0.7400 -3.3900 46.80 51.19 51.45 -0.0000 0.0000 0.0000 40.4418 -124.3963
2006.1356 2006 50 -3.3900 -0.2600 -5.4900 47.60 51.11 51.31 -0.0000 0.0000 0.0000 40.4418 -124.3963
2006.1384 2006 51 -3.4700 -0.5500 -1.3400 48.15 51.20 51.34 -0.0000 0.0000 0.0000 40.4418 -124.3963
2006.1411 2006 52 -2.7100 -0.4600 2.2400 NaN NaN NaN 0.0000 0.0000 0.0000 40.4418 -124.3963
2006.1438 2006 53 -5.4100 -2.6000 7.4300 NaN NaN NaN 0.0000 0.0000 0.0000 40.4418 -124.3963
2006.1466 2006 54 -5.7900 -1.7400 5.7800 NaN NaN NaN 0.0000 0.0000 0.0000 40.4418 -124.3963
2006.1493 2006 55 -5.3700 -0.4100 -2.0300 NaN NaN NaN 0.0000 0.0000 0.0000 40.4418 -124.3963
2006.1521 2006 56 -1.6200 -1.4800 3.5400 NaN NaN NaN 0.0000 0.0000 0.0000 40.4418 -124.3963
2006.1548 2006 57 0.7800 0.8400 -4.8800 NaN NaN NaN 0.0000 0.0000 0.0000 40.4418 -124.3963
2006.1575 2006 58 -0.2800 -5.4000 -2.0800 NaN NaN NaN 0.0000 0.0000 0.0000 40.4418 -124.3963
2006.1603 2006 59 -0.0200 -1.1600 0.2000 NaN NaN NaN 0.0000 0.0000 0.0000 40.4418 -124.3963
2006.1630 2006 60 -1.4900 0.4800 -4.6700 NaN NaN NaN 0.0000 0.0000 0.0000 40.4418 -124.3963
2006.1658 2006 61 3.3500 -0.0700 9.9400 NaN NaN NaN 0.0000 0.0000 0.0000 40.4418 -124.3963
2006.2890 2006 106 2.1800 1.3000 -7.5600 48.91 49.20 50.29 -0.0000 -0.0000 0.0000 40.4418 -124.3963
2006.2918 2006 107 1.5800 1.4200 -5.0100 48.68 49.70 50.12 -0.0000 -0.0000 0.0000 40.4418 -124.3963
2006.2945 2006 108 0.6300 2.9600 -2.2100 48.95 50.01 49.84 -0.0000 0.0000 -0.0000 40.4418 -124.3963
2006.2973 2006 109 0.3600 1.5300 -0.5700 48.84 49.97 49.96 -0.0000 -0.0000 -0.0000 40.4418 -124.3963
2006.3000 2006 110 -0.1200 0.7000 -3.5500 48.53 50.22 49.79 -0.0000 0.0000 -0.0000 40.4418 -124.3963
2006.3027 2006 111 -0.8900 -0.1600 1.9900 48.22 50.31 50.27 -0.0000 0.0000 0.0000 40.4418 -124.3963
2006.3055 2006 112 -0.1500 2.1900 -1.4700 47.86 50.59 51.07 -0.0000 0.0000 0.0000 40.4418 -124.3963
2006.3082 2006 113 3.7300 1.4800 -0.7200 47.41 50.52 50.91 -0.0000 0.0000 0.0000 40.4418 -124.3963
2006.3110 2006 114 3.6000 0.7800 0.5900 47.75 50.97 50.86 -0.0000 0.0000 0.0000 40.4418 -124.3963
2006.3137 2006 115 1.2500 1.0800 -1.4200 48.08 51.29 50.51 -0.0000 0.0000 0.0000 40.4418 -124.3963
2006.3164 2006 116 -3.5800 1.3700 0.0800 47.76 51.28 49.91 -0.0000 0.0000 -0.0000 40.4418 -124.3963
2006.3192 2006 117 -3.1500 1.6600 3.6300 47.58 51.46 50.30 -0.0000 0.0000 0.0000 40.4418 -124.3963
2006.3219 2006 118 -0.1300 2.0500 0.1500 47.37 51.38 50.72 -0.0000 0.0000 0.0000 40.4418 -124.3963
2006.3247 2006 119 0.7400 2.9600 0.7700 47.69 51.25 50.86 -0.0000 0.0000 0.0000 40.4418 -124.3963
2006.3274 2006 120 -2.8600 2.1800 -2.4700 47.60 51.20 50.74 -0.0000 0.0000 0.0000 40.4418 -124.3963
2006.3301 2006 121 -1.6700 1.2800 -0.7400 47.65 51.38 51.07 -0.0000 0.0000 0.0000 40.4418 -124.3963
2006.3329 2006 122 -2.1600 1.9800 -4.7400 48.15 52.31 50.65 -0.0000 0.0000 0.0000 40.4418 -124.3963
2006.3356 2006 123 0.0200 1.0700 -2.2500 48.30 52.07 50.53 -0.0000 0.0000 0.0000 40.4418 -124.3963
2006.3384 2006 124 3.9900 2.2000 -1.1200 48.11 52.22 50.28 -0.0000 0.0000 0.0000 40.4418 -124.3963
2006.3411 2006 125 1.6300 1.7100 -3.2300 47.83 52.33 50.13 -0.0000 0.0000 0.0000 40.4418 -124.3963
2006.3438 2006 126 -1.7400 1.9400 -6.0800 47.80 52.48 50.51 -0.0000 0.0000 0.0000 40.4418 -124.3963
2006.3466 2006 127 0.2200 1.8100 -1.7000 48.53 52.41 50.29 -0.0000 0.0000 0.0000 40.4418 -124.3963
2006.3493 2006 128 -1.9100 0.8200 -0.3200 49.28 52.21 50.01 -0.0000 0.0000 0.0000 40.4418 -124.3963
2006.3521 2006 129 0.1400 2.2300 -0.2600 49.47 51.91 50.00 -0.0000 0.0000 0.0000 40.4418 -124.3963
2006.3548 2006 130 0.7300 2.8100 -0.8500 49.43 51.42 49.93 -0.0000 0.0000 -0.0000 40.4418 -124.3963
2006.3575 2006 131 0.1900 1.6900 1.4300 50.00 51.25 50.20 0.0000 0.0000 0.0000 40.4418 -124.3963
2006.3603 2006 132 -1.2000 3.1300 -2.5500 50.50 51.42 49.94 0.0000 0.0000 -0.0000 40.4418 -124.3963
2006.3630 2006 133 -1.5600 1.4700 -1.9000 51.22 51.58 49.63 0.0000 0.0000 -0.0000 40.4418 -124.3963
2006.3658 2006 134 3.6600 2.2000 -4.3200 51.72 51.85 49.93 0.0000 0.0000 -0.0000 40.4418 -124.3963
2006.3685 2006 135 2.8200 0.6400 -3.0200 51.54 51.59 49.96 0.0000 0.0000 -0.0000 40.4418 -124.3963
2006.3712 2006 136 1.4800 2.8300 8.5500 51.61 51.61 50.22 0.0000 0.0000 0.0000 40.4418 -124.3963
2006.3740 2006 137 2.4400 3.0300 -3.3600 52.22 51.61 50.76 0.0000 0.0000 0.0000 40.4418 -124.3963
2006.3767 2006 138 2.3600 1.6200 -1.9300 52.53 51.56 50.53 0.0000 0.0000 0.0000 40.4418 -124.3963
2006.3795 2006 139 3.5400 1.8100 -1.5200 53.02 51.80 50.20 0.0000 0.0000 0.0000 40.4418 -124.3963
2006.3822 2006 140 -0.3400 0.1700 0.3900 53.23 51.71 50.19 0.0000 0.0000 0.0000 40.4418 -124.3963
2006.3849 2006 141 2.1200 3.0100 2.8500 53.53 51.38 50.08 0.0000 0.0000 0.0000 40.4418 -124.3963
2006.3877 2006 142 2.7000 3.7600 -3.0600 53.74 51.23 49.87 0.0000 0.0000 -0.0000 40.4418 -124.3963
2006.3904 2006 143 5.5400 5.3900 -4.2100 54.21 50.69 50.24 0.0000 0.0000 0.0000 40.4418 -124.3963
2006.3932 2006 144 3.7200 2.6600 4.6700 54.78 50.83 50.36 0.0000 0.0000 0.0000 40.4418 -124.3963
2006.3959 2006 145 4.1200 0.9300 1.1200 54.94 50.67 50.65 0.0000 0.0000 0.0000 40.4418 -124.3963
2006.3986 2006 146 4.1100 2.5500 -2.6000 55.00 50.88 50.82 0.0000 0.0000 0.0000 40.4418 -124.3963
2006.4014 2006 147 2.9200 2.5200 -3.1900 54.89 50.48 49.90 0.0000 0.0000 -0.0000 40.4418 -124.3963
2006.4041 2006 148 2.5900 2.1200 -0.7700 54.39 50.18 49.81 0.0000 0.0000 -0.0000 40.4418 -124.3963
2006.4068 2006 149 1.5700 2.5700 -3.8800 53.73 50.24 50.06 0.0000 0.0000 0.0000 40.4418 -124.3963
2006.4096 2006 150 2.2000 -0.0200 2.4400 53.22 50.36 50.17 0.0000 0.0000 0.0000 40.4418 -124.3963
2006.4123 2006 151 4.7900 1.1500 -5.1200 53.38 50.85 50.29 0.0000 0.0000 0.0000 40.4418 -124.3963
2006.4151 2006 152 3.1200 1.7100 2.7900 52.97 50.55 49.95 0.0000 0.0000 -0.0000 40.4418 -124.3963
2006.4178 2006 153 4.6800 2.2700 2.4300 52.88 50.18 50.08 0.0000 0.0000 0.0000 40.4418 -124.3963
2006.4205 2006 154 4.6900 1.8500 1.6300 52.35 49.41 50.11 0.0000 -0.0000 0.0000 40.4418 -124.3963
2006.4233 2006 155 5.3700 1.6600 -0.7900 52.20 49.16 49.72 0.0000 -0.0000 -0.0000 40.4418 -124.3963
2006.4260 2006 156 3.0600 2.5500 -3.6700 52.03 49.22 49.68 0.0000 -0.0000 -0.0000 40.4418 -124.3963
2006.4288 2006 157 0.3300 1.0300 -7.8600 51.74 49.27 49.72 0.0000 -0.0000 -0.0000 40.4418 -124.3963
2006.4315 2006 158 0.8800 2.1200 -9.7300 51.00 49.30 49.68 0.0000 -0.0000 -0.0000 40.4418 -124.3963
2006.4342 2006 159 -1.8300 2.1700 -0.4400 50.45 49.33 49.62 0.0000 -0.0000 -0.0000 40.4418 -124.3963
2006.4370 2006 160 -0.1700 2.7200 -0.3000 49.79 49.05 50.11 -0.0000 -0.0000 0.0000 40.4418 -124.3963
2006.4397 2006 161 0.8400 1.7000 4.0600 49.43 49.59 50.13 -0.0000 -0.0000 0.0000 40.4418 -124.3963
2006.4425 2006 162 1.0000 1.1700 -1.8300 48.75 49.78 50.72 -0.0000 -0.0000 0.0000 40.4418 -124.3963
2006.4452 2006 163 5.0300 2.8200 -1.4600 48.33 49.83 50.69 -0.0000 -0.0000 0.0000 40.4418 -124.3963
2006.4479 2006 164 4.6000 1.7400 -2.4900 47.48 49.93 50.48 -0.0000 -0.0000 0.0000 40.4418 -124.3963
2006.4507 2006 165 4.5000 1.8900 0.1500 46.79 49.71 50.38 -0.0000 -0.0000 0.0000 40.4418 -124.3963
2006.4534 2006 166 2.2700 0.5000 2.1600 46.40 49.61 50.17 -0.0000 -0.0000 0.0000 40.4418 -124.3963
2006.4562 2006 167 2.7700 3.6100 -0.8500 46.40 49.17 50.46 -0.0000 -0.0000 0.0000 40.4418 -124.3963
2006.4589 2006 168 -2.3700 3.1700 -1.5400 46.85 49.23 51.22 -0.0000 -0.0000 0.0000 40.4418 -124.3963
2006.4616 2006 169 -2.2600 2.6300 -1.6700 47.20 49.41 51.87 -0.0000 -0.0000 0.0000 40.4418 -124.3963
2006.4644 2006 170 -3.4500 1.5100 7.3700 48.03 49.27 51.84 -0.0000 -0.0000 0.0000 40.4418 -124.3963
2006.4671 2006 171 -0.4200 2.7400 5.6200 48.68 49.04 51.86 -0.0000 -0.0000 0.0000 40.4418 -124.3963
2006.4699 2006 172 -0.0300 1.5500 6.8700 49.02 48.85 51.76 -0.0000 -0.0000 0.0000 40.4418 -124.3963
2006.4726 2006 173 0.5600 2.1700 2.9800 49.25 49.18 51.84 -0.0000 -0.0000 0.0000 40.4418 -124.3963
2006.4753 2006 174 -0.4100 2.4500 0.7400 48.78 49.20 51.75 -0.0000 -0.0000 0.0000 40.4418 -124.3963
2006.4781 2006 175 1.8900 0.2500 1.4400 48.85 49.68 51.46 -0.0000 -0.0000 0.0000 40.4418 -124.3963
2006.4808 2006 176 2.2000 0.3000 -3.5700 48.66 49.93 51.58 -0.0000 -0.0000 0.0000 40.4418 -124.3963
2006.4836 2006 177 3.3600 0.4200 3.8700 48.72 49.94 51.45 -0.0000 -0.0000 0.0000 40.4418 -124.3963
2006.4863 2006 178 4.8000 0.1000 -0.0900 48.60 49.41 51.22 -0.0000 -0.0000 0.0000 40.4418 -124.3963
2006.4890 2006 179 3.7300 2.8700 2.4500 49.27 48.95 51.21 -0.0000 -0.0000 0.0000 40.4418 -124.3963
2006.4918 2006 180 4.1100 1.4300 -0.0400 49.87 48.70 51.36 -0.0000 -0.0000 0.0000 40.4418 -124.3963
2006.4945 2006 181 4.0600 1.4600 1.0700 50.47 48.85 50.66 0.0000 -0.0000 0.0000 40.4418 -124.3963
2006.4973 2006 182 5.8400 1.4600 4.4000 50.70 48.10 50.42 0.0000 -0.0000 0.0000 40.4418 -124.3963
2006.5000 2006 183 2.5700 2.2200 -3.3200 51.17 47.95 49.79 0.0000 -0.0000 -0.0000 40.4418 -124.3963
2006.5027 2006 184 1.7900 2.1000 -2.4800 51.53 47.73 49.63 0.0000 -0.0000 -0.0000 40.4418 -124.3963
2006.5055 2006 185 4.5300 2.2400 -9.3000 52.06 47.45 49.60 0.0000 -0.0000 -0.0000 40.4418 -124.3963
2006.5082 2006 186 2.9400 3.0100 -0.9500 52.28 47.89 49.47 0.0000 -0.0000 -0.0000 40.4418 -124.3963
2006.5110 2006 187 1.0200 0.1500 -0.5800 52.20 48.13 49.59 0.0000 -0.0000 -0.0000 40.4418 -124.3963
2006.5137 2006 188 -0.4000 0.6800 -6.1000 51.76 48.35 49.36 0.0000 -0.0000 -0.0000 40.4418 -124.3963
2006.5164 2006 189 0.8200 0.3200 -0.0600 50.77 48.59 49.34 0.0000 -0.0000 -0.0000 40.4418 -124.3963
2006.5192 2006 190 0.6000 1.2700 2.4900 50.17 48.00 48.67 0.0000 -0.0000 -0.0000 40.4418 -124.3963
2006.5219 2006 191 -0.8300 1.7000 -3.9800 49.48 47.95 48.46 -0.0000 -0.0000 -0.0000 40.4418 -124.3963
2006.5247 2006 192 0.1500 -0.3600 1.0800 49.06 48.00 48.44 -0.0000 -0.0000 -0.0000 40.4418 -124.3963
2006.5274 2006 193 1.1800 0.7600 1.1300 48.37 48.15 48.43 -0.0000 -0.0000 -0.0000 40.4418 -124.3963
2006.5301 2006 194 2.5000 1.0200 -2.4600 NaN NaN NaN 0.0000 0.0000 0.0000 40.4418 -124.3963
2006.5329 2006 195 1.1300 0.4600 -2.6300 NaN NaN NaN 0.0000 0.0000 0.0000 40.4418 -124.3963
2006.5356 2006 196 2.1000 2.1500 -3.1200 NaN NaN NaN 0.0000 0.0000 0.0000 40.4418 -124.3963
2006.5384 2006 197 -1.8300 0.9600 -2.9800 NaN NaN NaN 0.0000 0.0000 0.0000 40.4418 -124.3963
2006.5411 2006 198 -1.6500 0.1100 5.0400 NaN NaN NaN 0.0000 0.0000 0.0000 40.4418 -124.3963
2006.5438 2006 199 -3.0200 1.1200 7.8800 NaN NaN NaN 0.0000 0.0000 0.0000 40.4418 -124.3963
2006.5466 2006 200 -0.9900 -1.2500 -6.0200 NaN NaN NaN 0.0000 0.0000 0.0000 40.4418 -124.3963
2006.5493 2006 201 1.6300 0.3300 -7.1400 NaN NaN NaN 0.0000 0.0000 0.0000 40.4418 -124.3963
2006.5521 2006 202 3.3700 0.7400 2.3600 NaN NaN NaN 0.0000 0.0000 0.0000 40.4418 -124.3963
2006.5548 2006 203 2.3400 2.5700 4.4500 NaN NaN NaN 0.0000 0.0000 0.0000 40.4418 -124.3963
2006.7438 2006 272 1.9500 1.0300 4.7700 49.84 47.63 51.82 -0.0000 -0.0000 0.0000 40.4418 -124.3963
2006.7466 2006 273 2.2300 0.7000 3.8100 50.32 48.16 51.35 0.0000 -0.0000 0.0000 40.4418 -124.3963
2006.7493 2006 274 0.0100 -0.8000 -2.3700 50.49 48.50 51.28 0.0000 -0.0000 0.0000 40.4418 -124.3963
2006.7521 2006 275 2.5700 -0.8000 2.4900 50.52 48.43 51.17 0.0000 -0.0000 0.0000 40.4418 -124.3963
2006.7548 2006 276 0.6100 -1.1500 6.1100 51.14 49.11 50.78 0.0000 -0.0000 0.0000 40.4418 -124.3963
2006.7575 2006 277 1.3800 -1.0000 0.4900 51.58 49.85 50.65 0.0000 -0.0000 0.0000 40.4418 -124.3963
2006.7603 2006 278 1.8200 -0.1200 2.4200 51.64 50.37 50.39 0.0000 0.0000 0.0000 40.4418 -124.3963
2006.7630 2006 279 0.6700 1.3700 6.9700 51.74 50.89 50.20 0.0000 0.0000 0.0000 40.4418 -124.3963
2006.7658 2006 280 -4.8600 0.4000 6.8600 51.34 51.30 50.30 0.0000 0.0000 0.0000 40.4418 -124.3963
2006.7685 2006 281 -0.6600 -0.3100 -5.3100 51.27 51.46 50.19 0.0000 0.0000 0.0000 40.4418 -124.3963
2006.7712 2006 282 -1.0300 -0.1400 -0.1400 50.69 51.03 50.27 0.0000 0.0000 0.0000 40.4418 -124.3963
2006.7740 2006 283 1.0000 -0.1200 3.9200 50.09 51.06 50.00 0.0000 0.0000 0.0000 40.4418 -124.3963
2006.7767 2006 284 0.4300 -0.1300 6.4000 49.79 50.74 49.92 -0.0000 0.0000 -0.0000 40.4418 -124.3963
2006.7795 2006 285 0.4700 -1.6300 5.8600 49.94 51.12 50.15 -0.0000 0.0000 0.0000 40.4418 -124.3963
2006.7822 2006 286 0.9400 0.1000 4.4000 49.54 51.45 50.13 -0.0000 0.0000 0.0000 40.4418 -124.3963
2006.7849 2006 287 1.7000 0.7600 1.4200 49.40 51.68 49.67 -0.0000 0.0000 -0.0000 40.4418 -124.3963
2006.7877 2006 288 0.8900 1.0000 4.3700 48.91 51.67 49.88 -0.0000 0.0000 -0.0000 40.4418 -124.3963
2006.7904 2006 289 2.9000 0.1100 1.0700 48.47 51.78 50.04 -0.0000 0.0000 0.0000 40.4418 -124.3963
2006.7932 2006 290 -4.9300 0.2600 3.2900 48.45 51.39 49.89 -0.0000 0.0000 -0.0000 40.4418 -124.3963
2006.7959 2006 291 -0.1000 -0.0200 -0.7000 48.97 51.30 49.76 -0.0000 0.0000 -0.0000 40.4418 -124.3963
2006.7986 2006 292 -1.3900 0.2200 8.8000 49.09 51.46 50.02 -0.0000 0.0000 0.0000 40.4418 -124.3963
2006.8014 2006 293 -5.1100 0.3200 4.9400 49.10 51.63 49.80 -0.0000 0.0000 -0.0000 40.4418 -124.3963
2006.8041 2006 294 -2.5200 -1.2100 4.1600 48.88 51.31 49.91 -0.0000 0.0000 -0.0000 40.4418 -124.3963
2006.8068 2006 295 -0.9700 -0.4600 2.6400 48.75 51.14 49.87 -0.0000 0.0000 -0.0000 40.4418 -124.3963
2006.8096 2006 296 -2.8800 0.0200 1.4200 48.75 51.46 49.65 -0.0000 0.0000 -0.0000 40.4418 -124.3963
2006.8123 2006 297 -2.7200 -0.1200 -1.6600 48.68 51.18 49.77 -0.0000 0.0000 -0.0000 40.4418 -124.3963
2006.8151 2006 298 -2.3400 -1.4500 7.0400 48.50 50.75 49.81 -0.0000 0.0000 -0.0000 40.4418 -124.3963
2006.8178 2006 299 -0.9900 0.4400 7.5700 48.49 50.02 49.49 -0.0000 0.0000 -0.0000 40.4418 -124.3963
2006.8205 2006 300 -0.1900 0.3100 4.3200 48.30 49.76 49.42 -0.0000 -0.0000 -0.0000 40.4418 -124.3963
2006.8233 2006 301 -1.0500 -0.0300 4.2100 49.19 49.57 49.20 -0.0000 -0.0000 -0.0000 40.4418 -124.3963
2006.8260 2006 302 -0.2500 0.3900 -0.9600 49.35 49.70 49.53 -0.0000 -0.0000 -0.0000 40.4418 -124.3963
2006.8288 2006 303 -1.1000 -0.1300 -1.1400 49.69 49.82 48.84 -0.0000 -0.0000 -0.0000 40.4418 -124.3963
2006.8315 2006 304 1.9700 -0.3800 1.0900 50.56 49.86 48.62 0.0000 -0.0000 -0.0000 40.4418 -124.3963
2006.8342 2006 305 1.2500 0.1300 3.3800 51.09 50.34 48.55 0.0000 0.0000 -0.0000 40.4418 -124.3963
2006.8370 2006 306 1.1000 -0.7600 0.8300 51.18 50.32 48.31 0.0000 0.0000 -0.0000 40.4418 -124.3963
2006.8397 2006 307 5.3800 1.0900 3.8000 51.89 49.97 48.35 0.0000 -0.0000 -0.0000 40.4418 -124.3963
2006.8425 2006 308 2.3700 0.6400 1.8200 52.43 49.86 48.55 0.0000 -0.0000 -0.0000 40.4418 -124.3963
2006.8452 2006 309 0.0800 -1.6300 -5.1000 52.93 50.13 48.12 0.0000 0.0000 -0.0000 40.4418 -124.3963
2006.8479 2006 310 1.5100 -0.3000 -2.2700 53.34 50.06 48.05 0.0000 0.0000 -0.0000 40.4418 -124.3963
2006.8507 2006 311 2.9100 0.2900 -0.8300 53.47 50.14 48.04 0.0000 0.0000 -0.0000 40.4418 -124.3963
2006.8534 2006 312 0.5500 1.1800 5.3500 53.39 50.20 48.02 0.0000 0.0000 -0.0000 40.4418 -124.3963
2006.8562 2006 313 0.2900 0.2600 -6.4300 53.39 49.98 47.87 0.0000 -0.0000 -0.0000 40.4418 -124.3963
2006.8589 2006 314 1.1800 -0.4700 -1.4600 53.70 50.09 47.91 0.0000 0.0000 -0.0000 40.4418 -124.3963
2006.8616 2006 315 1.0000 -0.1300 2.3200 53.67 50.11 48.02 0.0000 0.0000 -0.0000 40.4418 -124.3963
2006.8644 2006 316 -0.5000 -0.1700 -0.3100 53.84 50.18 48.03 0.0000 0.0000 -0.0000 40.4418 -124.3963
2006.8671 2006 317 2.3600 -1.4500 1.6100 53.81 50.22 48.19 0.0000 0.0000 -0.0000 40.4418 -124.3963
2006.8699 2006 318 1.7200 0.4500 -3.2000 53.15 49.84 48.12 0.0000 -0.0000 -0.0000 40.4418 -124.3963
2006.8726 2006 319 1.3200 0.0800 0.3300 52.94 49.65 48.05 0.0000 -0.0000 -0.0000 40.4418 -124.3963
2006.8753 2006 320 2.2000 0.5200 10.5500 53.08 50.08 48.48 0.0000 0.0000 -0.0000 40.4418 -124.3963
2006.8781 2006 321 0.8700 -0.3900 0.8700 53.14 50.32 48.59 0.0000 0.0000 -0.0000 40.4418 -124.3963
2006.8808 2006 322 0.9300 -0.1700 0.0900 52.38 50.38 48.75 0.0000 0.0000 -0.0000 40.4418 -124.3963
2006.8836 2006 323 0.0300 -0.2900 -0.7700 52.17 50.09 48.40 0.0000 0.0000 -0.0000 40.4418 -124.3963
2006.8863 2006 324 3.0100 0.6700 -0.9500 52.00 49.97 49.28 0.0000 -0.0000 -0.0000 40.4418 -124.3963
2006.8890 2006 325 2.2800 -0.5600 1.0900 51.28 50.21 49.71 0.0000 0.0000 -0.0000 40.4418 -124.3963
2006.8918 2006 326 4.1800 1.1100 -0.5600 50.83 50.03 49.75 0.0000 0.0000 -0.0000 40.4418 -124.3963
2006.8945 2006 327 1.2500 0.7200 -0.1700 50.86 49.87 49.88 0.0000 -0.0000 -0.0000 40.4418 -124.3963
2006.8973 2006 328 0.3100 -0.4900 0.6600 50.02 50.30 49.92 0.0000 0.0000 -0.0000 40.4418 -124.3963
2006.9000 2006 329 0.4300 -0.9200 0.0700 49.43 50.17 49.96 -0.0000 0.0000 -0.0000 40.4418 -124.3963
2006.9027 2006 330 1.0700 -1.5300 -2.5200 48.96 49.75 50.32 -0.0000 -0.0000 0.0000 40.4418 -124.3963
2006.9055 2006 331 1.3700 1.0900 -2.6500 48.44 49.54 49.52 -0.0000 -0.0000 -0.0000 40.4418 -124.3963
2006.9082 2006 332 0.3200 0.7400 -0.5600 48.34 49.82 49.54 -0.0000 -0.0000 -0.0000 40.4418 -124.3963
2006.9110 2006 333 -1.0300 0.3400 1.7300 48.35 50.17 49.64 -0.0000 0.0000 -0.0000 40.4418 -124.3963
2006.9137 2006 334 -0.2600 -0.5500 1.8400 48.45 50.37 49.83 -0.0000 0.0000 -0.0000 40.4418 -124.3963
2006.9164 2006 335 -1.1000 0.5300 3.3900 48.03 49.99 49.95 -0.0000 -0.0000 -0.0000 40.4418 -124.3963
2006.9192 2006 336 -0.5700 -0.3900 1.8000 48.08 50.16 50.05 -0.0000 0.0000 0.0000 40.4418 -124.3963
2006.9219 2006 337 0.1500 -1.1000 0.5800 47.58 49.90 50.63 -0.0000 -0.0000 0.0000 40.4418 -124.3963
2006.9247 2006 338 -1.4200 0.3300 2.4400 47.73 49.83 50.70 -0.0000 -0.0000 0.0000 40.4418 -124.3963
2006.9274 2006 339 -0.4700 0.0700 -3.4000 48.00 50.11 51.10 -0.0000 0.0000 0.0000 40.4418 -124.3963
2006.9301 2006 340 -0.3400 -1.6000 3.5800 48.05 50.39 51.21 -0.0000 0.0000 0.0000 40.4418 -124.3963
2006.9329 2006 341 -0.1300 -1.0900 -5.0400 47.74 50.48 51.33 -0.0000 0.0000 0.0000 40.4418 -124.3963
2006.9356 2006 342 0.7200 1.1800 -0.5100 47.36 50.21 51.43 -0.0000 0.0000 0.0000 40.4418 -124.3963
2006.9384 2006 343 2.5400 2.7400 -0.1200 47.44 50.04 51.35 -0.0000 0.0000 0.0000 40.4418 -124.3963
2006.9411 2006 344 1.2200 0.7600 3.1400 47.77 49.90 51.41 -0.0000 -0.0000 0.0000 40.4418 -124.3963
2006.9438 2006 345 2.0300 -2.1500 1.8200 47.87 49.97 51.24 -0.0000 -0.0000 0.0000 40.4418 -124.3963
2006.9466 2006 346 2.9600 1.0800 3.0900 48.25 49.78 51.03 -0.0000 -0.0000 0.0000 40.4418 -124.3963
2006.9493 2006 347 1.8700 -0.4200 10.1800 48.53 49.71 51.09 -0.0000 -0.0000 0.0000 40.4418 -124.3963
2006.9521 2006 348 2.4600 2.0700 0.8800 48.58 49.88 51.11 -0.0000 -0.0000 0.0000 40.4418 -124.3963
2006.9548 2006 349 -0.8100 0.4300 9.9000 49.64 49.70 50.95 -0.0000 -0.0000 0.0000 40.4418 -124.3963
2006.9575 2006 350 -0.5500 0.0300 1.7400 50.51 49.52 51.12 0.0000 -0.0000 0.0000 40.4418 -124.3963
2006.9603 2006 351 -0.7800 -0.2700 4.5100 50.72 49.92 50.96 0.0000 -0.0000 0.0000 40.4418 -124.3963
2006.9630 2006 352 -1.9500 0.1100 0.3400 50.85 50.19 51.92 0.0000 0.0000 0.0000 40.4418 -124.3963
2006.9658 2006 353 -1.2300 -0.4700 -3.0600 50.64 49.82 51.93 0.0000 -0.0000 0.0000 40.4418 -124.3963
2006.9685 2006 354 0.4200 -2.8300 -0.7400 50.12 49.21 51.99 0.0000 -0.0000 0.0000 40.4418 -124.3963
2006.9712 2006 355 0.1100 -1.0000 8.8500 49.88 49.02 51.77 -0.0000 -0.0000 0.0000 40.4418 -124.3963
2006.9740 2006 356 0.0500 -0.1600 4.1200 49.76 49.42 51.66 -0.0000 -0.0000 0.0000 40.4418 -124.3963
2006.9767 2006 357 0.3700 -1.6800 3.1100 49.31 49.15 51.58 -0.0000 -0.0000 0.0000 40.4418 -124.3963
2006.9795 2006 358 1.1200 -0.4600 2.9400 49.65 49.34 51.02 -0.0000 -0.0000 0.0000 40.4418 -124.3963
2006.9822 2006 359 4.1100 0.8900 -2.4900 49.32 49.01 51.02 -0.0000 -0.0000 0.0000 40.4418 -124.3963
2006.9849 2006 360 4.8800 -3.2500 3.3700 49.42 48.84 50.26 -0.0000 -0.0000 0.0000 40.4418 -124.3963
2006.9877 2006 361 0.0000 1.2000 2.9900 49.50 48.68 50.21 -0.0000 -0.0000 0.0000 40.4418 -124.3963
2006.9904 2006 362 -1.6200 -0.0500 3.6500 49.70 48.61 49.97 -0.0000 -0.0000 -0.0000 40.4418 -124.3963
2006.9932 2006 363 -1.7500 -1.6400 -2.8300 49.64 48.51 50.32 -0.0000 -0.0000 0.0000 40.4418 -124.3963
2006.9959 2006 364 -1.0400 -1.6400 1.8200 49.77 48.62 50.46 -0.0000 -0.0000 0.0000 40.4418 -124.3963
2006.9986 2006 365 -0.0200 -0.4800 2.3100 49.40 49.10 50.67 -0.0000 -0.0000 0.0000 40.4418 -124.3963
2007.0014 2007 1 -0.2200 -0.2300 2.3500 49.54 49.41 50.48 -0.0000 -0.0000 0.0000 40.4418 -124.3963
2007.0041 2007 2 -0.6600 -0.6000 3.8000 49.27 49.37 50.35 -0.0000 -0.0000 0.0000 40.4418 -124.3963
2007.0068 2007 3 2.5000 0.3200 7.0900 49.00 49.57 50.35 -0.0000 -0.0000 0.0000 40.4418 -124.3963
2007.0096 2007 4 0.5600 -0.4800 2.2200 48.73 49.48 50.32 -0.0000 -0.0000 0.0000 40.4418 -124.3963
2007.0123 2007 5 -1.1100 -0.5900 -4.8000 47.79 49.33 50.55 -0.0000 -0.0000 0.0000 40.4418 -124.3963
2007.0151 2007 6 -0.9000 -0.8400 1.6900 46.85 49.93 50.46 -0.0000 -0.0000 0.0000 40.4418 -124.3963
2007.0178 2007 7 -1.1100 0.1200 3.5500 46.52 49.38 50.47 -0.0000 -0.0000 0.0000 40.4418 -124.3963
2007.0205 2007 8 -7.5200 -2.1500 15.4900 46.64 49.20 50.34 -0.0000 -0.0000 0.0000 40.4418 -124.3963
2007.0233 2007 9 -2.0700 -0.4300 -0.2600 46.74 49.39 50.47 -0.0000 -0.0000 0.0000 40.4418 -124.3963
2007.0260 2007 10 -2.3600 -0.2900 5.0000 46.95 49.72 50.53 -0.0000 -0.0000 0.0000 40.4418 -124.3963
2007.0288 2007 11 2.9500 2.1200 8.3600 46.89 49.68 50.50 -0.0000 -0.0000 0.0000 40.4418 -124.3963
2007.0315 2007 12 -2.2000 -1.3900 -0.4400 47.09 49.50 50.54 -0.0000 -0.0000 0.0000 40.4418 -124.3963
2007.0342 2007 13 -2.3800 -0.3800 4.4600 47.45 49.57 50.48 -0.0000 -0.0000 0.0000 40.4418 -124.3963
2007.0370 2007 14 -1.6500 -0.9400 4.2600 47.30 49.48 50.44 -0.0000 -0.0000 0.0000 40.4418 -124.3963
2007.0397 2007 15 -0.9900 -0.4400 1.9800 47.47 49.75 50.48 -0.0000 -0.0000 0.0000 40.4418 -124.3963
2007.0425 2007 16 -0.5100 0.7100 6.2600 47.58 49.87 51.16 -0.0000 -0.0000 0.0000 40.4418 -124.3963
2007.0452 2007 17 -4.9600 -2.4800 2.4800 47.65 50.03 51.28 -0.0000 0.0000 0.0000 40.4418 -124.3963
2007.0479 2007 18 -1.9300 -1.2400 8.9800 47.74 49.97 51.29 -0.0000 -0.0000 0.0000 40.4418 -124.3963
2007.0507 2007 19 -4.0300 -1.5900 -0.0300 48.64 50.29 50.46 -0.0000 0.0000 0.0000 40.4418 -124.3963
2007.0534 2007 20 -3.6500 -1.1700 6.6500 48.81 50.33 50.42 -0.0000 0.0000 0.0000 40.4418 -124.3963
2007.0562 2007 21 -3.2500 -1.6600 0.0600 49.16 50.06 50.26 -0.0000 0.0000 0.0000 40.4418 -124.3963
2007.0589 2007 22 -0.6100 -0.6300 5.0400 48.57 49.30 50.20 -0.0000 -0.0000 0.0000 40.4418 -124.3963
2007.0616 2007 23 -1.0300 -1.2900 1.4400 48.85 49.53 50.42 -0.0000 -0.0000 0.0000 40.4418 -124.3963
2007.0644 2007 24 0.8800 0.0300 0.7200 49.26 49.30 50.38 -0.0000 -0.0000 0.0000 40.4418 -124.3963
2007.0671 2007 25 0.5200 -0.0100 6.5000 49.60 49.37 50.20 -0.0000 -0.0000 0.0000 40.4418 -124.3963
2007.0699 2007 26 0.3200 -0.3500 6.0000 49.79 49.42 50.08 -0.0000 -0.0000 0.0000 40.4418 -124.3963
2007.0726 2007 27 -0.2100 -0.0400 6.9600 49.95 48.83 49.93 -0.0000 -0.0000 -0.0000 40.4418 -124.3963
2007.0753 2007 28 -0.1000 -0.0800 2.4300 50.99 49.49 50.24 0.0000 -0.0000 0.0000 40.4418 -124.3963
2007.0781 2007 29 -0.7000 -1.0000 -1.1800 51.43 49.67 49.98 0.0000 -0.0000 -0.0000 40.4418 -124.3963
2007.0808 2007 30 -0.6700 -0.0500 1.0200 52.42 49.89 49.95 0.0000 -0.0000 -0.0000 40.4418 -124.3963
2007.0836 2007 31 -0.4400 -0.7400 4.2800 53.44 49.91 49.79 0.0000 -0.0000 -0.0000 40.4418 -124.3963
2007.0863 2007 32 -1.5500 -1.9700 5.5600 54.47 50.44 50.13 0.0000 0.0000 0.0000 40.4418 -124.3963
2007.0890 2007 33 -0.7400 -0.4100 3.0100 54.45 50.31 50.12 0.0000 0.0000 0.0000 40.4418 -124.3963
2007.0918 2007 34 -0.0300 -1.2900 4.2400 54.54 50.62 50.22 0.0000 0.0000 0.0000 40.4418 -124.3963
2007.0945 2007 35 0.0300 -0.7700 -0.6500 54.31 50.70 50.24 0.0000 0.0000 0.0000 40.4418 -124.3963
2007.0973 2007 36 -1.9400 -0.8600 1.7400 54.44 50.81 50.03 0.0000 0.0000 0.0000 40.4418 -124.3963
2007.1000 2007 37 -1.9300 -0.7900 3.8000 54.23 51.04 49.69 0.0000 0.0000 -0.0000 40.4418 -124.3963
2007.1027 2007 38 1.6800 -0.8200 12.9200 54.14 51.00 49.47 0.0000 0.0000 -0.0000 40.4418 -124.3963
2007.1055 2007 39 1.3200 -0.9600 3.9000 53.89 50.93 49.62 0.0000 0.0000 -0.0000 40.4418 -124.3963
2007.1082 2007 40 2.3200 -0.3900 1.0300 53.32 50.71 50.23 0.0000 0.0000 0.0000 40.4418 -124.3963
2007.1110 2007 41 2.8200 -0.8500 4.8300 53.36 50.56 50.27 0.0000 0.0000 0.0000 40.4418 -124.3963
2007.1137 2007 42 2.9400 0.6600 9.2200 53.42 50.76 50.60 0.0000 0.0000 0.0000 40.4418 -124.3963
2007.1164 2007 43 -0.9300 -1.6800 6.5400 54.08 51.64 50.77 0.0000 0.0000 0.0000 40.4418 -124.3963
2007.1192 2007 44 -0.4400 0.3300 2.9600 53.96 51.68 50.61 0.0000 0.0000 0.0000 40.4418 -124.3963
2007.1219 2007 45 -1.5100 0.3200 -2.8600 53.72 51.85 50.63 0.0000 0.0000 0.0000 40.4418 -124.3963
2007.1247 2007 46 1.6600 1.0400 2.7000 53.71 51.78 50.92 0.0000 0.0000 0.0000 40.4418 -124.3963
2007.1274 2007 47 -0.9200 1.2800 2.1800 54.05 51.96 50.87 0.0000 0.0000 0.0000 40.4418 -124.3963
2007.1301 2007 48 -0.7000 0.2000 3.7100 54.51 52.34 50.97 0.0000 0.0000 0.0000 40.4418 -124.3963
2007.1329 2007 49 -2.0400 -0.7300 6.4100 53.59 52.28 50.36 0.0000 0.0000 0.0000 40.4418 -124.3963
2007.1356 2007 50 -1.8100 -1.6700 5.4400 53.14 52.41 50.51 0.0000 0.0000 0.0000 40.4418 -124.3963
2007.1384 2007 51 1.0100 -0.8000 3.3000 52.16 52.32 50.65 0.0000 0.0000 0.0000 40.4418 -124.3963
2007.1411 2007 52 2.0500 0.3500 14.8200 51.04 52.44 50.59 0.0000 0.0000 0.0000 40.4418 -124.3963
2007.1438 2007 53 1.1600 0.7700 9.0200 49.82 51.81 50.10 -0.0000 0.0000 0.0000 40.4418 -124.3963
2007.1466 2007 54 -0.2300 0.6500 0.8300 49.85 52.16 49.93 -0.0000 0.0000 -0.0000 40.4418 -124.3963
2007.1493 2007 55 0.1500 -0.9200 4.4700 49.73 51.70 49.94 -0.0000 0.0000 -0.0000 40.4418 -124.3963
2007.1521 2007 56 2.1200 -1.1300 4.9100 50.05 51.66 50.50 0.0000 0.0000 0.0000 40.4418 -124.3963
2007.1548 2007 57 0.9300 0.0300 -0.5300 49.66 51.30 50.57 -0.0000 0.0000 0.0000 40.4418 -124.3963
2007.1575 2007 58 1.8000 0.3700 4.8600 49.88 50.88 50.76 -0.0000 0.0000 0.0000 40.4418 -124.3963
2007.1603 2007 59 -0.2700 0.8800 1.3300 50.14 50.52 50.76 0.0000 0.0000 0.0000 40.4418 -124.3963
2007.1630 2007 60 0.8400 0.4100 4.0300 50.43 50.50 50.57 0.0000 0.0000 0.0000 40.4418 -124.3963
2007.1658 2007 61 1.0200 0.6500 6.9600 50.60 50.86 50.42 0.0000 0.0000 0.0000 40.4418 -124.3963
2007.1685 2007 62 0.0300 0.4600 0.5600 50.43 51.24 50.33 0.0000 0.0000 0.0000 40.4418 -124.3963
2007.1712 2007 63 -1.6900 -0.8700 2.4900 49.65 51.18 49.70 -0.0000 0.0000 -0.0000 40.4418 -124.3963
2007.1740 2007 64 -1.0100 -0.5700 2.6500 49.02 50.61 49.41 -0.0000 0.0000 -0.0000 40.4418 -124.3963
2007.1767 2007 65 -0.9700 -0.8500 4.7100 48.86 50.23 49.51 -0.0000 0.0000 -0.0000 40.4418 -124.3963
2007.1795 2007 66 -1.4700 0.3200 12.7200 48.60 50.30 49.37 -0.0000 0.0000 -0.0000 40.4418 -124.3963
2007.1822 2007 67 -0.8700 -0.0800 0.9300 48.03 50.49 49.19 -0.0000 0.0000 -0.0000 40.4418 -124.3963
2007.1849 2007 68 -0.1100 0.2700 4.9800 47.75 50.53 49.39 -0.0000 0.0000 -0.0000 40.4418 -124.3963
2007.1877 2007 69 1.2500 -1.8700 -0.4800 47.23 50.50 49.49 -0.0000 0.0000 -0.0000 40.4418 -124.3963
2007.1904 2007 70 -1.0400 -1.3900 3.6400 47.23 49.80 49.92 -0.0000 -0.0000 -0.0000 40.4418 -124.3963
2007.1932 2007 71 -1.2600 0.0000 8.6400 46.75 49.46 49.94 -0.0000 -0.0000 -0.0000 40.4418 -124.3963
2007.1959 2007 72 0.7900 0.9400 2.6400 46.60 49.21 49.63 -0.0000 -0.0000 -0.0000 40.4418 -124.3963
2007.1986 2007 73 -4.1000 0.9000 2.2300 46.71 48.94 49.78 -0.0000 -0.0000 -0.0000 40.4418 -124.3963
2007.2014 2007 74 -3.0900 -0.3500 1.8900 47.32 49.23 50.22 -0.0000 -0.0000 0.0000 40.4418 -124.3963
2007.2041 2007 75 -1.5800 -0.6700 2.1500 47.50 49.25 50.42 -0.0000 -0.0000 0.0000 40.4418 -124.3963
2007.2068 2007 76 -2.6000 -0.1800 -0.0400 47.55 49.81 50.19 -0.0000 -0.0000 0.0000 40.4418 -124.3963
2007.2096 2007 77 -2.1600 -0.3400 3.8400 47.47 49.72 49.39 -0.0000 -0.0000 -0.0000 40.4418 -124.3963
2007.2123 2007 78 0.5200 1.0100 4.1500 47.71 49.93 49.42 -0.0000 -0.0000 -0.0000 40.4418 -124.3963
2007.2151 2007 79 -0.6700 1.1800 8.8300 47.51 49.97 49.28 -0.0000 -0.0000 -0.0000 40.4418 -124.3963
2007.2178 2007 80 -2.1200 -2.4500 5.3500 47.25 50.58 49.39 -0.0000 0.0000 -0.0000 40.4418 -124.3963
2007.2205 2007 81 -5.5600 -0.8200 4.8500 47.10 51.02 49.41 -0.0000 0.0000 -0.0000 40.4418 -124.3963
2007.2233 2007 82 -2.5400 -0.1900 2.6200 46.94 50.70 48.94 -0.0000 0.0000 -0.0000 40.4418 -124.3963
2007.2260 2007 83 -1.6400 -0.1700 1.3600 46.89 50.25 48.89 -0.0000 0.0000 -0.0000 40.4418 -124.3963
2007.2288 2007 84 1.6300 -0.3600 10.4000 47.64 50.02 49.13 -0.0000 0.0000 -0.0000 40.4418 -124.3963
2007.2315 2007 85 1.3800 1.0000 5.4400 48.11 50.23 49.32 -0.0000 0.0000 -0.0000 40.4418 -124.3963
2007.2342 2007 86 -0.9300 1.8700 -1.7500 48.24 50.55 49.24 -0.0000 0.0000 -0.0000 40.4418 -124.3963
2007.2370 2007 87 -2.5700 -0.4800 1.2700 48.69 50.48 49.30 -0.0000 0.0000 -0.0000 40.4418 -124.3963
2007.2397 2007 88 -1.2900 0.0900 0.2800 49.13 50.32 49.11 -0.0000 0.0000 -0.0000 40.4418 -124.3963
2007.2425 2007 89 -1.8000 -0.8800 3.2800 49.16 50.16 48.81 -0.0000 0.0000 -0.0000 40.4418 -124.3963
2007.2452 2007 90 0.5200 0.6000 -0.5100 49.33 49.82 48.33 -0.0000 -0.0000 -0.0000 40.4418 -124.3963
2007.2479 2007 91 -1.8300 1.4600 2.3100 49.68 50.63 48.22 -0.0000 0.0000 -0.0000 40.4418 -124.3963
2007.2507 2007 92 -2.8600 -0.4700 -1.9100 50.51 50.94 48.18 0.0000 0.0000 -0.0000 40.4418 -124.3963
2007.2534 2007 93 -0.5600 -0.6500 0.7700 50.92 50.94 48.22 0.0000 0.0000 -0.0000 40.4418 -124.3963
2007.2562 2007 94 -1.2000 -0.2600 0.2700 51.20 50.80 48.10 0.0000 0.0000 -0.0000 40.4418 -124.3963
2007.2589 2007 95 -1.9100 -0.0900 1.8600 50.77 50.58 47.65 0.0000 0.0000 -0.0000 40.4418 -124.3963
2007.2616 2007 96 -1.4800 0.2100 0.8900 50.37 50.17 47.63 0.0000 0.0000 -0.0000 40.4418 -124.3963
2007.2644 2007 97 0.3500 0.3300 -2.1100 50.53 49.70 48.02 0.0000 -0.0000 -0.0000 40.4418 -124.3963
2007.2671 2007 98 -1.6200 -0.5800 -1.7200 50.84 50.14 48.30 0.0000 0.0000 -0.0000 40.4418 -124.3963
2007.2699 2007 99 0.5500 1.0200 0.2700 51.00 50.01 48.19 0.0000 0.0000 -0.0000 40.4418 -124.3963
2007.2726 2007 100 -1.3400 -0.6000 0.1900 51.30 50.29 48.21 0.0000 0.0000 -0.0000 40.4418 -124.3963
2007.2753 2007 101 0.6300 0.3300 5.7400 51.53 49.88 48.41 0.0000 -0.0000 -0.0000 40.4418 -124.3963
2007.2781 2007 102 -1.1400 0.2700 4.3000 51.89 49.43 48.49 0.0000 -0.0000 -0.0000 40.4418 -124.3963
2007.2808 2007 103 -0.6000 -1.0600 0.1300 52.12 49.46 49.09 0.0000 -0.0000 -0.0000 40.4418 -124.3963
2007.2836 2007 104 0.4700 -1.9100 -1.2300 52.16 49.69 49.20 0.0000 -0.0000 -0.0000 40.4418 -124.3963
2007.2863 2007 105 -0.8200 -1.5900 5.5200 52.08 49.97 49.17 0.0000 -0.0000 -0.0000 40.4418 -124.3963
2007.2890 2007 106 -1.5200 -0.6100 6.8700 51.93 50.02 49.08 0.0000 0.0000 -0.0000 40.4418 -124.3963
2007.2918 2007 107 1.1700 0.8600 2.8700 51.96 50.03 49.03 0.0000 0.0000 -0.0000 40.4418 -124.3963
2007.2945 2007 108 0.3900 2.1200 0.0000 51.52 50.08 48.93 0.0000 0.0000 -0.0000 40.4418 -124.3963
2007.2973 2007 109 0.3400 -0.8200 -2.7900 51.56 50.16 49.22 0.0000 0.0000 -0.0000 40.4418 -124.3963
2007.3000 2007 110 0.4700 0.3700 2.4400 51.35 50.05 49.30 0.0000 0.0000 -0.0000 40.4418 -124.3963
2007.3027 2007 111 2.8200 -0.3800 3.9400 51.54 50.31 49.64 0.0000 0.0000 -0.0000 40.4418 -124.3963
2007.3055 2007 112 1.6600 0.4000 3.1700 51.63 49.93 49.40 0.0000 -0.0000 -0.0000 40.4418 -124.3963
2007.3082 2007 113 -1.1900 -0.6100 2.5000 51.54 49.85 49.16 0.0000 -0.0000 -0.0000 40.4418 -124.3963
2007.3110 2007 114 -1.0700 -0.2800 1.4800 51.49 49.95 49.16 0.0000 -0.0000 -0.0000 40.4418 -124.3963
2007.3137 2007 115 0.2800 0.9600 -2.1100 51.25 50.24 49.33 0.0000 0.0000 -0.0000 40.4418 -124.3963
2007.3164 2007 116 -2.8500 0.6200 -0.0400 51.31 50.27 49.28 0.0000 0.0000 -0.0000 40.4418 -124.3963
2007.3192 2007 117 -0.9900 1.1800 -1.1900 51.56 50.38 48.95 0.0000 0.0000 -0.0000 40.4418 -124.3963
2007.3219 2007 118 -2.6900 1.3300 -6.2600 51.36 50.40 48.65 0.0000 0.0000 -0.0000 40.4418 -124.3963
2007.3247 2007 119 -0.6600 -0.0700 0.0900 51.05 49.87 48.65 0.0000 -0.0000 -0.0000 40.4418 -124.3963
2007.3274 2007 120 -2.1300 0.0500 -1.4400 50.97 50.24 48.77 0.0000 0.0000 -0.0000 40.4418 -124.3963
2007.3301 2007 121 0.5500 -0.0800 -0.2500 50.80 50.10 48.27 0.0000 0.0000 -0.0000 40.4418 -124.3963
2007.3329 2007 122 4.5500 0.1100 0.6900 50.50 50.29 47.74 0.0000 0.0000 -0.0000 40.4418 -124.3963
2007.3356 2007 123 1.8900 0.8100 -2.2100 49.86 50.39 47.37 -0.0000 0.0000 -0.0000 40.4418 -124.3963
2007.3384 2007 124 0.8900 -1.2000 -1.9600 49.70 50.62 46.87 -0.0000 0.0000 -0.0000 40.4418 -124.3963
2007.3411 2007 125 -0.9200 -1.3600 0.4200 49.82 50.65 46.60 -0.0000 0.0000 -0.0064 40.4418 -124.3963
2007.3438 2007 126 -2.8400 -2.5800 0.6600 49.63 50.33 46.89 -0.0000 0.0000 -0.0000 40.4418 -124.3963
2007.3466 2007 127 -1.0400 -1.3900 1.5100 49.93 50.05 46.94 -0.0000 0.0000 -0.0000 40.4418 -124.3963
2007.3493 2007 128 0.6100 0.0600 1.2200 50.01 49.67 47.25 0.0000 -0.0000 -0.0000 40.4418 -124.3963
2007.3521 2007 129 -0.9300 0.6400 -1.1400 50.51 49.22 47.91 0.0000 -0.0000 -0.0000 40.4418 -124.3963
2007.3548 2007 130 1.2700 0.9400 -2.8700 50.52 49.09 47.83 0.0000 -0.0000 -0.0000 40.4418 -124.3963
2007.3575 2007 131 0.8000 0.3500 -6.8400 50.76 48.81 48.13 0.0000 -0.0000 -0.0000 40.4418 -124.3963
2007.3603 2007 132 1.1500 0.1000 -2.1900 50.49 48.37 48.60 0.0000 -0.0000 -0.0000 40.4418 -124.3963
2007.3630 2007 133 -4.2700 0.2400 -2.9800 49.84 48.27 48.95 -0.0000 -0.0000 -0.0000 40.4418 -124.3963
2007.3658 2007 134 -1.6400 0.5800 -2.7800 49.63 47.93 49.58 -0.0000 -0.0000 -0.0000 40.4418 -124.3963
2007.3685 2007 135 0.2300 0.1900 -2.7100 NaN NaN NaN 0.0000 0.0000 0.0000 40.4418 -124.3963
2007.3712 2007 136 -0.8600 0.0200 0.9600 NaN NaN NaN 0.0000 0.0000 0.0000 40.4418 -124.3963
2007.3740 2007 137 1.2200 -0.4000 -0.7100 NaN NaN NaN 0.0000 0.0000 0.0000 40.4418 -124.3963
2007.3767 2007 138 0.9000 -0.2000 2.8700 NaN NaN NaN 0.0000 0.0000 0.0000 40.4418 -124.3963
2007.3795 2007 139 1.8600 -0.3700 1.9500 NaN NaN NaN 0.0000 0.0000 0.0000 40.4418 -124.3963
2007.3822 2007 140 0.7900 -0.4000 -0.1300 NaN NaN NaN 0.0000 0.0000 0.0000 40.4418 -124.3963
2007.3849 2007 141 -1.6600 -1.9700 2.2400 NaN NaN NaN 0.0000 0.0000 0.0000 40.4418 -124.3963
2007.3877 2007 142 -1.5100 -1.9600 7.5900 NaN NaN NaN 0.0000 0.0000 0.0000 40.4418 -124.3963
2007.3904 2007 143 -0.7000 -0.6300 3.2500 NaN NaN NaN 0.0000 0.0000 0.0000 40.4418 -124.3963
2007.3932 2007 144 1.7500 -0.6200 4.1000 NaN NaN NaN 0.0000 0.0000 0.0000 40.4418 -124.3963
2007.5082 2007 186 -1.2100 -1.1900 1.5000 52.02 48.88 49.19 0.0000 -0.0000 -0.0000 40.4418 -124.3963
2007.5110 2007 187 -2.1000 0.2500 1.7300 52.51 48.63 49.43 0.0000 -0.0000 -0.0000 40.4418 -124.3963
2007.5137 2007 188 -2.0900 2.5700 -7.1000 52.78 48.76 49.55 0.0000 -0.0000 -0.0000 40.4418 -124.3963
2007.5164 2007 189 1.1500 -0.0500 -4.8900 52.90 48.98 49.52 0.0000 -0.0000 -0.0000 40.4418 -124.3963
2007.5192 2007 190 1.6900 -1.0300 -0.5200 52.85 49.01 49.20 0.0000 -0.0000 -0.0000 40.4418 -124.3963
2007.5219 2007 191 3.6900 -0.5900 4.0300 52.69 48.98 48.91 0.0000 -0.0000 -0.0000 40.4418 -124.3963
2007.5247 2007 192 2.9000 -0.5800 4.7700 52.69 49.12 48.98 0.0000 -0.0000 -0.0000 40.4418 -124.3963
2007.5274 2007 193 -1.0600 -2.9500 3.8900 52.91 49.41 49.76 0.0000 -0.0000 -0.0000 40.4418 -124.3963
2007.5301 2007 194 2.8200 -1.9400 1.8800 52.26 49.72 49.73 0.0000 -0.0000 -0.0000 40.4418 -124.3963
2007.5329 2007 195 2.9800 -1.7200 2.5000 52.44 50.13 49.90 0.0000 0.0000 -0.0000 40.4418 -124.3963
2007.5356 2007 196 4.4500 -2.2500 5.3300 52.84 50.24 50.13 0.0000 0.0000 0.0000 40.4418 -124.3963
2007.5384 2007 197 1.7600 0.9500 4.6200 52.65 50.27 50.34 0.0000 0.0000 0.0000 40.4418 -124.3963
2007.5411 2007 198 1.4900 -1.8400 6.8000 52.74 50.09 50.31 0.0000 0.0000 0.0000 40.4418 -124.3963
2007.5438 2007 199 2.9200 -0.1700 -0.8500 52.59 49.74 50.70 0.0000 -0.0000 0.0000 40.4418 -124.3963
2007.5466 2007 200 2.3500 -2.4800 4.3700 51.92 49.97 51.21 0.0000 -0.0000 0.0000 40.4418 -124.3963
2007.5493 2007 201 2.8300 -1.2000 1.6400 51.39 50.06 51.16 0.0000 0.0000 0.0000 40.4418 -124.3963
2007.5521 2007 202 1.6400 -1.9800 1.8700 51.03 50.32 50.84 0.0000 0.0000 0.0000 40.4418 -124.3963
2007.5548 2007 203 1.8200 -1.6000 8.6900 50.97 50.38 50.54 0.0000 0.0000 0.0000 40.4418 -124.3963
2007.5575 2007 204 -1.4600 -0.0700 4.5500 51.40 50.94 50.25 0.0000 0.0000 0.0000 40.4418 -124.3963
2007.5603 2007 205 0.5900 -0.1000 0.4100 50.94 51.35 50.25 0.0000 0.0000 0.0000 40.4418 -124.3963
2007.5630 2007 206 0.5000 -0.1900 3.0600 50.35 51.78 50.10 0.0000 0.0000 0.0000 40.4418 -124.3963
2007.5658 2007 207 0.2100 -0.6700 -0.6100 49.45 52.21 49.95 -0.0000 0.0000 -0.0000 40.4418 -124.3963
2007.5685 2007 208 0.1300 1.1300 3.8400 49.22 51.92 49.73 -0.0000 0.0000 -0.0000 40.4418 -124.3963
2007.5712 2007 209 -1.3600 1.6100 -1.4600 49.03 52.26 49.49 -0.0000 0.0000 -0.0000 40.4418 -124.3963
2007.5740 2007 210 -2.8300 2.4200 -0.2600 48.66 52.35 49.40 -0.0000 0.0000 -0.0000 40.4418 -124.3963
2007.5767 2007 211 -2.2900 0.8400 -9.9600 48.27 52.94 49.21 -0.0000 0.0000 -0.0000 40.4418 -124.3963
2007.5795 2007 212 1.1100 0.4600 -0.6400 47.84 53.15 49.48 -0.0000 0.0000 -0.0000 40.4418 -124.3963
2007.5822 2007 213 1.4300 -0.0700 3.0300 47.60 53.56 49.41 -0.0000 0.0000 -0.0000 40.4418 -124.3963
2007.5849 2007 214 2.3400 0.4800 0.4300 47.40 53.93 48.76 -0.0000 0.0114 -0.0000 40.4418 -124.3963
2007.5877 2007 215 -0.4000 0.6700 3.4400 47.65 53.83 48.44 -0.0000 0.0001 -0.0000 40.4418 -124.3963
2007.5904 2007 216 0.3200 0.7600 -0.2000 47.59 53.77 48.30 -0.0000 0.0000 -0.0000 40.4418 -124.3963
2007.5932 2007 217 0.0700 0.2000 2.9900 47.33 53.86 48.23 -0.0000 0.0009 -0.0000 40.4418 -124.3963
2007.5959 2007 218 1.8500 -0.6800 -0.3700 47.22 53.87 48.41 -0.0000 0.0037 -0.0000 40.4418 -124.3963
2007.5986 2007 219 1.0700 0.3300 0.6700 46.99 53.50 48.26 -0.0000 0.0000 -0.0000 40.4418 -124.3963
2007.6014 2007 220 0.5200 0.9600 -7.3700 47.12 53.39 48.04 -0.0000 0.0000 -0.0000 40.4418 -124.3963
2007.6041 2007 221 -0.3700 0.8500 -7.8700 47.83 52.47 47.85 -0.0000 0.0000 -0.0000 40.4418 -124.3963
2007.6068 2007 222 -1.8000 -0.2100 3.4100 48.59 52.24 48.56 -0.0000 0.0000 -0.0000 40.4418 -124.3963
2007.6096 2007 223 -0.5000 0.1600 1.9400 48.45 52.20 49.03 -0.0000 0.0000 -0.0000 40.4418 -124.3963
2007.6123 2007 224 -0.0900 0.6900 -0.4300 47.88 52.33 49.20 -0.0000 0.0000 -0.0000 40.4418 -124.3963
2007.6151 2007 225 -1.6100 0.2000 -5.7600 46.89 52.02 49.19 -0.0000 0.0000 -0.0000 40.4418 -124.3963
2007.6178 2007 226 0.9600 0.4400 -2.9400 47.29 51.57 49.04 -0.0000 0.0000 -0.0000 40.4418 -124.3963
2007.6205 2007 227 0.6100 0.4400 1.6300 47.71 51.24 49.24 -0.0000 0.0000 -0.0000 40.4418 -124.3963
2007.6233 2007 228 0.2400 -0.3300 3.3000 47.98 50.92 49.22 -0.0000 0.0000 -0.0000 40.4418 -124.3963
2007.6260 2007 229 -0.3400 -0.2800 0.8500 47.78 51.29 49.24 -0.0000 0.0000 -0.0000 40.4418 -124.3963
2007.6288 2007 230 0.5100 0.6100 -2.1800 47.73 51.00 49.47 -0.0000 0.0000 -0.0000 40.4418 -124.3963
2007.6315 2007 231 0.7200 -1.1000 -1.1500 47.90 50.71 49.87 -0.0000 0.0000 -0.0000 40.4418 -124.3963
2007.6342 2007 232 1.8500 0.6100 3.0100 48.26 50.01 50.48 -0.0000 0.0000 0.0000 40.4418 -124.3963
2007.6370 2007 233 -2.3000 0.8400 9.9100 48.76 50.04 50.45 -0.0000 0.0000 0.0000 40.4418 -124.3963
2007.6397 2007 234 -6.6800 0.8300 6.7500 48.88 49.87 50.53 -0.0000 -0.0000 0.0000 40.4418 -124.3963
2007.6425 2007 235 -5.6600 0.7100 -3.3700 49.08 49.25 50.89 -0.0000 -0.0000 0.0000 40.4418 -124.3963
2007.6452 2007 236 0.7900 -0.1400 -0.3900 49.17 49.17 51.35 -0.0000 -0.0000 0.0000 40.4418 -124.3963
2007.6479 2007 237 2.7300 0.4400 4.2100 49.05 49.04 51.66 -0.0000 -0.0000 0.0000 40.4418 -124.3963
2007.6507 2007 238 -2.3300 -0.0200 0.2300 48.59 48.50 51.80 -0.0000 -0.0000 0.0000 40.4418 -124.3963
2007.6534 2007 239 -1.1800 0.1200 -4.6800 48.31 48.48 51.79 -0.0000 -0.0000 0.0000 40.4418 -124.3963
2007.6562 2007 240 -0.2700 0.4000 3.3400 48.32 49.15 52.03 -0.0000 -0.0000 0.0000 40.4418 -124.3963
2007.6589 2007 241 -0.7000 0.3900 0.7600 48.13 49.26 52.33 -0.0000 -0.0000 0.0000 40.4418 -124.3963
2007.6616 2007 242 0.9100 0.2300 1.9000 47.73 50.12 52.63 -0.0000 0.0000 0.0000 40.4418 -124.3963
2007.6644 2007 243 -0.9500 0.6000 3.9100 47.31 50.28 52.20 -0.0000 0.0000 0.0000 40.4418 -124.3963
2007.6671 2007 244 -1.9200 1.0200 4.6500 47.83 50.12 51.54 -0.0000 0.0000 0.0000 40.4418 -124.3963
2007.6699 2007 245 0.1900 -0.3200 3.1800 48.92 49.84 51.27 -0.0000 -0.0000 0.0000 40.4418 -124.3963
2007.6726 2007 246 -0.4200 0.1100 0.3700 49.91 49.69 51.69 -0.0000 -0.0000 0.0000 40.4418 -124.3963
2007.6753 2007 247 -0.2400 0.2900 4.0400 49.74 49.74 51.86 -0.0000 -0.0000 0.0000 40.4418 -124.3963
2007.6781 2007 248 -7.6700 -1.8600 4.7600 49.34 49.76 51.66 -0.0000 -0.0000 0.0000 40.4418 -124.3963
2007.6808 2007 249 -4.9900 -0.1000 6.1800 49.47 49.95 51.84 -0.0000 -0.0000 0.0000 40.4418 -124.3963
2007.6836 2007 250 -1.1200 2.3000 5.4600 49.36 49.68 52.63 -0.0000 -0.0000 0.0000 40.4418 -124.3963
2007.6863 2007 251 0.4300 -0.1300 5.5600 49.29 49.74 52.63 -0.0000 -0.0000 0.0000 40.4418 -124.3963
2007.6890 2007 252 0.2400 0.2600 6.6400 NaN NaN NaN 0.0000 0.0000 0.0000 40.4418 -124.3963
2007.6918 2007 253 2.0000 1.4200 2.1100 NaN NaN NaN 0.0000 0.0000 0.0000 40.4418 -124.3963
2007.6945 2007 254 1.1300 0.1700 1.1900 NaN NaN NaN 0.0000 0.0000 0.0000 40.4418 -124.3963
2007.6973 2007 255 0.5900 0.1000 2.9800 NaN NaN NaN 0.0000 0.0000 0.0000 40.4418 -124.3963
2007.7000 2007 256 -0.0600 0.0300 3.3500 NaN NaN NaN 0.0000 0.0000 0.0000 40.4418 -124.3963
2007.7027 2007 257 -0.4900 -0.9300 0.8300 NaN NaN NaN 0.0000 0.0000 0.0000 40.4418 -124.3963
2007.7055 2007 258 -0.5900 0.1700 2.6500 NaN NaN NaN 0.0000 0.0000 0.0000 40.4418 -124.3963
2007.7082 2007 259 -2.6500 1.0600 2.1000 NaN NaN NaN 0.0000 0.0000 0.0000 40.4418 -124.3963
2007.7110 2007 260 -5.3600 -0.7300 8.1000 NaN NaN NaN 0.0000 0.0000 0.0000 40.4418 -124.3963
2007.7137 2007 261 -2.6700 1.0600 4.5100 NaN NaN NaN 0.0000 0.0000 0.0000 40.4418 -124.3963
