2005.0863 2005 32 5.6900 0.3200 -2.4700 NaN NaN NaN 0.0000 0.0000 0.0000 47.7741 -122.0802
2005.0890 2005 33 4.6500 0.4500 4.6100 NaN NaN NaN 0.0000 0.0000 0.0000 47.7741 -122.0802
2005.1795 2005 66 2.2000 1.1900 2.8300 42.63 51.52 51.70 -0.0000 0.0000 0.0000 47.7741 -122.0802
2005.1822 2005 67 3.3700 0.9200 4.1900 42.79 51.46 51.49 -0.0000 0.0000 0.0000 47.7741 -122.0802
2005.1849 2005 68 2.9200 1.4300 1.9100 43.24 51.39 51.86 -0.0000 0.0000 0.0000 47.7741 -122.0802
2005.1877 2005 69 3.9600 0.8000 1.4300 43.53 51.50 51.90 -0.0000 0.0000 0.0000 47.7741 -122.0802
2005.1904 2005 70 3.6200 -0.1000 -1.2300 44.20 51.16 51.43 -0.0000 0.0000 0.0000 47.7741 -122.0802
2005.1932 2005 71 2.8100 2.3400 6.5400 44.35 51.30 51.25 -0.0000 0.0000 0.0000 47.7741 -122.0802
2005.1959 2005 72 1.6400 1.5100 0.7100 44.89 51.53 51.12 -0.0000 0.0000 0.0000 47.7741 -122.0802
2005.1986 2005 73 0.9800 2.7100 5.3200 44.49 51.93 51.28 -0.0000 0.0000 0.0000 47.7741 -122.0802
2005.2014 2005 74 0.7500 1.6500 7.4900 44.63 52.10 51.33 -0.0000 0.0000 0.0000 47.7741 -122.0802
2005.2041 2005 75 2.1600 0.8500 7.3000 44.59 52.19 51.96 -0.0000 0.0000 0.0000 47.7741 -122.0802
2005.2068 2005 76 2.6100 1.4800 11.3100 44.83 51.87 52.02 -0.0000 0.0000 0.0000 47.7741 -122.0802
2005.2096 2005 77 3.1200 0.6000 7.3500 45.42 51.57 52.30 -0.0000 0.0000 0.0000 47.7741 -122.0802
2005.2123 2005 78 3.5000 0.6700 7.3500 45.67 51.57 52.29 -0.0000 0.0000 0.0000 47.7741 -122.0802
2005.2151 2005 79 4.0200 -0.0100 9.1000 46.10 51.33 52.68 -0.0000 0.0000 0.0000 47.7741 -122.0802
2005.2178 2005 80 5.3500 -0.2500 3.0000 45.98 51.24 52.72 -0.0000 0.0000 0.0000 47.7741 -122.0802
2005.2205 2005 81 3.7800 1.4400 4.2500 46.15 51.19 53.14 -0.0000 0.0000 0.0000 47.7741 -122.0802
2005.2233 2005 82 2.3500 0.3000 2.3800 46.53 50.33 53.11 -0.0000 0.0000 0.0000 47.7741 -122.0802
2005.2260 2005 83 -0.1000 1.4300 5.6900 47.19 50.11 53.62 -0.0000 0.0000 0.0000 47.7741 -122.0802
2005.2288 2005 84 0.6100 1.1100 2.4100 47.79 49.39 53.63 -0.0000 -0.0000 0.0000 47.7741 -122.0802
2005.2315 2005 85 0.0500 2.0200 14.3000 48.40 49.04 53.24 -0.0000 -0.0000 0.0000 47.7741 -122.0802
2005.2342 2005 86 2.6600 0.3800 10.8000 48.67 49.33 53.16 -0.0000 -0.0000 0.0000 47.7741 -122.0802
2005.2370 2005 87 1.9500 -0.8400 10.9400 48.88 49.12 52.79 -0.0000 -0.0000 0.0000 47.7741 -122.0802
2005.2397 2005 88 2.7600 1.0700 15.2900 48.86 49.25 52.92 -0.0000 -0.0000 0.0000 47.7741 -122.0802
2005.2425 2005 89 4.5400 0.7500 16.3600 48.76 49.17 52.72 -0.0000 -0.0000 0.0000 47.7741 -122.0802
2005.2452 2005 90 1.3000 -0.4700 5.1700 48.63 49.35 52.51 -0.0000 -0.0000 0.0000 47.7741 -122.0802
2005.2479 2005 91 3.2400 -0.2800 10.1800 48.15 49.50 52.91 -0.0000 -0.0000 0.0000 47.7741 -122.0802
2005.2507 2005 92 1.7600 -0.1100 7.2300 48.04 49.07 53.00 -0.0000 -0.0000 0.0000 47.7741 -122.0802
2005.2534 2005 93 3.1600 0.6100 9.7500 48.06 49.01 53.08 -0.0000 -0.0000 0.0000 47.7741 -122.0802
2005.2562 2005 94 1.6600 0.3200 9.5700 48.68 48.52 52.78 -0.0000 -0.0000 0.0000 47.7741 -122.0802
2005.2589 2005 95 2.4000 0.2500 -0.1800 49.01 48.38 52.76 -0.0000 -0.0000 0.0000 47.7741 -122.0802
2005.2616 2005 96 2.5700 1.5000 6.5000 49.64 47.90 52.06 -0.0000 -0.0000 0.0000 47.7741 -122.0802
2005.2644 2005 97 2.3300 0.8300 7.9000 49.55 47.66 51.63 -0.0000 -0.0000 0.0000 47.7741 -122.0802
2005.2671 2005 98 2.3300 0.9100 14.4600 49.46 47.88 51.02 -0.0000 -0.0000 0.0000 47.7741 -122.0802
2005.2699 2005 99 2.0700 0.1500 9.8500 49.37 47.79 50.07 -0.0000 -0.0000 0.0000 47.7741 -122.0802
2005.2726 2005 100 1.3800 1.3000 7.1900 48.63 47.65 49.07 -0.0000 -0.0000 -0.0000 47.7741 -122.0802
2005.2753 2005 101 2.8400 -0.0100 9.5700 48.64 47.86 48.94 -0.0000 -0.0000 -0.0000 47.7741 -122.0802
2005.2781 2005 102 1.9700 -0.3900 6.5500 48.26 47.94 48.15 -0.0000 -0.0000 -0.0000 47.7741 -122.0802
2005.2808 2005 103 2.7600 0.5000 2.6800 47.89 48.33 48.02 -0.0000 -0.0000 -0.0000 47.7741 -122.0802
2005.2836 2005 104 1.2900 -0.2200 3.0000 47.50 48.59 47.74 -0.0000 -0.0000 -0.0000 47.7741 -122.0802
2005.2863 2005 105 1.4500 1.2300 4.6500 47.22 48.92 47.46 -0.0000 -0.0000 -0.0000 47.7741 -122.0802
2005.2890 2005 106 2.9300 -0.3300 5.8900 46.62 49.19 47.87 -0.0000 -0.0000 -0.0000 47.7741 -122.0802
2005.2918 2005 107 0.9200 -1.9100 3.4900 46.36 48.88 47.85 -0.0000 -0.0000 -0.0000 47.7741 -122.0802
2005.2945 2005 108 0.8000 -1.1100 0.4400 45.91 48.78 47.57 -0.0000 -0.0000 -0.0000 47.7741 -122.0802
2005.2973 2005 109 1.2500 0.5400 -3.2300 45.61 48.66 47.26 -0.0000 -0.0000 -0.0000 47.7741 -122.0802
2005.3000 2005 110 -0.7500 -0.9100 -0.4800 45.61 48.84 47.05 -0.0000 -0.0000 -0.0000 47.7741 -122.0802
2005.3027 2005 111 -0.8200 0.0000 4.6800 45.74 48.58 46.92 -0.0000 -0.0000 -0.0000 47.7741 -122.0802
2005.3055 2005 112 0.0600 0.1600 -4.7200 45.65 48.59 46.57 -0.0000 -0.0000 -0.0000 47.7741 -122.0802
2005.3082 2005 113 -1.8700 0.4200 3.4100 45.53 48.96 46.55 -0.0000 -0.0000 -0.0000 47.7741 -122.0802
2005.3110 2005 114 0.9900 1.7500 10.3000 45.21 48.92 46.57 -0.0000 -0.0000 -0.0000 47.7741 -122.0802
2005.3137 2005 115 -0.1000 0.3400 4.0100 44.96 49.14 46.63 -0.0000 -0.0000 -0.0000 47.7741 -122.0802
2005.3164 2005 116 -1.6200 0.7600 6.0600 44.80 48.81 46.56 -0.0000 -0.0000 -0.0000 47.7741 -122.0802
2005.3192 2005 117 0.4700 -0.2500 5.2300 44.25 49.14 46.89 -0.0000 -0.0000 -0.0000 47.7741 -122.0802
2005.3219 2005 118 -2.7400 -0.8200 -6.1000 44.37 49.66 47.10 -0.0000 -0.0000 -0.0000 47.7741 -122.0802
2005.3247 2005 119 -1.8100 0.2300 9.8500 44.55 49.61 47.53 -0.0000 -0.0000 -0.0000 47.7741 -122.0802
2005.3274 2005 120 0.5400 1.1400 3.9500 44.81 49.58 48.26 -0.0000 -0.0000 -0.0000 47.7741 -122.0802
2005.3301 2005 121 0.0200 0.5900 -0.3100 45.60 49.77 48.85 -0.0000 -0.0000 -0.0000 47.7741 -122.0802
2005.3329 2005 122 -0.9600 0.3800 2.1200 46.04 49.41 48.80 -0.0000 -0.0000 -0.0000 47.7741 -122.0802
2005.3356 2005 123 -1.3700 0.5000 8.6300 46.61 49.35 49.37 -0.0000 -0.0000 -0.0000 47.7741 -122.0802
2005.3384 2005 124 -0.4900 0.3600 3.6000 47.34 49.18 49.64 -0.0000 -0.0000 -0.0000 47.7741 -122.0802
2005.3411 2005 125 0.0600 -0.3900 2.8200 47.96 48.49 49.46 -0.0000 -0.0000 -0.0000 47.7741 -122.0802
2005.3438 2005 126 0.7100 -1.0600 4.2800 48.40 48.11 49.70 -0.0000 -0.0000 -0.0000 47.7741 -122.0802
2005.3466 2005 127 0.0800 -0.2200 8.7300 49.30 47.83 49.54 -0.0000 -0.0000 -0.0000 47.7741 -122.0802
2005.3493 2005 128 0.2600 -0.4900 2.2400 49.91 47.97 49.64 -0.0000 -0.0000 -0.0000 47.7741 -122.0802
2005.3521 2005 129 1.4800 -1.6800 5.3700 51.12 47.99 50.20 0.0000 -0.0000 0.0000 47.7741 -122.0802
2005.3548 2005 130 2.3200 -0.1400 3.7700 51.87 47.79 50.38 0.0000 -0.0000 0.0000 47.7741 -122.0802
2005.3575 2005 131 1.5800 -1.0700 3.1000 52.17 47.23 50.46 0.0000 -0.0000 0.0000 47.7741 -122.0802
2005.3603 2005 132 1.0300 -1.8800 1.6100 52.65 46.80 50.70 0.0000 -0.0000 0.0000 47.7741 -122.0802
2005.3630 2005 133 1.7400 0.1200 -0.5600 53.42 46.47 50.73 0.0000 -0.0000 0.0000 47.7741 -122.0802
2005.3658 2005 134 0.7900 -0.2800 10.3500 54.19 46.30 50.30 0.0000 -0.0000 0.0000 47.7741 -122.0802
2005.3685 2005 135 4.7600 -2.4000 3.2600 54.72 46.21 50.03 0.0000 -0.0000 0.0000 47.7741 -122.0802
2005.3712 2005 136 2.3900 -2.2800 7.9100 54.77 46.14 50.02 0.0000 -0.0000 0.0000 47.7741 -122.0802
2005.3740 2005 137 3.0300 -0.8500 6.9000 54.71 46.55 50.02 0.0000 -0.0000 0.0000 47.7741 -122.0802
2005.3767 2005 138 4.5700 -0.7300 7.4400 54.77 46.55 49.72 0.0000 -0.0000 -0.0000 47.7741 -122.0802
2005.3795 2005 139 4.0500 -2.1600 1.2000 54.57 46.41 49.73 0.0000 -0.0000 -0.0000 47.7741 -122.0802
2005.3822 2005 140 1.8500 -1.7300 12.2100 54.15 46.59 49.50 0.0000 -0.0000 -0.0000 47.7741 -122.0802
2005.3849 2005 141 2.1100 -1.9500 1.5100 53.67 46.56 49.44 0.0000 -0.0000 -0.0000 47.7741 -122.0802
2005.3877 2005 142 3.3700 -2.9600 1.9700 53.46 46.60 49.40 0.0000 -0.0000 -0.0000 47.7741 -122.0802
2005.3904 2005 143 3.0800 -1.7300 -3.2200 53.20 46.97 49.48 0.0000 -0.0000 -0.0000 47.7741 -122.0802
2005.3932 2005 144 2.8300 -0.0400 -5.6300 53.17 46.97 49.55 0.0000 -0.0000 -0.0000 47.7741 -122.0802
2005.3959 2005 145 1.7700 -0.5000 -5.1000 53.10 47.17 49.13 0.0000 -0.0000 -0.0000 47.7741 -122.0802
2005.3986 2005 146 -0.5300 -1.1200 2.4500 52.35 47.75 49.14 0.0000 -0.0000 -0.0000 47.7741 -122.0802
2005.4014 2005 147 -0.5000 -0.2600 3.8100 52.00 48.33 48.90 0.0000 -0.0000 -0.0000 47.7741 -122.0802
2005.4041 2005 148 -1.8700 -0.1400 0.0800 51.52 48.44 48.83 0.0000 -0.0000 -0.0000 47.7741 -122.0802
2005.4068 2005 149 -2.3200 0.2100 1.3900 51.03 48.64 48.82 0.0000 -0.0000 -0.0000 47.7741 -122.0802
2005.4096 2005 150 -1.9400 -0.9300 1.1400 50.25 49.01 48.64 0.0000 -0.0000 -0.0000 47.7741 -122.0802
2005.4123 2005 151 -1.2600 -1.1200 7.0100 49.83 49.52 48.41 -0.0000 -0.0000 -0.0000 47.7741 -122.0802
2005.4151 2005 152 1.7900 -1.0000 4.6800 49.73 50.19 48.71 -0.0000 0.0000 -0.0000 47.7741 -122.0802
2005.4178 2005 153 0.1000 -1.3800 2.0600 49.39 50.99 48.72 -0.0000 0.0000 -0.0000 47.7741 -122.0802
2005.4205 2005 154 3.3200 0.0900 5.7500 48.85 51.30 48.90 -0.0000 0.0000 -0.0000 47.7741 -122.0802
2005.4233 2005 155 3.0700 0.4300 1.5500 48.33 51.34 49.60 -0.0000 0.0000 -0.0000 47.7741 -122.0802
2005.4260 2005 156 0.4100 -2.2400 -2.1600 48.05 51.47 50.15 -0.0000 0.0000 0.0000 47.7741 -122.0802
2005.4288 2005 157 1.0200 -0.7400 3.0900 48.31 51.58 50.19 -0.0000 0.0000 0.0000 47.7741 -122.0802
2005.4315 2005 158 2.5800 -1.6100 5.3200 48.65 51.21 50.11 -0.0000 0.0000 0.0000 47.7741 -122.0802
2005.4342 2005 159 3.6100 0.2800 8.7500 49.00 51.03 50.44 -0.0000 0.0000 0.0000 47.7741 -122.0802
2005.4370 2005 160 3.5300 -0.6700 1.7000 49.62 51.03 50.52 -0.0000 0.0000 0.0000 47.7741 -122.0802
2005.4397 2005 161 1.3700 0.1400 6.6100 50.21 51.14 50.63 0.0000 0.0000 0.0000 47.7741 -122.0802
2005.4425 2005 162 2.8900 -0.2300 8.4400 50.70 51.40 50.49 0.0000 0.0000 0.0000 47.7741 -122.0802
2005.4452 2005 163 3.5600 -0.6700 4.1500 50.72 51.40 50.51 0.0000 0.0000 0.0000 47.7741 -122.0802
2005.4479 2005 164 2.0900 -1.5200 -1.8000 51.12 51.49 50.65 0.0000 0.0000 0.0000 47.7741 -122.0802
2005.4507 2005 165 2.3600 -0.1800 4.6900 50.72 51.49 50.49 0.0000 0.0000 0.0000 47.7741 -122.0802
2005.4534 2005 166 1.3900 -0.3300 4.6000 50.28 51.20 50.89 0.0000 0.0000 0.0000 47.7741 -122.0802
2005.4562 2005 167 1.5500 -0.9500 3.5400 50.85 51.17 50.97 0.0000 0.0000 0.0000 47.7741 -122.0802
2005.4589 2005 168 1.6800 -2.3800 0.8900 51.13 50.90 51.12 0.0000 0.0000 0.0000 47.7741 -122.0802
2005.4616 2005 169 -0.2900 -1.4900 2.9000 51.23 51.04 51.13 0.0000 0.0000 0.0000 47.7741 -122.0802
2005.4644 2005 170 1.5800 1.0300 3.1000 51.31 50.72 50.96 0.0000 0.0000 0.0000 47.7741 -122.0802
2005.4671 2005 171 0.6800 0.7700 0.7400 51.23 50.38 50.96 0.0000 0.0000 0.0000 47.7741 -122.0802
2005.4699 2005 172 0.0200 0.0200 5.4900 51.21 50.05 51.16 0.0000 0.0000 0.0000 47.7741 -122.0802
2005.4726 2005 173 2.2300 -0.9100 6.4600 51.07 49.68 50.86 0.0000 -0.0000 0.0000 47.7741 -122.0802
2005.4753 2005 174 3.4800 0.0800 6.3300 51.00 49.25 50.68 0.0000 -0.0000 0.0000 47.7741 -122.0802
2005.4781 2005 175 0.5000 0.0900 6.0300 50.94 49.29 50.75 0.0000 -0.0000 0.0000 47.7741 -122.0802
2005.4808 2005 176 0.4800 -1.2400 5.4400 50.68 49.26 50.56 0.0000 -0.0000 0.0000 47.7741 -122.0802
2005.4836 2005 177 2.2100 -2.3300 -4.7100 50.80 49.08 50.46 0.0000 -0.0000 0.0000 47.7741 -122.0802
2005.4863 2005 178 2.5700 -1.2200 3.4500 50.75 49.11 50.49 0.0000 -0.0000 0.0000 47.7741 -122.0802
2005.4890 2005 179 3.0600 -1.3600 4.3200 50.51 49.38 50.69 0.0000 -0.0000 0.0000 47.7741 -122.0802
2005.4918 2005 180 3.5600 -1.1500 4.9500 50.72 49.46 50.43 0.0000 -0.0000 0.0000 47.7741 -122.0802
2005.4945 2005 181 2.2200 -1.7100 2.2100 50.53 48.89 50.40 0.0000 -0.0000 0.0000 47.7741 -122.0802
2005.4973 2005 182 0.7100 -0.5100 7.2100 50.49 48.47 50.48 0.0000 -0.0000 0.0000 47.7741 -122.0802
2005.5000 2005 183 2.2300 -1.4100 6.9100 50.60 48.30 50.50 0.0000 -0.0000 0.0000 47.7741 -122.0802
2005.5027 2005 184 3.0300 -1.6500 1.2200 50.57 48.41 50.42 0.0000 -0.0000 0.0000 47.7741 -122.0802
2005.5055 2005 185 0.6100 -1.0100 1.1000 50.08 48.21 50.12 0.0000 -0.0000 0.0000 47.7741 -122.0802
2005.5082 2005 186 -0.8500 -0.5400 7.5100 50.38 48.12 50.28 0.0000 -0.0000 0.0000 47.7741 -122.0802
2005.5110 2005 187 2.4300 -1.4700 9.1000 50.88 48.24 50.03 0.0000 -0.0000 0.0000 47.7741 -122.0802
2005.5137 2005 188 3.3800 -0.5400 5.3100 50.72 48.61 50.24 0.0000 -0.0000 0.0000 47.7741 -122.0802
2005.5164 2005 189 1.3200 -2.4700 3.4900 50.66 48.78 50.07 0.0000 -0.0000 0.0000 47.7741 -122.0802
2005.5192 2005 190 4.4300 -2.1700 -1.5900 50.50 49.07 50.12 0.0000 -0.0000 0.0000 47.7741 -122.0802
2005.5219 2005 191 3.7100 -1.9800 4.0000 50.36 49.45 50.22 0.0000 -0.0000 0.0000 47.7741 -122.0802
2005.5247 2005 192 3.0400 -0.7200 2.6900 50.36 49.91 50.13 0.0000 -0.0000 0.0000 47.7741 -122.0802
2005.5274 2005 193 2.8300 -0.2000 4.6100 50.48 49.79 49.85 0.0000 -0.0000 -0.0000 47.7741 -122.0802
2005.5301 2005 194 2.3700 -0.1600 5.8100 50.42 50.16 49.73 0.0000 0.0000 -0.0000 47.7741 -122.0802
2005.5329 2005 195 1.3800 -0.1900 2.4000 50.19 50.63 49.89 0.0000 0.0000 -0.0000 47.7741 -122.0802
2005.5356 2005 196 0.8700 -0.4600 11.2500 50.08 50.56 49.61 0.0000 0.0000 -0.0000 47.7741 -122.0802
2005.5384 2005 197 3.5000 -1.5700 1.9800 50.34 50.64 49.13 0.0000 0.0000 -0.0000 47.7741 -122.0802
2005.5411 2005 198 2.4000 -0.1600 -0.7900 49.65 51.16 48.76 -0.0000 0.0000 -0.0000 47.7741 -122.0802
2005.5438 2005 199 3.6000 -0.5900 -1.0700 49.17 51.31 48.68 -0.0000 0.0000 -0.0000 47.7741 -122.0802
2005.5466 2005 200 1.7200 0.6000 4.8100 49.03 51.88 48.70 -0.0000 0.0000 -0.0000 47.7741 -122.0802
2005.5493 2005 201 1.7800 0.0500 3.5900 48.05 52.32 48.98 -0.0000 0.0000 -0.0000 47.7741 -122.0802
2005.5521 2005 202 0.7000 0.1800 0.0600 47.30 53.05 48.84 -0.0000 0.0000 -0.0000 47.7741 -122.0802
2005.5548 2005 203 1.2800 -1.9000 -0.1900 46.46 53.36 48.60 -0.0000 0.0000 -0.0000 47.7741 -122.0802
2005.5575 2005 204 0.8500 0.1300 1.3300 45.97 53.58 48.43 -0.0000 0.0000 -0.0000 47.7741 -122.0802
2005.5603 2005 205 -0.2700 0.7100 2.6200 45.62 53.52 48.07 -0.0000 0.0000 -0.0000 47.7741 -122.0802
2005.5630 2005 206 -2.2400 -0.9900 -3.8900 45.57 53.70 48.21 -0.0000 0.0000 -0.0000 47.7741 -122.0802
2005.5658 2005 207 -1.2700 -0.3500 -2.6000 45.34 54.07 47.61 -0.0000 0.0000 -0.0000 47.7741 -122.0802
2005.5685 2005 208 -4.0000 1.4400 3.4500 44.54 54.52 47.59 -0.0000 0.0000 -0.0000 47.7741 -122.0802
2005.5712 2005 209 -0.4900 1.1100 4.9700 44.17 54.26 47.46 -0.0000 0.0000 -0.0000 47.7741 -122.0802
2005.5740 2005 210 -0.5100 1.5200 7.2700 43.55 54.39 47.90 -0.0000 0.0000 -0.0000 47.7741 -122.0802
2005.5767 2005 211 -1.8800 0.4000 1.5800 43.27 54.25 47.79 -0.0000 0.0000 -0.0000 47.7741 -122.0802
2005.5795 2005 212 -2.0500 -0.0300 1.1200 43.01 54.08 47.80 -0.0000 0.0000 -0.0000 47.7741 -122.0802
2005.5822 2005 213 -3.7500 -0.0700 -2.1800 42.79 53.70 47.77 -0.0000 0.0000 -0.0000 47.7741 -122.0802
2005.5849 2005 214 -0.2800 1.1400 -1.1800 42.59 54.13 47.99 -0.0000 0.0000 -0.0000 47.7741 -122.0802
2005.5877 2005 215 -1.6400 0.3000 -5.4900 42.62 54.01 48.18 -0.0000 0.0000 -0.0000 47.7741 -122.0802
2005.5904 2005 216 -1.3500 0.8900 2.1400 42.88 53.48 47.91 -0.0000 0.0000 -0.0000 47.7741 -122.0802
2005.5932 2005 217 -1.5100 1.7800 -1.4600 43.37 53.77 48.47 -0.0000 0.0000 -0.0000 47.7741 -122.0802
2005.5959 2005 218 -2.3300 1.5200 -1.0100 43.46 53.78 48.92 -0.0000 0.0000 -0.0000 47.7741 -122.0802
2005.5986 2005 219 -1.4500 0.6100 -0.8400 44.50 53.19 49.13 -0.0000 0.0000 -0.0000 47.7741 -122.0802
2005.6014 2005 220 -1.9900 1.2900 6.5200 45.17 52.97 49.15 -0.0000 0.0000 -0.0000 47.7741 -122.0802
2005.6041 2005 221 -2.1700 1.9200 2.3900 45.32 52.13 48.76 -0.0000 0.0000 -0.0000 47.7741 -122.0802
2005.6068 2005 222 -2.1700 0.2000 2.5800 46.08 51.54 48.70 -0.0000 0.0000 -0.0000 47.7741 -122.0802
2005.6096 2005 223 -2.6000 -0.4300 -2.5800 46.90 51.13 48.59 -0.0000 0.0000 -0.0000 47.7741 -122.0802
2005.6123 2005 224 -0.2800 -0.3400 -0.8400 47.76 50.99 48.60 -0.0000 0.0000 -0.0000 47.7741 -122.0802
2005.6151 2005 225 -0.0900 0.8600 1.2200 47.98 50.73 49.03 -0.0000 0.0000 -0.0000 47.7741 -122.0802
2005.6178 2005 226 -0.5400 -0.7700 -3.6100 48.50 50.72 49.51 -0.0000 0.0000 -0.0000 47.7741 -122.0802
2005.6205 2005 227 -0.1700 1.1900 8.7000 48.56 50.45 49.37 -0.0000 0.0000 -0.0000 47.7741 -122.0802
2005.6233 2005 228 -0.7900 -0.0600 0.6100 48.77 49.88 49.82 -0.0000 -0.0000 -0.0000 47.7741 -122.0802
2005.6260 2005 229 -0.4500 -0.2000 4.3600 49.15 49.39 50.04 -0.0000 -0.0000 0.0000 47.7741 -122.0802
2005.6288 2005 230 2.1200 1.0800 5.2700 49.66 49.26 50.11 -0.0000 -0.0000 0.0000 47.7741 -122.0802
2005.6315 2005 231 -0.6500 -0.7300 -1.9100 50.18 48.92 49.74 0.0000 -0.0000 -0.0000 47.7741 -122.0802
2005.6342 2005 232 -0.7300 -1.5800 3.0400 50.74 48.52 49.84 0.0000 -0.0000 -0.0000 47.7741 -122.0802
2005.6370 2005 233 -0.0400 -1.3100 -7.1600 51.40 48.38 49.89 0.0000 -0.0000 -0.0000 47.7741 -122.0802
2005.6397 2005 234 -1.9800 -0.4600 -8.2700 52.01 48.53 49.99 0.0000 -0.0000 -0.0000 47.7741 -122.0802
2005.6425 2005 235 -0.5900 0.5000 8.7900 52.11 48.31 50.00 0.0000 -0.0000 -0.0000 47.7741 -122.0802
2005.6452 2005 236 -0.2600 0.7500 -0.7100 52.12 48.17 49.77 0.0000 -0.0000 -0.0000 47.7741 -122.0802
2005.6479 2005 237 -2.7700 -0.2400 -4.5900 52.19 48.37 49.95 0.0000 -0.0000 -0.0000 47.7741 -122.0802
2005.6507 2005 238 -1.4200 -0.4900 -0.8400 52.00 47.72 49.36 0.0000 -0.0000 -0.0000 47.7741 -122.0802
2005.6534 2005 239 -3.8000 0.7200 3.8100 52.03 47.78 49.25 0.0000 -0.0000 -0.0000 47.7741 -122.0802
2005.6562 2005 240 0.1900 0.3600 2.4700 51.51 48.20 48.92 0.0000 -0.0000 -0.0000 47.7741 -122.0802
2005.6589 2005 241 -2.1100 0.5200 2.6500 50.81 48.14 48.84 0.0000 -0.0000 -0.0000 47.7741 -122.0802
2005.6616 2005 242 -0.2300 0.2200 2.6400 50.77 48.15 49.17 0.0000 -0.0000 -0.0000 47.7741 -122.0802
2005.6644 2005 243 1.1000 -0.6600 3.0500 50.65 48.42 49.13 0.0000 -0.0000 -0.0000 47.7741 -122.0802
2005.6671 2005 244 0.7400 0.1100 -2.4500 50.28 48.42 49.55 0.0000 -0.0000 -0.0000 47.7741 -122.0802
2005.6699 2005 245 -0.8200 -0.3700 -1.6400 50.08 48.25 49.82 0.0000 -0.0000 -0.0000 47.7741 -122.0802
2005.6726 2005 246 -1.1300 0.5600 -9.2200 50.04 48.23 49.39 0.0000 -0.0000 -0.0000 47.7741 -122.0802
2005.6753 2005 247 0.0200 -0.7700 -5.2200 49.63 47.84 49.26 -0.0000 -0.0000 -0.0000 47.7741 -122.0802
2005.6781 2005 248 0.1600 -1.2000 0.7600 49.92 47.71 49.45 -0.0000 -0.0000 -0.0000 47.7741 -122.0802
2005.6808 2005 249 0.2300 0.6600 0.0300 50.06 47.96 49.41 0.0000 -0.0000 -0.0000 47.7741 -122.0802
2005.6836 2005 250 -1.4100 1.1200 -8.1000 50.42 47.71 49.06 0.0000 -0.0000 -0.0000 47.7741 -122.0802
2005.6863 2005 251 -2.2500 0.6400 2.0300 50.12 47.52 49.00 0.0000 -0.0000 -0.0000 47.7741 -122.0802
2005.6890 2005 252 -1.3500 -2.7000 0.8100 50.38 47.44 49.08 0.0000 -0.0000 -0.0000 47.7741 -122.0802
2005.6918 2005 253 -0.4400 -1.4100 3.3800 50.32 47.47 48.86 0.0000 -0.0000 -0.0000 47.7741 -122.0802
2005.6945 2005 254 -1.6800 -2.6100 0.6500 49.88 47.49 48.60 -0.0000 -0.0000 -0.0000 47.7741 -122.0802
2005.6973 2005 255 -1.8700 -2.0800 -3.6000 49.41 47.40 48.73 -0.0000 -0.0000 -0.0000 47.7741 -122.0802
2005.7000 2005 256 -1.4800 -0.3500 1.3400 49.38 47.42 48.68 -0.0000 -0.0000 -0.0000 47.7741 -122.0802
2005.7027 2005 257 -2.7800 -2.0800 -1.7100 49.36 47.33 48.95 -0.0000 -0.0000 -0.0000 47.7741 -122.0802
2005.7055 2005 258 -1.4900 -2.5600 -3.1500 49.10 47.41 49.12 -0.0000 -0.0000 -0.0000 47.7741 -122.0802
2005.7082 2005 259 0.1900 -0.8500 -1.7100 48.86 47.92 49.31 -0.0000 -0.0000 -0.0000 47.7741 -122.0802
2005.7110 2005 260 -1.6200 -2.4800 -3.1200 48.53 47.55 49.28 -0.0000 -0.0000 -0.0000 47.7741 -122.0802
2005.7137 2005 261 -1.1000 -1.8000 2.5600 48.46 47.30 49.99 -0.0000 -0.0000 -0.0000 47.7741 -122.0802
2005.7164 2005 262 0.0300 -1.1400 2.4500 49.04 47.17 50.46 -0.0000 -0.0000 0.0000 47.7741 -122.0802
2005.7192 2005 263 0.5800 -1.7300 -4.2000 49.67 47.63 50.39 -0.0000 -0.0000 0.0000 47.7741 -122.0802
2005.7219 2005 264 -0.3700 -1.5600 -5.2700 50.02 47.44 50.42 0.0000 -0.0000 0.0000 47.7741 -122.0802
2005.7247 2005 265 -0.9400 -0.0500 1.8500 50.46 47.61 50.37 0.0000 -0.0000 0.0000 47.7741 -122.0802
2005.7274 2005 266 -1.3600 -0.1900 -3.8900 50.73 47.71 50.37 0.0000 -0.0000 0.0000 47.7741 -122.0802
2005.7301 2005 267 -1.8800 -0.7200 -7.7700 50.87 47.72 50.52 0.0000 -0.0000 0.0000 47.7741 -122.0802
2005.7329 2005 268 -1.6100 0.0400 -0.6300 51.14 48.30 50.64 0.0000 -0.0000 0.0000 47.7741 -122.0802
2005.7356 2005 269 -1.4100 0.1300 0.8400 51.21 48.61 50.66 0.0000 -0.0000 0.0000 47.7741 -122.0802
2005.7384 2005 270 -1.5800 -1.7300 -1.3700 51.11 48.74 50.68 0.0000 -0.0000 0.0000 47.7741 -122.0802
2005.7411 2005 271 -2.4100 0.4800 5.6300 50.91 49.09 51.12 0.0000 -0.0000 0.0000 47.7741 -122.0802
2005.7438 2005 272 -0.5600 -1.3600 15.6700 51.19 49.41 51.05 0.0000 -0.0000 0.0000 47.7741 -122.0802
2005.7466 2005 273 3.5600 -1.0100 0.5100 50.90 49.52 51.21 0.0000 -0.0000 0.0000 47.7741 -122.0802
2005.7493 2005 274 2.8600 -3.0000 5.2100 50.89 49.84 51.54 0.0000 -0.0000 0.0000 47.7741 -122.0802
2005.7521 2005 275 1.0400 -2.5500 6.7700 51.23 49.96 51.84 0.0000 -0.0000 0.0000 47.7741 -122.0802
2005.7548 2005 276 0.6200 -3.0100 1.2300 51.81 49.79 51.76 0.0000 -0.0000 0.0000 47.7741 -122.0802
2005.7575 2005 277 -0.9300 -1.2600 -1.5700 52.06 49.67 51.99 0.0000 -0.0000 0.0000 47.7741 -122.0802
2005.7603 2005 278 -2.3200 0.2200 1.8300 52.44 49.71 52.25 0.0000 -0.0000 0.0000 47.7741 -122.0802
2005.7630 2005 279 0.4800 -2.2000 -0.3000 52.84 49.49 52.16 0.0000 -0.0000 0.0000 47.7741 -122.0802
2005.7658 2005 280 0.6000 0.0400 -2.1500 53.24 49.25 52.18 0.0000 -0.0000 0.0000 47.7741 -122.0802
2005.7685 2005 281 -1.5700 -2.4000 5.5900 53.62 49.62 52.22 0.0000 -0.0000 0.0000 47.7741 -122.0802
2005.7712 2005 282 0.3200 -0.8100 -0.4200 54.05 49.47 51.67 0.0000 -0.0000 0.0000 47.7741 -122.0802
2005.7740 2005 283 -0.4200 -1.8400 9.5300 54.07 49.63 50.84 0.0000 -0.0000 0.0000 47.7741 -122.0802
2005.7767 2005 284 1.5700 -0.3600 2.0500 53.18 49.69 50.78 0.0000 -0.0000 0.0000 47.7741 -122.0802
2005.7795 2005 285 1.2700 -1.2700 -2.9700 52.68 50.18 50.47 0.0000 0.0000 0.0000 47.7741 -122.0802
2005.7822 2005 286 3.0700 -2.2200 4.2300 52.35 50.39 50.21 0.0000 0.0000 0.0000 47.7741 -122.0802
2005.7849 2005 287 0.8300 -1.3400 4.0100 52.13 50.76 49.93 0.0000 0.0000 -0.0000 47.7741 -122.0802
2005.7877 2005 288 1.3200 -1.8900 6.1100 52.24 50.77 49.99 0.0000 0.0000 -0.0000 47.7741 -122.0802
2005.7904 2005 289 0.5600 -1.4500 1.0800 52.58 50.36 49.98 0.0000 0.0000 -0.0000 47.7741 -122.0802
2005.7932 2005 290 0.7700 -0.9200 2.0800 52.42 50.42 49.99 0.0000 0.0000 -0.0000 47.7741 -122.0802
2005.7959 2005 291 0.0300 -0.5500 -1.3700 52.62 50.25 50.10 0.0000 0.0000 0.0000 47.7741 -122.0802
2005.7986 2005 292 1.1000 -1.8500 -0.8500 52.84 50.48 49.81 0.0000 0.0000 -0.0000 47.7741 -122.0802
2005.8014 2005 293 2.3900 -1.7400 -1.2200 52.68 50.35 49.98 0.0000 0.0000 -0.0000 47.7741 -122.0802
2005.8041 2005 294 -0.1700 1.8000 -1.6000 53.03 50.62 49.74 0.0000 0.0000 -0.0000 47.7741 -122.0802
2005.8068 2005 295 1.5000 0.5600 -3.1100 53.26 50.24 49.73 0.0000 0.0000 -0.0000 47.7741 -122.0802
2005.8096 2005 296 0.7500 -0.1300 2.9100 53.25 50.12 49.68 0.0000 0.0000 -0.0000 47.7741 -122.0802
2005.8123 2005 297 1.2000 -0.1600 -4.2900 53.02 50.42 49.75 0.0000 0.0000 -0.0000 47.7741 -122.0802
2005.8151 2005 298 0.9100 -2.2000 -1.7800 52.92 50.55 49.70 0.0000 0.0000 -0.0000 47.7741 -122.0802
2005.8178 2005 299 1.8000 -1.4400 4.5700 52.83 50.68 49.37 0.0000 0.0000 -0.0000 47.7741 -122.0802
2005.8205 2005 300 0.7700 -1.3000 2.3900 52.87 50.76 49.35 0.0000 0.0000 -0.0000 47.7741 -122.0802
2005.8233 2005 301 3.2200 -0.6500 1.5200 52.83 50.75 49.04 0.0000 0.0000 -0.0000 47.7741 -122.0802
2005.8260 2005 302 0.9200 -0.4800 2.5800 52.78 50.49 48.99 0.0000 0.0000 -0.0000 47.7741 -122.0802
2005.8288 2005 303 0.1100 -1.1000 2.5900 52.50 50.80 49.11 0.0000 0.0000 -0.0000 47.7741 -122.0802
2005.8315 2005 304 3.0000 -0.2300 7.0900 52.15 50.88 49.41 0.0000 0.0000 -0.0000 47.7741 -122.0802
2005.8342 2005 305 5.2800 -2.4300 4.9900 52.84 49.91 49.66 0.0000 -0.0000 -0.0000 47.7741 -122.0802
2005.8370 2005 306 3.0400 -1.9900 -2.9800 53.12 49.13 50.09 0.0000 -0.0000 0.0000 47.7741 -122.0802
2005.8397 2005 307 4.8300 -1.4500 7.5800 53.39 48.70 50.19 0.0000 -0.0000 0.0000 47.7741 -122.0802
2005.8425 2005 308 1.8300 -1.1100 7.1900 53.64 48.22 50.65 0.0000 -0.0000 0.0000 47.7741 -122.0802
2005.8452 2005 309 3.8400 -1.6400 5.0900 53.43 48.65 50.33 0.0000 -0.0000 0.0000 47.7741 -122.0802
2005.8479 2005 310 3.4600 -1.8100 1.5200 52.96 48.72 49.88 0.0000 -0.0000 -0.0000 47.7741 -122.0802
2005.8507 2005 311 2.6000 -1.6500 -6.1600 52.93 48.65 49.54 0.0000 -0.0000 -0.0000 47.7741 -122.0802
2005.8534 2005 312 1.2000 -1.5900 -3.0000 52.43 48.85 49.32 0.0000 -0.0000 -0.0000 47.7741 -122.0802
2005.8562 2005 313 1.1000 -1.2500 -1.6700 52.19 48.57 49.17 0.0000 -0.0000 -0.0000 47.7741 -122.0802
2005.8589 2005 314 1.1800 -1.4700 -5.3100 52.20 48.71 48.92 0.0000 -0.0000 -0.0000 47.7741 -122.0802
2005.8616 2005 315 4.4100 -2.1200 4.8800 51.73 48.36 48.72 0.0000 -0.0000 -0.0000 47.7741 -122.0802
2005.8644 2005 316 3.6700 -1.7100 3.0100 50.97 48.84 48.48 0.0000 -0.0000 -0.0000 47.7741 -122.0802
2005.8671 2005 317 3.7000 -1.2100 2.1700 50.67 49.32 48.55 0.0000 -0.0000 -0.0000 47.7741 -122.0802
2005.8699 2005 318 5.0100 -1.2500 5.3700 50.18 49.44 48.20 0.0000 -0.0000 -0.0000 47.7741 -122.0802
2005.8726 2005 319 0.3100 -0.6900 -14.3900 50.13 49.29 48.10 0.0000 -0.0000 -0.0000 47.7741 -122.0802
2005.8753 2005 320 0.7300 -1.8100 -9.9000 49.71 49.41 48.09 -0.0000 -0.0000 -0.0000 47.7741 -122.0802
2005.8781 2005 321 0.6600 -1.2100 -7.8500 49.21 49.19 47.84 -0.0000 -0.0000 -0.0000 47.7741 -122.0802
2005.8808 2005 322 -0.1800 -0.0200 -2.9600 48.91 49.29 48.24 -0.0000 -0.0000 -0.0000 47.7741 -122.0802
2005.8836 2005 323 0.7700 -0.7100 -7.5400 49.17 49.60 48.34 -0.0000 -0.0000 -0.0000 47.7741 -122.0802
2005.8863 2005 324 -0.0400 -0.6300 -3.9500 49.46 49.76 48.58 -0.0000 -0.0000 -0.0000 47.7741 -122.0802
2005.8890 2005 325 1.1100 -0.8700 -4.5800 49.58 49.64 48.74 -0.0000 -0.0000 -0.0000 47.7741 -122.0802
2005.8918 2005 326 0.2900 -1.5300 -0.4500 48.90 50.58 48.89 -0.0000 0.0000 -0.0000 47.7741 -122.0802
2005.8945 2005 327 1.3700 -0.3200 0.0300 48.70 50.47 49.22 -0.0000 0.0000 -0.0000 47.7741 -122.0802
2005.8973 2005 328 1.2700 -0.5200 -0.5700 48.33 50.50 50.13 -0.0000 0.0000 0.0000 47.7741 -122.0802
2005.9000 2005 329 2.1700 -1.6500 7.7200 48.08 50.26 50.86 -0.0000 0.0000 0.0000 47.7741 -122.0802
2005.9027 2005 330 1.8200 -0.9600 3.1500 48.48 49.97 51.40 -0.0000 -0.0000 0.0000 47.7741 -122.0802
2005.9055 2005 331 1.1300 -3.2500 -8.4000 48.51 50.15 51.89 -0.0000 0.0000 0.0000 47.7741 -122.0802
2005.9082 2005 332 1.1900 -1.7000 -0.8500 48.46 50.12 52.21 -0.0000 0.0000 0.0000 47.7741 -122.0802
2005.9110 2005 333 4.3800 -0.5200 -1.1500 48.76 49.93 52.32 -0.0000 -0.0000 0.0000 47.7741 -122.0802
2005.9137 2005 334 3.8100 0.4800 7.7700 48.62 49.99 52.61 -0.0000 -0.0000 0.0000 47.7741 -122.0802
2005.9164 2005 335 1.3600 -2.0900 -3.7400 48.72 49.87 52.77 -0.0000 -0.0000 0.0000 47.7741 -122.0802
2005.9192 2005 336 1.4800 -0.3800 23.1600 48.84 50.07 53.09 -0.0000 0.0000 0.0000 47.7741 -122.0802
2005.9219 2005 337 3.4300 -8.0700 31.6800 49.51 49.92 53.25 -0.0000 -0.0000 0.0000 47.7741 -122.0802
2005.9247 2005 338 2.3700 -3.6100 66.1800 49.64 49.47 53.09 -0.0000 -0.0000 0.0000 47.7741 -122.0802
2005.9274 2005 339 5.5800 -8.0500 87.9300 49.96 49.23 53.26 -0.0000 -0.0000 0.0000 47.7741 -122.0802
2005.9301 2005 340 3.7200 0.3800 8.5000 49.72 49.41 53.13 -0.0000 -0.0000 0.0000 47.7741 -122.0802
2005.9329 2005 341 0.2200 -0.0800 1.8900 49.85 49.32 53.11 -0.0000 -0.0000 0.0000 47.7741 -122.0802
2005.9356 2005 342 0.1000 -1.3300 -2.4700 49.90 49.71 53.33 -0.0000 -0.0000 0.0000 47.7741 -122.0802
2005.9384 2005 343 0.2500 -1.1200 -3.5000 50.08 49.67 53.26 0.0000 -0.0000 0.0000 47.7741 -122.0802
2005.9411 2005 344 -0.8300 -0.4700 -2.4300 49.72 49.52 53.29 -0.0000 -0.0000 0.0000 47.7741 -122.0802
2005.9438 2005 345 0.9500 -1.0000 -3.5500 49.46 49.26 53.07 -0.0000 -0.0000 0.0000 47.7741 -122.0802
2005.9466 2005 346 0.6400 0.1000 -0.0300 49.64 49.42 53.19 -0.0000 -0.0000 0.0000 47.7741 -122.0802
2005.9493 2005 347 2.8500 -0.1900 2.6700 50.13 49.20 52.62 0.0000 -0.0000 0.0000 47.7741 -122.0802
2005.9521 2005 348 1.1300 -1.4700 -9.5500 50.08 50.40 51.77 0.0000 0.0000 0.0000 47.7741 -122.0802
2005.9548 2005 349 0.8900 -0.8000 -7.4400 50.33 50.81 49.97 0.0000 0.0000 -0.0000 47.7741 -122.0802
2005.9575 2005 350 -0.2200 -0.6200 -3.9800 50.08 51.99 47.75 0.0000 0.0000 -0.0000 47.7741 -122.0802
2005.9603 2005 351 0.5600 0.1000 -4.0700 49.83 51.73 47.27 -0.0000 0.0000 -0.0000 47.7741 -122.0802
2005.9630 2005 352 -1.5800 -1.0000 -9.8500 50.08 51.48 47.05 0.0000 0.0000 -0.0000 47.7741 -122.0802
2005.9658 2005 353 1.4000 -2.5100 4.8200 50.28 51.60 46.94 0.0000 0.0000 -0.0000 47.7741 -122.0802
2005.9685 2005 354 4.2700 -0.2300 6.3300 50.58 51.64 47.22 0.0000 0.0000 -0.0000 47.7741 -122.0802
2005.9712 2005 355 4.1300 0.2500 7.3800 51.20 51.56 47.46 0.0000 0.0000 -0.0000 47.7741 -122.0802
2005.9740 2005 356 3.9200 -0.5800 11.0300 51.38 51.67 47.72 0.0000 0.0000 -0.0000 47.7741 -122.0802
2005.9767 2005 357 3.4700 -0.5300 1.4700 51.66 51.57 47.97 0.0000 0.0000 -0.0000 47.7741 -122.0802
2005.9795 2005 358 2.5800 0.3700 0.6000 51.42 51.49 48.03 0.0000 0.0000 -0.0000 47.7741 -122.0802
2005.9822 2005 359 3.7800 -0.8400 -2.0100 51.66 51.51 48.25 0.0000 0.0000 -0.0000 47.7741 -122.0802
2005.9849 2005 360 3.3900 -0.7100 5.5900 51.68 51.75 48.51 0.0000 0.0000 -0.0000 47.7741 -122.0802
2005.9877 2005 361 4.8600 -1.0100 -1.6800 52.34 51.67 48.67 0.0000 0.0000 -0.0000 47.7741 -122.0802
2005.9904 2005 362 2.3700 -1.0600 -2.0900 52.75 51.39 48.91 0.0000 0.0000 -0.0000 47.7741 -122.0802
2005.9932 2005 363 1.6900 -0.6800 -4.4900 53.31 51.12 49.21 0.0000 0.0000 -0.0000 47.7741 -122.0802
2005.9959 2005 364 4.0800 -1.2600 7.5400 53.67 51.40 49.19 0.0000 0.0000 -0.0000 47.7741 -122.0802
2005.9986 2005 365 4.5100 -0.8800 9.4000 53.82 51.29 49.23 0.0000 0.0000 -0.0000 47.7741 -122.0802
2006.0014 2006 1 3.9100 -0.4100 7.2400 53.86 51.05 49.14 0.0000 0.0000 -0.0000 47.7741 -122.0802
2006.0041 2006 2 3.1700 -0.2000 12.2700 53.58 50.68 48.71 0.0000 0.0000 -0.0000 47.7741 -122.0802
2006.0068 2006 3 2.7800 -0.1800 6.3900 53.67 50.66 49.07 0.0000 0.0000 -0.0000 47.7741 -122.0802
2006.0096 2006 4 3.2100 -1.7300 -3.7900 54.01 49.74 49.42 0.0000 -0.0000 -0.0000 47.7741 -122.0802
2006.0123 2006 5 0.7100 0.6600 1.0500 53.87 49.44 50.43 0.0000 -0.0000 0.0000 47.7741 -122.0802
2006.0151 2006 6 5.2700 -0.8000 -1.9900 54.08 48.61 51.41 0.0000 -0.0000 0.0000 47.7741 -122.0802
2006.0178 2006 7 4.3200 -1.4700 3.9100 54.06 48.95 51.57 0.0000 -0.0000 0.0000 47.7741 -122.0802
2006.0205 2006 8 2.5100 -1.9600 2.5600 53.81 48.98 51.64 0.0000 -0.0000 0.0000 47.7741 -122.0802
2006.0233 2006 9 5.9400 -0.9700 5.8700 53.68 48.74 51.79 0.0000 -0.0000 0.0000 47.7741 -122.0802
2006.0260 2006 10 5.9000 -0.7500 10.7800 53.47 48.93 51.40 0.0000 -0.0000 0.0000 47.7741 -122.0802
2006.0288 2006 11 4.7900 -1.2300 3.6300 53.05 49.09 50.99 0.0000 -0.0000 0.0000 47.7741 -122.0802
2006.0315 2006 12 3.0700 -2.1800 -1.4200 52.70 49.05 50.48 0.0000 -0.0000 0.0000 47.7741 -122.0802
2006.0342 2006 13 6.8700 -0.7400 6.8600 52.47 49.16 49.81 0.0000 -0.0000 -0.0000 47.7741 -122.0802
2006.0370 2006 14 6.0800 -1.4600 0.8400 52.46 49.15 49.44 0.0000 -0.0000 -0.0000 47.7741 -122.0802
2006.0397 2006 15 3.4600 -1.2300 2.2900 52.26 49.28 49.41 0.0000 -0.0000 -0.0000 47.7741 -122.0802
2006.0425 2006 16 3.5600 -1.3900 -3.4000 52.49 48.88 49.27 0.0000 -0.0000 -0.0000 47.7741 -122.0802
2006.0452 2006 17 6.0900 -0.1500 -6.0400 52.03 48.83 49.34 0.0000 -0.0000 -0.0000 47.7741 -122.0802
2006.0479 2006 18 1.7400 -1.9100 -3.7800 51.81 49.30 49.05 0.0000 -0.0000 -0.0000 47.7741 -122.0802
2006.0507 2006 19 1.9200 -1.6400 -0.1100 51.58 49.63 48.61 0.0000 -0.0000 -0.0000 47.7741 -122.0802
2006.0534 2006 20 6.1000 0.0300 2.6400 51.10 49.50 48.47 0.0000 -0.0000 -0.0000 47.7741 -122.0802
2006.0562 2006 21 5.2300 -0.2000 5.0600 50.67 49.67 48.01 0.0000 -0.0000 -0.0000 47.7741 -122.0802
2006.0589 2006 22 2.6900 -0.0300 -3.4300 50.62 50.04 48.20 0.0000 0.0000 -0.0000 47.7741 -122.0802
2006.0616 2006 23 3.2200 0.2600 -2.6400 50.70 50.70 48.43 0.0000 0.0000 -0.0000 47.7741 -122.0802
2006.0644 2006 24 2.4100 -0.2800 -4.8400 50.19 50.78 47.86 0.0000 0.0000 -0.0000 47.7741 -122.0802
2006.0671 2006 25 3.5800 -1.0700 0.2000 NaN NaN NaN 0.0000 0.0000 0.0000 47.7741 -122.0802
2006.0699 2006 26 4.1800 -0.5000 3.2500 NaN NaN NaN 0.0000 0.0000 0.0000 47.7741 -122.0802
2006.0726 2006 27 5.1900 -1.2600 1.8800 NaN NaN NaN 0.0000 0.0000 0.0000 47.7741 -122.0802
2006.0753 2006 28 5.5100 0.1400 0.1500 NaN NaN NaN 0.0000 0.0000 0.0000 47.7741 -122.0802
2006.0781 2006 29 4.1200 -0.6900 -2.8500 NaN NaN NaN 0.0000 0.0000 0.0000 47.7741 -122.0802
2006.0808 2006 30 4.5400 -0.3500 2.2100 NaN NaN NaN 0.0000 0.0000 0.0000 47.7741 -122.0802
2006.0836 2006 31 2.0300 -0.2100 -1.5100 NaN NaN NaN 0.0000 0.0000 0.0000 47.7741 -122.0802
2006.0863 2006 32 4.8500 -0.5600 7.3800 NaN NaN NaN 0.0000 0.0000 0.0000 47.7741 -122.0802
2006.0890 2006 33 3.1400 0.2000 -3.7100 NaN NaN NaN 0.0000 0.0000 0.0000 47.7741 -122.0802
2006.0918 2006 34 3.4400 -0.4700 -9.3400 NaN NaN NaN 0.0000 0.0000 0.0000 47.7741 -122.0802
2006.1822 2006 67 4.0200 -0.2900 9.3700 51.12 50.12 50.59 0.0000 0.0000 0.0000 47.7741 -122.0802
2006.1849 2006 68 1.8900 -2.0000 -4.0000 51.25 50.15 50.53 0.0000 0.0000 0.0000 47.7741 -122.0802
2006.1877 2006 69 2.3500 -0.9800 -6.9600 50.67 50.54 50.37 0.0000 0.0000 0.0000 47.7741 -122.0802
2006.1904 2006 70 2.9200 -1.1900 -4.3700 49.92 50.88 49.81 -0.0000 0.0000 -0.0000 47.7741 -122.0802
2006.1932 2006 71 1.6300 -1.1300 -2.9700 50.00 50.76 49.90 0.0000 0.0000 -0.0000 47.7741 -122.0802
2006.1959 2006 72 1.5100 0.0500 -4.8400 50.12 50.98 50.17 0.0000 0.0000 0.0000 47.7741 -122.0802
2006.1986 2006 73 0.2700 0.9400 -1.1900 49.83 50.90 50.66 -0.0000 0.0000 0.0000 47.7741 -122.0802
2006.2014 2006 74 1.1100 1.6400 -2.6000 49.71 51.20 50.95 -0.0000 0.0000 0.0000 47.7741 -122.0802
2006.2041 2006 75 2.2000 -0.2700 -1.4500 49.46 51.04 51.19 -0.0000 0.0000 0.0000 47.7741 -122.0802
2006.2068 2006 76 2.5900 -0.1100 -4.2000 49.27 51.30 51.02 -0.0000 0.0000 0.0000 47.7741 -122.0802
2006.2096 2006 77 2.3000 1.1800 7.1500 49.20 51.74 51.12 -0.0000 0.0000 0.0000 47.7741 -122.0802
2006.2123 2006 78 2.4900 1.8600 -4.2100 48.57 51.77 50.47 -0.0000 0.0000 0.0000 47.7741 -122.0802
2006.2151 2006 79 0.7200 1.5900 -2.6000 48.43 52.44 50.65 -0.0000 0.0000 0.0000 47.7741 -122.0802
2006.2178 2006 80 0.5100 0.0800 -1.5800 47.86 52.56 50.71 -0.0000 0.0000 0.0000 47.7741 -122.0802
2006.2205 2006 81 2.7700 -0.3100 1.9400 47.36 52.94 50.83 -0.0000 0.0000 0.0000 47.7741 -122.0802
2006.2233 2006 82 1.6400 2.0300 2.7400 47.02 53.45 50.76 -0.0000 0.0000 0.0000 47.7741 -122.0802
2006.2260 2006 83 0.0800 0.0000 2.1800 46.59 53.54 50.95 -0.0000 0.0000 0.0000 47.7741 -122.0802
2006.2288 2006 84 0.9700 0.4100 1.1800 46.75 53.15 51.12 -0.0000 0.0000 0.0000 47.7741 -122.0802
2006.2315 2006 85 -0.4400 -0.4100 1.8400 46.70 52.83 51.09 -0.0000 0.0000 0.0000 47.7741 -122.0802
2006.2342 2006 86 -0.3300 1.1300 -3.0900 46.52 53.20 51.11 -0.0000 0.0000 0.0000 47.7741 -122.0802
2006.2370 2006 87 -0.5000 1.0600 -1.0300 45.90 53.68 51.63 -0.0000 0.0000 0.0000 47.7741 -122.0802
2006.2397 2006 88 0.0900 1.6400 0.5500 45.50 53.61 51.18 -0.0000 0.0000 0.0000 47.7741 -122.0802
2006.2425 2006 89 1.0800 1.0300 2.9100 45.32 53.35 51.76 -0.0000 0.0000 0.0000 47.7741 -122.0802
2006.2452 2006 90 -0.4200 0.3700 -1.8900 45.68 52.95 52.06 -0.0000 0.0000 0.0000 47.7741 -122.0802
2006.2479 2006 91 1.5300 1.1400 2.9500 46.26 53.11 52.45 -0.0000 0.0000 0.0000 47.7741 -122.0802
2006.2507 2006 92 0.1000 1.2900 -1.2300 45.93 53.30 52.22 -0.0000 0.0000 0.0000 47.7741 -122.0802
2006.2534 2006 93 -0.5500 2.5000 0.5400 45.58 52.94 51.96 -0.0000 0.0000 0.0000 47.7741 -122.0802
2006.2562 2006 94 1.3900 0.7900 3.6400 46.06 52.92 51.68 -0.0000 0.0000 0.0000 47.7741 -122.0802
2006.2589 2006 95 0.9300 1.2100 -4.1400 46.34 52.87 51.55 -0.0000 0.0000 0.0000 47.7741 -122.0802
2006.2616 2006 96 -1.3400 2.2500 -1.1000 46.85 52.96 51.36 -0.0000 0.0000 0.0000 47.7741 -122.0802
2006.2644 2006 97 -0.3500 2.6500 -4.3400 47.25 52.84 51.55 -0.0000 0.0000 0.0000 47.7741 -122.0802
2006.2671 2006 98 -1.6800 1.9600 2.0800 47.52 52.79 51.84 -0.0000 0.0000 0.0000 47.7741 -122.0802
2006.2699 2006 99 1.5400 1.3500 10.7500 48.03 52.49 51.94 -0.0000 0.0000 0.0000 47.7741 -122.0802
2006.2726 2006 100 -0.3700 1.3800 4.5900 47.96 52.14 51.62 -0.0000 0.0000 0.0000 47.7741 -122.0802
2006.2753 2006 101 1.0800 2.4400 0.9400 48.31 52.04 51.63 -0.0000 0.0000 0.0000 47.7741 -122.0802
2006.2781 2006 102 -0.9100 0.7600 -0.7200 48.31 51.95 51.27 -0.0000 0.0000 0.0000 47.7741 -122.0802
2006.2808 2006 103 -1.5300 1.1300 3.0500 48.38 51.91 51.27 -0.0000 0.0000 0.0000 47.7741 -122.0802
2006.2836 2006 104 2.5600 -0.1900 6.4900 48.47 51.77 51.16 -0.0000 0.0000 0.0000 47.7741 -122.0802
2006.2863 2006 105 3.0100 1.1400 6.1100 47.85 52.02 50.99 -0.0000 0.0000 0.0000 47.7741 -122.0802
2006.2890 2006 106 3.2100 -0.6000 4.3800 47.52 52.17 51.21 -0.0000 0.0000 0.0000 47.7741 -122.0802
2006.2918 2006 107 1.7100 1.2200 -1.3100 47.88 52.03 51.22 -0.0000 0.0000 0.0000 47.7741 -122.0802
2006.2945 2006 108 -1.3100 1.8400 -0.5300 48.01 51.68 51.33 -0.0000 0.0000 0.0000 47.7741 -122.0802
2006.2973 2006 109 0.1500 1.1100 -6.0800 48.21 51.73 51.49 -0.0000 0.0000 0.0000 47.7741 -122.0802
2006.3000 2006 110 -1.4900 1.3200 0.9500 47.84 51.95 50.71 -0.0000 0.0000 0.0000 47.7741 -122.0802
2006.3027 2006 111 -0.4000 0.8800 5.7400 47.79 52.27 50.25 -0.0000 0.0000 0.0000 47.7741 -122.0802
2006.3055 2006 112 -0.8000 2.8400 -0.5400 47.42 52.04 49.97 -0.0000 0.0000 -0.0000 47.7741 -122.0802
2006.3082 2006 113 -1.2500 3.5500 1.2000 47.55 52.22 50.11 -0.0000 0.0000 0.0000 47.7741 -122.0802
2006.3110 2006 114 -2.5400 3.8300 3.2900 47.62 52.61 50.02 -0.0000 0.0000 0.0000 47.7741 -122.0802
2006.3137 2006 115 -5.4500 2.6400 3.8500 46.68 53.18 49.89 -0.0000 0.0000 -0.0000 47.7741 -122.0802
2006.3164 2006 116 -4.0500 1.9500 1.5600 45.77 53.28 49.77 -0.0000 0.0000 -0.0000 47.7741 -122.0802
2006.3192 2006 117 -1.5300 3.7800 -0.5700 44.99 53.68 49.60 -0.0000 0.0000 -0.0000 47.7741 -122.0802
2006.3219 2006 118 -3.0100 2.5800 -0.8800 44.46 53.86 49.64 -0.0000 0.0000 -0.0000 47.7741 -122.0802
2006.3247 2006 119 -4.4600 3.3000 1.8400 44.40 53.96 49.74 -0.0000 0.0000 -0.0000 47.7741 -122.0802
2006.3274 2006 120 -4.5500 2.6700 3.6500 43.97 54.38 50.18 -0.0000 0.0000 0.0000 47.7741 -122.0802
2006.3301 2006 121 -2.2900 4.0100 -1.1900 43.82 54.62 50.41 -0.0000 0.0000 0.0000 47.7741 -122.0802
2006.3329 2006 122 -3.0600 3.2800 -4.5700 43.53 54.74 49.88 -0.0000 0.0000 -0.0000 47.7741 -122.0802
2006.3356 2006 123 -3.2200 3.4100 0.9500 43.63 54.33 49.78 -0.0000 0.0000 -0.0000 47.7741 -122.0802
2006.3384 2006 124 -4.0900 3.3500 0.7600 43.58 53.87 49.43 -0.0000 0.0000 -0.0000 47.7741 -122.0802
2006.3411 2006 125 -5.8900 4.1100 6.4500 43.63 53.77 49.31 -0.0000 0.0000 -0.0000 47.7741 -122.0802
2006.3438 2006 126 -5.5000 2.8100 7.0200 44.19 53.52 49.17 -0.0000 0.0000 -0.0000 47.7741 -122.0802
2006.3466 2006 127 -2.6800 2.1700 1.6700 44.48 53.66 49.00 -0.0000 0.0000 -0.0000 47.7741 -122.0802
2006.3493 2006 128 -2.6400 2.5600 1.1500 44.09 53.43 49.09 -0.0000 0.0000 -0.0000 47.7741 -122.0802
2006.3521 2006 129 -2.6000 3.2400 2.6200 43.96 53.45 48.95 -0.0000 0.0000 -0.0000 47.7741 -122.0802
2006.3548 2006 130 -4.4500 3.5300 0.4600 44.09 52.98 48.96 -0.0000 0.0000 -0.0000 47.7741 -122.0802
2006.3575 2006 131 -4.9300 3.2200 5.3400 44.61 52.78 49.38 -0.0000 0.0000 -0.0000 47.7741 -122.0802
2006.3603 2006 132 -3.3600 2.2100 -2.7800 44.65 52.04 49.69 -0.0000 0.0000 -0.0000 47.7741 -122.0802
2006.3630 2006 133 -1.6500 1.4900 -5.2500 45.12 51.61 49.99 -0.0000 0.0000 -0.0000 47.7741 -122.0802
2006.3658 2006 134 -3.0500 2.3100 -5.6500 45.66 50.97 49.83 -0.0000 0.0000 -0.0000 47.7741 -122.0802
2006.3685 2006 135 -3.6100 4.2800 1.9400 46.28 50.16 49.69 -0.0000 0.0000 -0.0000 47.7741 -122.0802
2006.3712 2006 136 -4.7500 2.5400 0.2500 47.55 49.13 49.65 -0.0000 -0.0000 -0.0000 47.7741 -122.0802
2006.3740 2006 137 -4.7000 3.7800 1.6900 48.98 48.89 49.74 -0.0000 -0.0000 -0.0000 47.7741 -122.0802
2006.3767 2006 138 -5.2000 3.4500 2.2000 50.07 48.38 49.97 0.0000 -0.0000 -0.0000 47.7741 -122.0802
2006.3795 2006 139 -5.6600 2.6400 -1.7300 50.70 47.98 49.76 0.0000 -0.0000 -0.0000 47.7741 -122.0802
2006.3822 2006 140 -5.0000 0.9600 1.8000 51.24 47.67 49.59 0.0000 -0.0000 -0.0000 47.7741 -122.0802
2006.3849 2006 141 -4.0000 2.3200 8.4700 51.91 47.24 49.37 0.0000 -0.0000 -0.0000 47.7741 -122.0802
2006.3877 2006 142 -3.1500 0.3900 1.5000 52.59 46.70 49.32 0.0000 -0.0000 -0.0000 47.7741 -122.0802
2006.3904 2006 143 -1.8000 0.6700 -1.6800 53.35 46.30 49.68 0.0000 -0.0000 -0.0000 47.7741 -122.0802
2006.3932 2006 144 -0.0500 0.9300 -1.7200 53.72 46.52 50.06 0.0000 -0.0000 0.0000 47.7741 -122.0802
2006.3959 2006 145 -0.4800 -1.4600 -6.2700 54.11 46.55 50.46 0.0000 -0.0000 0.0000 47.7741 -122.0802
2006.3986 2006 146 -1.4400 -0.3000 5.0600 54.57 46.18 50.57 0.0000 -0.0000 0.0000 47.7741 -122.0802
2006.4014 2006 147 0.7200 2.4700 11.2700 54.99 46.02 50.85 0.0000 -0.0000 0.0000 47.7741 -122.0802
2006.4041 2006 148 2.8700 0.7900 6.5100 55.38 45.14 50.51 0.0000 -0.0000 0.0000 47.7741 -122.0802
2006.4068 2006 149 0.0300 0.5000 -3.1600 56.20 44.98 50.25 0.0000 -0.0000 0.0000 47.7741 -122.0802
2006.4096 2006 150 1.9400 2.0600 0.1100 57.06 44.79 50.29 0.0000 -0.0000 0.0000 47.7741 -122.0802
2006.4123 2006 151 -1.6300 2.7700 1.9700 57.41 45.18 50.35 0.0000 -0.0000 0.0000 47.7741 -122.0802
2006.4151 2006 152 -1.0200 0.2300 10.3000 57.68 45.25 50.13 0.0000 -0.0000 0.0000 47.7741 -122.0802
2006.4178 2006 153 2.6200 -0.1000 -1.0200 57.94 45.66 50.08 0.0001 -0.0000 0.0000 47.7741 -122.0802
2006.4205 2006 154 1.9500 1.6500 2.4500 57.93 45.95 50.06 0.0000 -0.0000 0.0000 47.7741 -122.0802
2006.4233 2006 155 -0.2500 0.4000 -0.4800 57.71 46.19 50.19 0.0000 -0.0000 0.0000 47.7741 -122.0802
2006.4260 2006 156 1.1000 0.8300 4.5200 57.42 46.93 50.66 0.0000 -0.0000 0.0000 47.7741 -122.0802
2006.4288 2006 157 1.2200 0.7800 6.3800 57.10 47.37 50.74 0.0000 -0.0000 0.0000 47.7741 -122.0802
2006.4315 2006 158 -0.5400 -3.8500 -15.3200 56.57 47.11 50.41 0.0000 -0.0000 0.0000 47.7741 -122.0802
2006.4342 2006 159 0.2100 0.6300 -6.0100 55.91 47.34 50.15 0.0000 -0.0000 0.0000 47.7741 -122.0802
2006.4370 2006 160 1.8200 0.1500 -1.4400 55.90 47.55 50.43 0.0000 -0.0000 0.0000 47.7741 -122.0802
2006.4397 2006 161 -0.9200 2.0600 5.2900 55.52 47.58 50.54 0.0000 -0.0000 0.0000 47.7741 -122.0802
2006.4425 2006 162 1.1000 2.6000 5.2600 55.61 47.62 50.45 0.0000 -0.0000 0.0000 47.7741 -122.0802
2006.4452 2006 163 -0.9100 -0.3000 3.6000 55.55 47.99 50.07 0.0000 -0.0000 0.0000 47.7741 -122.0802
2006.4479 2006 164 0.4300 0.0700 2.0500 55.10 48.37 50.23 0.0000 -0.0000 0.0000 47.7741 -122.0802
2006.4507 2006 165 1.9700 -0.1200 -0.0100 54.64 48.35 49.97 0.0000 -0.0000 -0.0000 47.7741 -122.0802
2006.4534 2006 166 1.4800 1.0200 5.7600 54.35 48.62 49.61 0.0000 -0.0000 -0.0000 47.7741 -122.0802
2006.4562 2006 167 1.6500 -0.9500 6.9900 53.77 49.04 49.39 0.0000 -0.0000 -0.0000 47.7741 -122.0802
2006.4589 2006 168 2.9300 -1.1500 1.4100 53.04 49.35 49.22 0.0000 -0.0000 -0.0000 47.7741 -122.0802
2006.4616 2006 169 2.3100 1.9700 1.3100 52.60 50.75 50.09 0.0000 0.0000 0.0000 47.7741 -122.0802
2006.4644 2006 170 3.5200 0.4800 3.8700 51.91 51.16 50.45 0.0000 0.0000 0.0000 47.7741 -122.0802
2006.4671 2006 171 2.4200 1.0100 1.7400 50.89 51.59 50.60 0.0000 0.0000 0.0000 47.7741 -122.0802
2006.4699 2006 172 2.2400 2.2800 0.1100 50.51 51.50 50.29 0.0000 0.0000 0.0000 47.7741 -122.0802
2006.4726 2006 173 2.0900 1.6700 0.1800 49.70 51.48 50.15 -0.0000 0.0000 0.0000 47.7741 -122.0802
2006.4753 2006 174 2.8800 1.9400 6.2900 49.21 51.65 49.89 -0.0000 0.0000 -0.0000 47.7741 -122.0802
2006.4781 2006 175 0.1800 1.6500 -0.1600 48.51 51.92 49.77 -0.0000 0.0000 -0.0000 47.7741 -122.0802
2006.4808 2006 176 -0.9300 1.5800 -10.3000 47.48 52.21 49.85 -0.0000 0.0000 -0.0000 47.7741 -122.0802
2006.4836 2006 177 -0.9500 2.0800 -2.0300 46.79 51.98 49.49 -0.0000 0.0000 -0.0000 47.7741 -122.0802
2006.4863 2006 178 -1.2500 2.3700 5.2100 46.32 52.54 49.40 -0.0000 0.0000 -0.0000 47.7741 -122.0802
2006.4890 2006 179 -1.6800 3.8000 3.5700 45.44 53.51 49.79 -0.0000 0.0000 -0.0000 47.7741 -122.0802
2006.4918 2006 180 -2.3500 2.4600 1.0200 44.83 53.57 50.12 -0.0000 0.0000 0.0000 47.7741 -122.0802
2006.4945 2006 181 -2.3000 2.2000 3.5900 43.73 53.85 50.08 -0.0000 0.0000 0.0000 47.7741 -122.0802
2006.4973 2006 182 -1.7200 1.9900 -2.6800 43.12 53.99 50.28 -0.0000 0.0000 0.0000 47.7741 -122.0802
2006.5000 2006 183 -2.2800 2.6100 -1.2400 42.26 53.79 50.21 -0.0000 0.0000 0.0000 47.7741 -122.0802
2006.5027 2006 184 -3.2500 0.6300 -3.6200 41.98 53.64 50.48 -0.0000 0.0000 0.0000 47.7741 -122.0802
2006.5055 2006 185 -3.0900 1.8900 0.6900 41.84 53.26 50.00 -0.0000 0.0000 -0.0000 47.7741 -122.0802
2006.5082 2006 186 -3.1400 1.5900 3.8800 41.98 53.17 50.21 -0.0000 0.0000 0.0000 47.7741 -122.0802
2006.5110 2006 187 -1.9200 0.6700 1.3200 42.29 53.11 50.83 -0.0000 0.0000 0.0000 47.7741 -122.0802
2006.5137 2006 188 -0.0900 3.3100 5.4600 42.28 53.02 50.92 -0.0000 0.0000 0.0000 47.7741 -122.0802
2006.5164 2006 189 -2.2300 4.7200 7.2100 42.60 52.85 50.87 -0.0000 0.0000 0.0000 47.7741 -122.0802
2006.5192 2006 190 -2.1800 3.2400 8.4400 42.86 51.78 50.28 -0.0000 0.0000 0.0000 47.7741 -122.0802
2006.5219 2006 191 -1.8700 2.5700 7.8100 43.41 51.57 50.02 -0.0000 0.0000 0.0000 47.7741 -122.0802
2006.5247 2006 192 -1.1900 1.5500 9.4300 44.19 51.43 49.80 -0.0000 0.0000 -0.0000 47.7741 -122.0802
2006.5274 2006 193 -1.0000 0.3400 -4.0500 44.42 51.62 50.23 -0.0000 0.0000 0.0000 47.7741 -122.0802
2006.5301 2006 194 2.0400 1.4100 0.4800 44.98 51.63 50.42 -0.0000 0.0000 0.0000 47.7741 -122.0802
2006.5329 2006 195 2.0500 0.0900 -4.4600 45.67 51.80 50.88 -0.0000 0.0000 0.0000 47.7741 -122.0802
2006.5356 2006 196 -0.0100 0.9000 5.3800 46.33 51.64 50.96 -0.0000 0.0000 0.0000 47.7741 -122.0802
2006.5384 2006 197 0.7500 2.0000 3.5900 47.27 51.52 50.98 -0.0000 0.0000 0.0000 47.7741 -122.0802
2006.5411 2006 198 -2.6900 2.2500 -4.4000 47.78 51.73 51.21 -0.0000 0.0000 0.0000 47.7741 -122.0802
2006.5438 2006 199 -0.5700 2.0800 2.2100 47.60 50.93 51.18 -0.0000 0.0000 0.0000 47.7741 -122.0802
2006.5466 2006 200 -0.5300 1.0800 1.5400 48.28 49.73 50.80 -0.0000 -0.0000 0.0000 47.7741 -122.0802
2006.5493 2006 201 0.1100 2.4100 -0.6200 49.08 49.17 50.21 -0.0000 -0.0000 0.0000 47.7741 -122.0802
2006.5521 2006 202 0.5500 3.0400 1.4400 50.08 48.68 49.95 0.0000 -0.0000 -0.0000 47.7741 -122.0802
2006.5548 2006 203 -0.6200 3.6400 3.3400 50.66 48.47 49.55 0.0000 -0.0000 -0.0000 47.7741 -122.0802
2006.5575 2006 204 -1.4100 2.7400 -1.6900 51.07 48.63 49.84 0.0000 -0.0000 -0.0000 47.7741 -122.0802
2006.5603 2006 205 0.1200 3.1500 5.2700 50.70 48.65 49.79 0.0000 -0.0000 -0.0000 47.7741 -122.0802
2006.5630 2006 206 -2.0000 2.4600 2.1100 50.55 49.20 50.25 0.0000 -0.0000 0.0000 47.7741 -122.0802
2006.5658 2006 207 -2.7400 2.3800 8.6000 50.37 49.62 50.05 0.0000 -0.0000 0.0000 47.7741 -122.0802
2006.5685 2006 208 -2.4900 2.0000 5.1000 50.02 49.49 49.92 0.0000 -0.0000 -0.0000 47.7741 -122.0802
2006.5712 2006 209 -4.5300 1.2500 2.8100 50.25 49.38 50.13 0.0000 -0.0000 0.0000 47.7741 -122.0802
2006.5740 2006 210 -2.8000 1.1800 -0.4100 49.90 49.20 50.06 -0.0000 -0.0000 0.0000 47.7741 -122.0802
2006.5767 2006 211 -0.6100 0.6700 -6.7200 49.58 49.64 50.03 -0.0000 -0.0000 0.0000 47.7741 -122.0802
2006.5795 2006 212 0.0300 1.2200 1.7400 48.96 49.33 50.16 -0.0000 -0.0000 0.0000 47.7741 -122.0802
2006.5822 2006 213 -1.1200 0.7100 2.7800 48.41 48.79 50.13 -0.0000 -0.0000 0.0000 47.7741 -122.0802
2006.5849 2006 214 -2.2300 -0.1400 2.4700 48.20 48.23 49.89 -0.0000 -0.0000 -0.0000 47.7741 -122.0802
2006.5877 2006 215 -1.9700 1.3200 -0.8400 48.14 47.94 49.99 -0.0000 -0.0000 -0.0000 47.7741 -122.0802
2006.5904 2006 216 -0.9300 1.9700 1.9800 47.66 47.52 49.64 -0.0000 -0.0000 -0.0000 47.7741 -122.0802
2006.5932 2006 217 -2.1600 2.8300 3.4300 47.40 47.36 49.67 -0.0000 -0.0000 -0.0000 47.7741 -122.0802
2006.5959 2006 218 -0.3900 1.5100 12.5800 47.40 47.22 49.19 -0.0000 -0.0000 -0.0000 47.7741 -122.0802
2006.5986 2006 219 -2.5100 1.7400 0.9700 47.42 46.95 49.07 -0.0000 -0.0000 -0.0000 47.7741 -122.0802
2006.6014 2006 220 -3.3200 0.7500 -3.3100 48.05 47.13 49.15 -0.0000 -0.0000 -0.0000 47.7741 -122.0802
2006.6041 2006 221 -2.5300 1.9100 -1.6500 48.36 47.59 49.25 -0.0000 -0.0000 -0.0000 47.7741 -122.0802
2006.6068 2006 222 -3.3300 0.4500 2.1700 48.15 48.24 49.89 -0.0000 -0.0000 -0.0000 47.7741 -122.0802
2006.6096 2006 223 -1.9700 0.3000 -1.7700 47.61 48.58 50.02 -0.0000 -0.0000 0.0000 47.7741 -122.0802
2006.6123 2006 224 -1.5700 1.2200 1.0100 47.32 48.70 50.11 -0.0000 -0.0000 0.0000 47.7741 -122.0802
2006.6151 2006 225 -1.1100 1.1100 1.4800 47.40 48.99 50.07 -0.0000 -0.0000 0.0000 47.7741 -122.0802
2006.6178 2006 226 -1.0500 2.4000 1.4900 47.80 48.87 50.23 -0.0000 -0.0000 0.0000 47.7741 -122.0802
2006.6205 2006 227 -3.5900 1.8700 4.5800 48.08 48.44 49.98 -0.0000 -0.0000 -0.0000 47.7741 -122.0802
2006.6233 2006 228 -2.3500 2.1000 -3.3900 48.31 47.85 49.93 -0.0000 -0.0000 -0.0000 47.7741 -122.0802
2006.6260 2006 229 -2.8600 1.3400 4.2500 48.15 47.95 49.32 -0.0000 -0.0000 -0.0000 47.7741 -122.0802
2006.6288 2006 230 -2.6600 0.5200 3.0400 48.16 47.55 49.02 -0.0000 -0.0000 -0.0000 47.7741 -122.0802
2006.6315 2006 231 -0.2600 0.7500 -4.1700 48.30 47.59 49.31 -0.0000 -0.0000 -0.0000 47.7741 -122.0802
2006.6342 2006 232 -1.2500 2.3600 3.3300 48.48 47.32 49.70 -0.0000 -0.0000 -0.0000 47.7741 -122.0802
2006.6370 2006 233 -3.6300 2.1100 1.1800 48.94 47.82 49.62 -0.0000 -0.0000 -0.0000 47.7741 -122.0802
2006.6397 2006 234 -3.8800 0.5300 0.4800 49.12 48.40 49.66 -0.0000 -0.0000 -0.0000 47.7741 -122.0802
2006.6425 2006 235 -2.4200 1.3800 7.6700 48.89 48.84 49.69 -0.0000 -0.0000 -0.0000 47.7741 -122.0802
2006.6452 2006 236 -1.8000 0.3700 3.8400 48.51 49.00 49.64 -0.0000 -0.0000 -0.0000 47.7741 -122.0802
2006.6479 2006 237 -0.8500 1.1900 -0.6600 48.40 48.94 49.63 -0.0000 -0.0000 -0.0000 47.7741 -122.0802
2006.6507 2006 238 -1.8900 1.0800 -0.9300 48.56 48.96 49.43 -0.0000 -0.0000 -0.0000 47.7741 -122.0802
2006.6534 2006 239 -2.7800 1.6400 0.1900 48.29 48.99 49.94 -0.0000 -0.0000 -0.0000 47.7741 -122.0802
2006.6562 2006 240 -2.3300 -2.2300 -4.0200 48.19 49.08 49.83 -0.0000 -0.0000 -0.0000 47.7741 -122.0802
2006.6589 2006 241 -4.5300 -0.6800 1.0200 47.87 49.12 49.61 -0.0000 -0.0000 -0.0000 47.7741 -122.0802
2006.6616 2006 242 -2.6500 0.7700 9.0600 47.03 49.10 50.13 -0.0000 -0.0000 0.0000 47.7741 -122.0802
2006.6644 2006 243 -2.1000 2.0000 1.8400 47.00 48.59 49.77 -0.0000 -0.0000 -0.0000 47.7741 -122.0802
2006.6671 2006 244 -2.4600 1.4300 -3.4000 47.45 48.39 49.79 -0.0000 -0.0000 -0.0000 47.7741 -122.0802
2006.6699 2006 245 -4.8400 1.6900 -0.2600 47.66 48.63 49.88 -0.0000 -0.0000 -0.0000 47.7741 -122.0802
2006.6726 2006 246 -4.5600 0.0800 3.2000 47.54 48.39 49.69 -0.0000 -0.0000 -0.0000 47.7741 -122.0802
2006.6753 2006 247 -3.4700 0.8500 -3.8500 47.59 48.57 49.54 -0.0000 -0.0000 -0.0000 47.7741 -122.0802
2006.6781 2006 248 -3.5700 1.2400 -0.3100 47.39 48.45 49.68 -0.0000 -0.0000 -0.0000 47.7741 -122.0802
2006.6808 2006 249 -4.4400 1.9700 2.7100 47.30 48.74 49.79 -0.0000 -0.0000 -0.0000 47.7741 -122.0802
2006.6836 2006 250 -4.1500 1.1500 -0.7800 47.64 48.73 50.25 -0.0000 -0.0000 0.0000 47.7741 -122.0802
2006.6863 2006 251 -3.7400 -0.0700 -5.3200 47.77 49.66 50.45 -0.0000 -0.0000 0.0000 47.7741 -122.0802
2006.6890 2006 252 -5.4300 -0.0700 14.2900 48.08 50.07 50.30 -0.0000 0.0000 0.0000 47.7741 -122.0802
2006.6918 2006 253 -2.1700 0.1400 -1.1100 48.16 50.12 49.92 -0.0000 0.0000 -0.0000 47.7741 -122.0802
2006.6945 2006 254 -2.9000 1.4600 1.4500 48.16 49.67 50.08 -0.0000 -0.0000 0.0000 47.7741 -122.0802
2006.6973 2006 255 -4.6800 2.4100 1.7200 48.20 49.50 50.12 -0.0000 -0.0000 0.0000 47.7741 -122.0802
2006.7000 2006 256 -3.7700 1.1100 5.1800 48.63 49.34 50.11 -0.0000 -0.0000 0.0000 47.7741 -122.0802
2006.7027 2006 257 -1.1100 0.7800 2.6100 49.13 49.51 49.87 -0.0000 -0.0000 -0.0000 47.7741 -122.0802
2006.7055 2006 258 -2.9000 -0.8200 2.5900 49.43 49.54 49.98 -0.0000 -0.0000 -0.0000 47.7741 -122.0802
2006.7082 2006 259 -2.4800 1.3800 -1.0900 49.38 49.64 50.12 -0.0000 -0.0000 0.0000 47.7741 -122.0802
2006.7110 2006 260 -1.9700 1.7600 5.1800 49.67 49.55 49.90 -0.0000 -0.0000 -0.0000 47.7741 -122.0802
2006.7137 2006 261 -0.7400 1.3300 -2.0100 49.86 49.63 50.19 -0.0000 -0.0000 0.0000 47.7741 -122.0802
2006.7164 2006 262 -2.5700 1.1000 0.1700 50.09 50.00 50.72 0.0000 0.0000 0.0000 47.7741 -122.0802
2006.7192 2006 263 -2.0300 0.2100 5.6100 50.79 50.14 50.09 0.0000 0.0000 0.0000 47.7741 -122.0802
2006.7219 2006 264 -0.7700 0.1500 8.8300 51.10 50.40 50.24 0.0000 0.0000 0.0000 47.7741 -122.0802
2006.7247 2006 265 -2.6400 1.1900 -3.8900 51.23 50.15 50.12 0.0000 0.0000 0.0000 47.7741 -122.0802
2006.7274 2006 266 -3.7700 0.9300 -2.0300 51.50 49.36 50.08 0.0000 -0.0000 0.0000 47.7741 -122.0802
2006.7301 2006 267 -2.8600 0.4400 -6.3100 51.82 49.36 50.07 0.0000 -0.0000 0.0000 47.7741 -122.0802
2006.7329 2006 268 -2.7900 -0.0800 -4.8100 51.76 49.14 49.99 0.0000 -0.0000 -0.0000 47.7741 -122.0802
2006.7356 2006 269 -4.1000 1.4100 0.8800 51.97 49.54 49.94 0.0000 -0.0000 -0.0000 47.7741 -122.0802
2006.7384 2006 270 -3.7800 1.2800 -0.3000 51.97 49.38 49.99 0.0000 -0.0000 -0.0000 47.7741 -122.0802
2006.7411 2006 271 -3.7400 1.5100 6.4200 51.85 49.39 49.89 0.0000 -0.0000 -0.0000 47.7741 -122.0802
2006.7438 2006 272 -2.4300 1.8000 9.0800 51.43 49.20 49.90 0.0000 -0.0000 -0.0000 47.7741 -122.0802
2006.7466 2006 273 -4.1800 0.2600 6.0400 51.16 48.99 49.83 0.0000 -0.0000 -0.0000 47.7741 -122.0802
2006.7493 2006 274 0.1900 0.0800 0.8000 51.10 49.39 49.84 0.0000 -0.0000 -0.0000 47.7741 -122.0802
2006.7521 2006 275 -0.4900 -0.5900 -2.5000 50.69 49.78 49.36 0.0000 -0.0000 -0.0000 47.7741 -122.0802
2006.7548 2006 276 -2.6100 -1.1600 1.3500 50.47 49.74 49.51 0.0000 -0.0000 -0.0000 47.7741 -122.0802
2006.7575 2006 277 -1.7400 0.9100 2.8400 50.48 49.75 49.73 0.0000 -0.0000 -0.0000 47.7741 -122.0802
2006.7603 2006 278 -1.0400 -0.3900 -1.1700 50.44 49.64 50.29 0.0000 -0.0000 0.0000 47.7741 -122.0802
2006.7630 2006 279 -2.6400 0.2700 3.5300 50.59 49.94 50.64 0.0000 -0.0000 0.0000 47.7741 -122.0802
2006.7658 2006 280 -3.0500 0.6300 0.6900 50.78 49.98 50.72 0.0000 -0.0000 0.0000 47.7741 -122.0802
2006.7685 2006 281 -2.4800 1.8800 5.2200 50.79 50.03 50.87 0.0000 0.0000 0.0000 47.7741 -122.0802
2006.7712 2006 282 -3.5100 2.9500 0.0400 51.05 49.70 50.77 0.0000 -0.0000 0.0000 47.7741 -122.0802
2006.7740 2006 283 -3.4200 1.2900 -3.2000 51.00 49.30 50.27 0.0000 -0.0000 0.0000 47.7741 -122.0802
2006.7767 2006 284 -2.0100 2.5400 3.3100 51.00 49.39 50.34 0.0000 -0.0000 0.0000 47.7741 -122.0802
2006.7795 2006 285 -3.5400 1.0500 -3.3100 50.54 49.40 50.38 0.0000 -0.0000 0.0000 47.7741 -122.0802
2006.7822 2006 286 -4.9800 0.6200 0.9900 50.23 49.75 50.49 0.0000 -0.0000 0.0000 47.7741 -122.0802
2006.7849 2006 287 -2.5700 0.1700 4.0600 50.21 50.41 50.43 0.0000 0.0000 0.0000 47.7741 -122.0802
2006.7877 2006 288 -1.6300 0.0400 5.9900 49.96 50.45 50.52 -0.0000 0.0000 0.0000 47.7741 -122.0802
2006.7904 2006 289 -0.4400 1.1600 6.5300 49.83 50.68 50.68 -0.0000 0.0000 0.0000 47.7741 -122.0802
2006.7932 2006 290 -2.5300 1.8900 4.2000 49.99 50.48 50.53 -0.0000 0.0000 0.0000 47.7741 -122.0802
2006.7959 2006 291 -2.9700 0.8800 2.3900 50.18 50.56 50.47 0.0000 0.0000 0.0000 47.7741 -122.0802
2006.7986 2006 292 0.1300 -0.7800 8.2200 50.42 50.40 50.46 0.0000 0.0000 0.0000 47.7741 -122.0802
2006.8014 2006 293 -1.5500 0.9800 2.8900 51.01 49.70 50.37 0.0000 -0.0000 0.0000 47.7741 -122.0802
2006.8041 2006 294 -2.7900 1.4500 1.5000 51.32 49.42 50.41 0.0000 -0.0000 0.0000 47.7741 -122.0802
2006.8068 2006 295 -2.4900 0.0700 3.8600 51.38 48.60 50.26 0.0000 -0.0000 0.0000 47.7741 -122.0802
2006.8096 2006 296 -1.5500 -0.3300 -2.6200 51.97 48.46 50.78 0.0000 -0.0000 0.0000 47.7741 -122.0802
2006.8123 2006 297 -0.9000 -0.4000 -1.1100 52.78 48.48 50.77 0.0000 -0.0000 0.0000 47.7741 -122.0802
2006.8151 2006 298 -2.4600 1.0000 3.7800 52.89 48.42 50.70 0.0000 -0.0000 0.0000 47.7741 -122.0802
2006.8178 2006 299 -2.3000 0.1300 0.5300 52.89 48.22 50.07 0.0000 -0.0000 0.0000 47.7741 -122.0802
2006.8205 2006 300 -0.7200 -0.0600 -0.1900 52.84 47.88 49.86 0.0000 -0.0000 -0.0000 47.7741 -122.0802
2006.8233 2006 301 -1.6400 0.2900 0.0500 53.19 47.70 49.94 0.0000 -0.0000 -0.0000 47.7741 -122.0802
2006.8260 2006 302 -0.3800 0.7700 5.0700 53.33 47.31 49.71 0.0000 -0.0000 -0.0000 47.7741 -122.0802
2006.8288 2006 303 -0.0800 -0.5900 -1.1100 52.96 47.69 49.38 0.0000 -0.0000 -0.0000 47.7741 -122.0802
2006.8315 2006 304 -1.0300 -0.5100 -4.6300 53.11 47.53 49.48 0.0000 -0.0000 -0.0000 47.7741 -122.0802
2006.8342 2006 305 -1.3600 -0.8500 -2.9300 53.26 47.15 49.37 0.0000 -0.0000 -0.0000 47.7741 -122.0802
2006.8370 2006 306 -0.3200 0.9200 2.4300 53.70 47.18 49.26 0.0000 -0.0000 -0.0000 47.7741 -122.0802
2006.8397 2006 307 0.9200 0.1900 4.6600 54.16 47.16 49.40 0.0000 -0.0000 -0.0000 47.7741 -122.0802
2006.8425 2006 308 -0.4000 -0.9500 6.8200 53.91 46.68 49.34 0.0000 -0.0000 -0.0000 47.7741 -122.0802
2006.8452 2006 309 -0.5100 -1.9500 -2.0300 54.33 46.54 49.16 0.0000 -0.0000 -0.0000 47.7741 -122.0802
2006.8479 2006 310 1.1100 -0.2400 10.8300 54.71 46.37 49.03 0.0000 -0.0000 -0.0000 47.7741 -122.0802
2006.8507 2006 311 1.8900 0.9300 10.5100 54.43 46.39 49.05 0.0000 -0.0000 -0.0000 47.7741 -122.0802
2006.8534 2006 312 -0.8000 -3.2300 -3.6100 54.37 46.39 48.87 0.0000 -0.0000 -0.0000 47.7741 -122.0802
2006.8562 2006 313 -0.4300 0.2600 -2.1700 54.21 46.36 48.78 0.0000 -0.0000 -0.0000 47.7741 -122.0802
2006.8589 2006 314 0.2600 -1.6000 -0.1900 54.00 46.37 48.43 0.0000 -0.0000 -0.0000 47.7741 -122.0802
2006.8616 2006 315 -0.6600 -0.9700 -7.9600 53.93 46.47 48.49 0.0000 -0.0000 -0.0000 47.7741 -122.0802
2006.8644 2006 316 -0.8600 0.3200 3.2600 54.11 47.04 48.72 0.0000 -0.0000 -0.0000 47.7741 -122.0802
2006.8671 2006 317 1.6700 -0.1900 2.9400 54.18 46.78 48.20 0.0000 -0.0000 -0.0000 47.7741 -122.0802
2006.8699 2006 318 -1.7800 -5.3500 -7.1300 53.56 46.79 47.81 0.0000 -0.0000 -0.0000 47.7741 -122.0802
2006.8726 2006 319 1.3400 -0.8000 -3.1400 53.37 46.98 47.47 0.0000 -0.0000 -0.0000 47.7741 -122.0802
2006.8753 2006 320 0.5800 -1.3100 -2.7700 53.25 47.32 47.78 0.0000 -0.0000 -0.0000 47.7741 -122.0802
2006.8781 2006 321 -1.7600 -0.3000 -4.1800 52.91 47.42 47.66 0.0000 -0.0000 -0.0000 47.7741 -122.0802
2006.8808 2006 322 -0.8700 -0.2900 -8.7900 52.26 47.41 47.29 0.0000 -0.0000 -0.0000 47.7741 -122.0802
2006.8836 2006 323 0.0200 -1.7500 0.4300 51.92 48.02 47.53 0.0000 -0.0000 -0.0000 47.7741 -122.0802
2006.8863 2006 324 1.1900 -7.8700 -21.3900 52.08 47.73 47.69 0.0000 -0.0000 -0.0000 47.7741 -122.0802
2006.8890 2006 325 0.6500 -3.2000 -3.6200 51.42 47.81 47.29 0.0000 -0.0000 -0.0000 47.7741 -122.0802
2006.8918 2006 326 1.3900 0.4800 -2.3200 50.71 48.15 47.34 0.0000 -0.0000 -0.0000 47.7741 -122.0802
2006.8945 2006 327 4.4000 -4.8300 -17.3800 50.09 48.23 47.20 0.0000 -0.0000 -0.0000 47.7741 -122.0802
2006.8973 2006 328 0.4800 -1.0200 -11.5100 49.54 48.18 46.90 -0.0000 -0.0000 -0.0000 47.7741 -122.0802
2006.9000 2006 329 -0.0300 -0.0700 -8.8700 49.75 48.81 47.04 -0.0000 -0.0000 -0.0000 47.7741 -122.0802
2006.9027 2006 330 -0.5300 -0.2100 0.5200 49.21 49.05 47.14 -0.0000 -0.0000 -0.0000 47.7741 -122.0802
2006.9055 2006 331 -1.1600 -1.9600 11.1800 48.83 49.21 47.09 -0.0000 -0.0000 -0.0000 47.7741 -122.0802
2006.9082 2006 332 -0.2500 -1.7200 -2.1200 48.95 49.21 47.19 -0.0000 -0.0000 -0.0000 47.7741 -122.0802
2006.9110 2006 333 -2.2900 0.2300 2.0000 48.89 49.34 47.55 -0.0000 -0.0000 -0.0000 47.7741 -122.0802
2006.9137 2006 334 0.9100 -3.5300 -9.8700 48.73 49.68 47.69 -0.0000 -0.0000 -0.0000 47.7741 -122.0802
2006.9164 2006 335 -7.4000 -5.2000 -40.0200 48.64 50.57 48.43 -0.0000 0.0000 -0.0000 47.7741 -122.0802
2006.9192 2006 336 -8.3900 1.6400 -24.2800 48.54 50.85 48.61 -0.0000 0.0000 -0.0000 47.7741 -122.0802
2006.9219 2006 337 -8.0500 2.5900 -9.5600 48.27 50.68 48.67 -0.0000 0.0000 -0.0000 47.7741 -122.0802
2006.9247 2006 338 -1.9500 -1.0200 -10.9700 47.70 51.23 49.25 -0.0000 0.0000 -0.0000 47.7741 -122.0802
2006.9274 2006 339 0.5100 -0.1600 -7.2400 47.65 51.41 49.80 -0.0000 0.0000 -0.0000 47.7741 -122.0802
2006.9301 2006 340 -1.9400 1.5600 -8.1400 47.58 51.40 50.06 -0.0000 0.0000 0.0000 47.7741 -122.0802
2006.9329 2006 341 -1.6100 0.0300 -12.8700 NaN NaN NaN 0.0000 0.0000 0.0000 47.7741 -122.0802
2006.9356 2006 342 -1.1500 -0.8100 -4.0300 NaN NaN NaN 0.0000 0.0000 0.0000 47.7741 -122.0802
2006.9384 2006 343 -0.8800 1.7300 5.4400 NaN NaN NaN 0.0000 0.0000 0.0000 47.7741 -122.0802
2006.9411 2006 344 -1.9500 1.8900 4.2400 NaN NaN NaN 0.0000 0.0000 0.0000 47.7741 -122.0802
2006.9438 2006 345 1.4900 0.9900 6.0100 NaN NaN NaN 0.0000 0.0000 0.0000 47.7741 -122.0802
2006.9466 2006 346 1.4300 -0.7200 10.2300 NaN NaN NaN 0.0000 0.0000 0.0000 47.7741 -122.0802
2006.9493 2006 347 0.9300 -1.2200 2.9300 NaN NaN NaN 0.0000 0.0000 0.0000 47.7741 -122.0802
2006.9521 2006 348 1.3600 -0.6100 1.1500 NaN NaN NaN 0.0000 0.0000 0.0000 47.7741 -122.0802
2006.9548 2006 349 -0.8900 0.8900 8.7400 NaN NaN NaN 0.0000 0.0000 0.0000 47.7741 -122.0802
2006.9575 2006 350 -0.5800 0.3900 -7.4700 NaN NaN NaN 0.0000 0.0000 0.0000 47.7741 -122.0802
2007.1466 2007 54 0.8900 -2.7300 -4.7700 53.23 50.38 53.04 0.0000 0.0000 0.0000 47.7741 -122.0802
2007.1493 2007 55 2.6400 -3.1700 -2.8100 53.00 51.07 53.55 0.0000 0.0000 0.0000 47.7741 -122.0802
2007.1521 2007 56 2.2900 -2.9900 3.5600 52.86 50.49 53.35 0.0000 0.0000 0.0000 47.7741 -122.0802
2007.1548 2007 57 2.2200 -3.2600 -0.4600 52.68 50.31 52.97 0.0000 0.0000 0.0000 47.7741 -122.0802
2007.1575 2007 58 1.4100 -2.8600 -2.6600 52.68 49.98 52.73 0.0000 -0.0000 0.0000 47.7741 -122.0802
2007.1603 2007 59 1.8900 -2.4300 11.0600 52.48 49.54 52.83 0.0000 -0.0000 0.0000 47.7741 -122.0802
2007.1630 2007 60 4.4300 -2.7300 47.0000 52.30 49.38 52.69 0.0000 -0.0000 0.0000 47.7741 -122.0802
2007.1658 2007 61 -5.3900 -4.0600 22.0100 52.28 48.90 52.21 0.0000 -0.0000 0.0000 47.7741 -122.0802
2007.1685 2007 62 1.7700 -0.3900 2.9700 51.78 49.20 51.55 0.0000 -0.0000 0.0000 47.7741 -122.0802
2007.1712 2007 63 0.1800 -2.4400 -6.9200 51.54 49.74 51.69 0.0000 -0.0000 0.0000 47.7741 -122.0802
2007.1740 2007 64 0.5900 -1.5500 -7.9400 51.29 50.11 51.57 0.0000 0.0000 0.0000 47.7741 -122.0802
2007.1767 2007 65 0.7100 -1.7100 -5.2700 51.27 50.23 51.59 0.0000 0.0000 0.0000 47.7741 -122.0802
2007.1795 2007 66 0.7300 -4.3400 -5.6800 50.97 50.56 51.83 0.0000 0.0000 0.0000 47.7741 -122.0802
2007.1822 2007 67 2.7400 -3.0800 3.2700 50.91 50.93 51.65 0.0000 0.0000 0.0000 47.7741 -122.0802
2007.1849 2007 68 1.9100 -2.7600 1.5900 50.63 51.23 51.46 0.0000 0.0000 0.0000 47.7741 -122.0802
2007.1877 2007 69 0.3100 -3.7600 -5.1500 50.45 51.43 51.40 0.0000 0.0000 0.0000 47.7741 -122.0802
2007.1904 2007 70 4.5600 -2.1800 -0.6400 50.36 51.45 50.88 0.0000 0.0000 0.0000 47.7741 -122.0802
2007.1932 2007 71 2.7500 -1.4000 -3.2400 49.67 51.68 49.31 -0.0000 0.0000 -0.0000 47.7741 -122.0802
2007.1959 2007 72 1.7200 -2.4900 -7.0400 50.74 52.11 48.49 0.0000 0.0000 -0.0000 47.7741 -122.0802
2007.1986 2007 73 1.5400 -1.6900 -6.4700 51.00 51.58 48.36 0.0000 0.0000 -0.0000 47.7741 -122.0802
2007.2014 2007 74 2.0700 -1.2900 -5.2100 51.48 51.31 48.68 0.0000 0.0000 -0.0000 47.7741 -122.0802
2007.2041 2007 75 2.4600 -1.4200 -1.0800 51.61 50.89 48.74 0.0000 0.0000 -0.0000 47.7741 -122.0802
2007.2068 2007 76 0.3700 -0.7900 7.4300 51.71 50.58 48.74 0.0000 0.0000 -0.0000 47.7741 -122.0802
2007.2096 2007 77 2.2100 -2.0100 -7.2500 51.71 51.19 48.78 0.0000 0.0000 -0.0000 47.7741 -122.0802
2007.2123 2007 78 1.3000 -1.1900 -2.5800 51.48 51.53 48.47 0.0000 0.0000 -0.0000 47.7741 -122.0802
2007.2151 2007 79 1.7300 -1.9400 0.3300 51.30 51.61 48.17 0.0000 0.0000 -0.0000 47.7741 -122.0802
2007.2178 2007 80 1.7700 -2.4900 -4.7600 51.31 52.10 48.19 0.0000 0.0000 -0.0000 47.7741 -122.0802
2007.2205 2007 81 2.1700 -1.6600 3.0600 NaN NaN NaN 0.0000 0.0000 0.0000 47.7741 -122.0802
2007.2233 2007 82 2.7600 -2.1600 1.5200 NaN NaN NaN 0.0000 0.0000 0.0000 47.7741 -122.0802
2007.2260 2007 83 4.9500 -2.4100 2.0700 NaN NaN NaN 0.0000 0.0000 0.0000 47.7741 -122.0802
2007.2288 2007 84 4.0700 -3.7900 2.4700 NaN NaN NaN 0.0000 0.0000 0.0000 47.7741 -122.0802
2007.2315 2007 85 1.8200 -3.5000 -7.9900 NaN NaN NaN 0.0000 0.0000 0.0000 47.7741 -122.0802
2007.2342 2007 86 1.6400 -2.4700 -0.8300 NaN NaN NaN 0.0000 0.0000 0.0000 47.7741 -122.0802
2007.2370 2007 87 1.3300 -2.2500 -6.0300 NaN NaN NaN 0.0000 0.0000 0.0000 47.7741 -122.0802
2007.2397 2007 88 1.2200 -1.2100 -8.7500 NaN NaN NaN 0.0000 0.0000 0.0000 47.7741 -122.0802
2007.2425 2007 89 0.8200 -2.8800 -10.7300 NaN NaN NaN 0.0000 0.0000 0.0000 47.7741 -122.0802
2007.2452 2007 90 0.5500 -1.5700 -1.9900 NaN NaN NaN 0.0000 0.0000 0.0000 47.7741 -122.0802
2007.3356 2007 123 -2.3700 -1.7200 -10.4300 46.68 51.86 49.67 -0.0000 0.0000 -0.0000 47.7741 -122.0802
2007.3384 2007 124 -1.6900 -1.4300 -0.3900 47.09 52.09 49.86 -0.0000 0.0000 -0.0000 47.7741 -122.0802
2007.3411 2007 125 -3.2700 0.1200 1.3100 47.94 52.36 49.66 -0.0000 0.0000 -0.0000 47.7741 -122.0802
2007.3438 2007 126 -3.5100 0.5500 -1.9800 47.70 52.64 49.54 -0.0000 0.0000 -0.0000 47.7741 -122.0802
2007.3466 2007 127 -2.9000 -0.8400 -6.6600 47.46 52.79 49.42 -0.0000 0.0000 -0.0000 47.7741 -122.0802
2007.3493 2007 128 -3.3500 -1.0200 -4.6400 46.93 52.84 49.56 -0.0000 0.0000 -0.0000 47.7741 -122.0802
2007.3521 2007 129 -2.7400 -0.3200 -15.7900 45.96 52.94 49.71 -0.0000 0.0000 -0.0000 47.7741 -122.0802
2007.3548 2007 130 -3.7500 0.4300 -8.0700 45.25 52.96 50.00 -0.0000 0.0000 -0.0000 47.7741 -122.0802
2007.3575 2007 131 -5.5600 0.4800 -3.7400 45.69 52.39 50.11 -0.0000 0.0000 0.0000 47.7741 -122.0802
2007.3603 2007 132 -5.7400 -0.2400 -2.7400 45.48 52.61 50.18 -0.0000 0.0000 0.0000 47.7741 -122.0802
2007.3630 2007 133 -6.0600 -1.0400 -7.1700 45.51 52.79 50.08 -0.0000 0.0000 0.0000 47.7741 -122.0802
2007.3658 2007 134 -4.3400 1.2300 -3.8300 45.31 53.13 50.30 -0.0000 0.0000 0.0000 47.7741 -122.0802
2007.3685 2007 135 -4.6300 -0.3400 -3.9700 44.64 53.49 50.03 -0.0000 0.0000 0.0000 47.7741 -122.0802
2007.3712 2007 136 -6.4600 0.1800 -1.0900 44.62 53.32 49.84 -0.0000 0.0000 -0.0000 47.7741 -122.0802
2007.3740 2007 137 -6.1300 -0.0500 -2.7900 44.71 52.94 50.07 -0.0000 0.0000 0.0000 47.7741 -122.0802
2007.3767 2007 138 -5.6700 -0.6800 -0.3500 44.63 52.93 50.42 -0.0000 0.0000 0.0000 47.7741 -122.0802
2007.3795 2007 139 -5.3100 -2.0300 -8.0800 44.86 53.11 50.38 -0.0000 0.0000 0.0000 47.7741 -122.0802
2007.3822 2007 140 -5.4400 -1.8200 -0.2600 44.70 53.06 51.21 -0.0000 0.0000 0.0000 47.7741 -122.0802
2007.3849 2007 141 -2.6100 -0.5100 6.3500 44.35 52.80 51.63 -0.0000 0.0000 0.0000 47.7741 -122.0802
2007.3877 2007 142 -4.9000 0.3200 5.5600 44.43 52.84 51.92 -0.0000 0.0000 0.0000 47.7741 -122.0802
2007.3904 2007 143 -3.9200 0.5300 -2.8900 44.73 52.69 51.95 -0.0000 0.0000 0.0000 47.7741 -122.0802
2007.3932 2007 144 -3.6000 0.2600 -3.3000 45.08 52.57 52.08 -0.0000 0.0000 0.0000 47.7741 -122.0802
2007.3959 2007 145 -6.4600 0.9300 -8.5900 44.82 52.23 51.97 -0.0000 0.0000 0.0000 47.7741 -122.0802
2007.3986 2007 146 -4.5300 0.9900 -4.4300 44.62 52.00 52.09 -0.0000 0.0000 0.0000 47.7741 -122.0802
2007.4014 2007 147 -5.1000 -0.4500 1.6100 45.17 51.63 52.13 -0.0000 0.0000 0.0000 47.7741 -122.0802
2007.4041 2007 148 -4.0800 0.2300 3.7500 45.83 51.48 52.42 -0.0000 0.0000 0.0000 47.7741 -122.0802
2007.4068 2007 149 -3.4200 0.7200 -0.4200 46.70 51.34 52.00 -0.0000 0.0000 0.0000 47.7741 -122.0802
2007.4096 2007 150 -5.2600 0.1300 -0.6100 47.49 51.56 52.23 -0.0000 0.0000 0.0000 47.7741 -122.0802
2007.4123 2007 151 -7.4700 1.2400 0.6700 48.34 51.56 52.13 -0.0000 0.0000 0.0000 47.7741 -122.0802
2007.4151 2007 152 -8.4400 3.1400 7.4400 48.29 51.61 51.78 -0.0000 0.0000 0.0000 47.7741 -122.0802
2007.4178 2007 153 -5.8600 -1.0500 -4.2400 48.71 51.46 51.62 -0.0000 0.0000 0.0000 47.7741 -122.0802
2007.4205 2007 154 -5.9700 -1.3600 -6.1600 48.87 51.13 51.70 -0.0000 0.0000 0.0000 47.7741 -122.0802
2007.4233 2007 155 -8.2200 0.7600 -4.4500 49.20 50.86 51.59 -0.0000 0.0000 0.0000 47.7741 -122.0802
2007.4260 2007 156 -6.1500 -0.9700 -3.7500 50.06 50.42 52.18 0.0000 0.0000 0.0000 47.7741 -122.0802
2007.4288 2007 157 -6.1000 -1.2200 1.2600 50.39 50.16 52.36 0.0000 0.0000 0.0000 47.7741 -122.0802
2007.4315 2007 158 -3.2500 -0.5600 7.4900 50.91 50.22 52.32 0.0000 0.0000 0.0000 47.7741 -122.0802
2007.4342 2007 159 -1.6300 -1.3100 -6.5000 51.43 49.94 52.07 0.0000 -0.0000 0.0000 47.7741 -122.0802
2007.4370 2007 160 -3.2700 -0.4600 2.0700 51.70 49.47 51.96 0.0000 -0.0000 0.0000 47.7741 -122.0802
2007.4397 2007 161 -1.7800 -1.5900 3.6900 52.17 49.30 51.45 0.0000 -0.0000 0.0000 47.7741 -122.0802
2007.4425 2007 162 -1.2400 -0.6900 0.1400 53.05 49.08 51.12 0.0000 -0.0000 0.0000 47.7741 -122.0802
2007.4452 2007 163 -2.7200 0.8500 4.6300 53.69 48.25 50.61 0.0000 -0.0000 0.0000 47.7741 -122.0802
2007.4479 2007 164 -2.7800 -0.9900 -1.0900 54.05 48.43 50.53 0.0000 -0.0000 0.0000 47.7741 -122.0802
2007.4507 2007 165 -1.3900 0.4000 -0.6800 54.43 48.41 50.40 0.0000 -0.0000 0.0000 47.7741 -122.0802
2007.4534 2007 166 -2.5100 -0.1200 6.7000 55.14 48.21 50.47 0.0000 -0.0000 0.0000 47.7741 -122.0802
2007.4562 2007 167 -2.3900 -0.2700 -3.2000 55.55 48.25 50.39 0.0000 -0.0000 0.0000 47.7741 -122.0802
2007.4589 2007 168 -1.0800 -1.3500 4.0400 55.80 48.58 50.18 0.0000 -0.0000 0.0000 47.7741 -122.0802
2007.4616 2007 169 0.5200 -0.8600 4.6200 55.58 48.56 49.63 0.0000 -0.0000 -0.0000 47.7741 -122.0802
2007.4644 2007 170 -0.3600 -1.4400 -0.5800 55.29 48.62 49.70 0.0000 -0.0000 -0.0000 47.7741 -122.0802
2007.4671 2007 171 -2.5800 -0.8400 -3.5200 55.45 48.32 49.25 0.0000 -0.0000 -0.0000 47.7741 -122.0802
2007.4699 2007 172 -1.4800 0.2200 -2.0600 55.10 48.46 48.96 0.0000 -0.0000 -0.0000 47.7741 -122.0802
2007.4726 2007 173 -4.0400 -1.6600 0.4400 55.04 48.68 49.09 0.0000 -0.0000 -0.0000 47.7741 -122.0802
2007.4753 2007 174 -1.6300 -0.2600 -9.5600 54.95 48.61 49.01 0.0000 -0.0000 -0.0000 47.7741 -122.0802
2007.4781 2007 175 -1.2200 -1.8700 -10.1000 55.02 48.86 48.90 0.0000 -0.0000 -0.0000 47.7741 -122.0802
2007.4808 2007 176 -3.7700 -1.5300 -2.3700 54.72 48.68 48.73 0.0000 -0.0000 -0.0000 47.7741 -122.0802
2007.4836 2007 177 -2.8000 -1.2200 -6.9800 54.24 48.99 47.96 0.0000 -0.0000 -0.0000 47.7741 -122.0802
2007.4863 2007 178 -2.6700 0.2500 -5.3100 53.94 49.23 47.93 0.0000 -0.0000 -0.0000 47.7741 -122.0802
2007.4890 2007 179 -3.1000 -1.2600 -4.4700 53.39 49.60 47.78 0.0000 -0.0000 -0.0000 47.7741 -122.0802
2007.4918 2007 180 -1.3300 -1.3800 -9.1300 52.64 49.96 47.49 0.0000 -0.0000 -0.0000 47.7741 -122.0802
2007.4945 2007 181 0.1400 -1.4400 -6.0800 52.14 50.41 47.55 0.0000 0.0000 -0.0000 47.7741 -122.0802
2007.4973 2007 182 -2.7700 -0.2700 -3.2700 51.75 50.67 47.45 0.0000 0.0000 -0.0000 47.7741 -122.0802
2007.5000 2007 183 -0.7600 1.0900 -1.0000 51.09 50.64 47.46 0.0000 0.0000 -0.0000 47.7741 -122.0802
2007.5027 2007 184 -1.7100 0.7600 1.0700 50.71 51.39 47.77 0.0000 0.0000 -0.0000 47.7741 -122.0802
2007.5055 2007 185 -0.7100 -0.2500 -3.2500 50.13 51.37 48.06 0.0000 0.0000 -0.0000 47.7741 -122.0802
2007.5082 2007 186 -3.0600 -0.8200 -4.3200 49.49 51.59 48.41 -0.0000 0.0000 -0.0000 47.7741 -122.0802
2007.5110 2007 187 -4.3600 1.5400 -6.0300 49.30 52.01 48.37 -0.0000 0.0000 -0.0000 47.7741 -122.0802
2007.5137 2007 188 -3.8900 0.7100 -3.3900 49.03 51.98 48.76 -0.0000 0.0000 -0.0000 47.7741 -122.0802
2007.5164 2007 189 -3.4900 0.9800 1.4700 48.59 51.58 48.93 -0.0000 0.0000 -0.0000 47.7741 -122.0802
2007.5192 2007 190 -3.9000 1.1000 -3.6300 48.66 51.56 49.32 -0.0000 0.0000 -0.0000 47.7741 -122.0802
2007.5219 2007 191 -3.1900 0.4900 0.9700 NaN NaN NaN 0.0000 0.0000 0.0000 47.7741 -122.0802
2007.5247 2007 192 -4.5000 0.3700 -8.7400 NaN NaN NaN 0.0000 0.0000 0.0000 47.7741 -122.0802
2007.5274 2007 193 -3.1400 -0.7600 -3.9400 NaN NaN NaN 0.0000 0.0000 0.0000 47.7741 -122.0802
2007.5301 2007 194 -4.2700 0.3600 6.0300 NaN NaN NaN 0.0000 0.0000 0.0000 47.7741 -122.0802
2007.5329 2007 195 -3.9400 0.2500 -3.3300 NaN NaN NaN 0.0000 0.0000 0.0000 47.7741 -122.0802
2007.5356 2007 196 -3.8500 -0.7600 -0.5900 NaN NaN NaN 0.0000 0.0000 0.0000 47.7741 -122.0802
2007.5384 2007 197 -2.1000 -0.5100 -2.0000 NaN NaN NaN 0.0000 0.0000 0.0000 47.7741 -122.0802
2007.5411 2007 198 -2.6600 -1.5900 4.8000 NaN NaN NaN 0.0000 0.0000 0.0000 47.7741 -122.0802
2007.5438 2007 199 -4.2000 -1.2800 -4.6700 NaN NaN NaN 0.0000 0.0000 0.0000 47.7741 -122.0802
2007.5466 2007 200 -2.2400 -1.8600 -0.0200 NaN NaN NaN 0.0000 0.0000 0.0000 47.7741 -122.0802
