2005.0863 2005 32 -0.1600 1.5200 2.9600 51.04 49.26 49.97 0.0000 -0.0000 -0.0000 45.7826 -121.3276
2005.0890 2005 33 1.4600 -0.2500 0.0500 50.90 49.09 49.61 0.0000 -0.0000 -0.0000 45.7826 -121.3276
2005.0918 2005 34 1.3000 0.4800 2.9400 50.90 49.06 49.31 0.0000 -0.0000 -0.0000 45.7826 -121.3276
2005.0945 2005 35 -1.3300 1.6800 7.1500 50.37 49.23 49.20 0.0000 -0.0000 -0.0000 45.7826 -121.3276
2005.0973 2005 36 -0.9400 0.9500 2.9800 49.98 49.04 48.77 -0.0000 -0.0000 -0.0000 45.7826 -121.3276
2005.1000 2005 37 -0.7700 -0.2300 7.1900 49.85 48.94 48.64 -0.0000 -0.0000 -0.0000 45.7826 -121.3276
2005.1027 2005 38 -1.2000 -4.2300 7.7100 49.22 48.97 48.66 -0.0000 -0.0000 -0.0000 45.7826 -121.3276
2005.1055 2005 39 0.8100 -1.6600 3.8000 49.67 49.13 48.78 -0.0000 -0.0000 -0.0000 45.7826 -121.3276
2005.1082 2005 40 0.6900 0.6800 5.7000 49.75 49.25 49.42 -0.0000 -0.0000 -0.0000 45.7826 -121.3276
2005.1110 2005 41 -0.2800 0.9400 0.2700 49.54 48.98 50.36 -0.0000 -0.0000 0.0000 45.7826 -121.3276
2005.1137 2005 42 0.3200 -0.0100 3.1800 49.55 48.68 50.77 -0.0000 -0.0000 0.0000 45.7826 -121.3276
2005.1164 2005 43 -0.9600 -0.2000 5.0200 49.55 48.56 50.92 -0.0000 -0.0000 0.0000 45.7826 -121.3276
2005.1192 2005 44 1.7100 -0.3700 3.0500 49.11 49.36 51.61 -0.0000 -0.0000 0.0000 45.7826 -121.3276
2005.1219 2005 45 1.0800 2.9100 4.4600 48.92 49.40 51.56 -0.0000 -0.0000 0.0000 45.7826 -121.3276
2005.1247 2005 46 0.1300 -0.1300 1.0700 49.09 49.17 51.10 -0.0000 -0.0000 0.0000 45.7826 -121.3276
2005.1274 2005 47 0.1300 0.6500 4.5100 49.34 49.13 51.08 -0.0000 -0.0000 0.0000 45.7826 -121.3276
2005.1301 2005 48 -1.7400 0.8600 5.6400 49.44 49.43 50.50 -0.0000 -0.0000 0.0000 45.7826 -121.3276
2005.1329 2005 49 0.8900 0.3300 1.9100 49.43 50.38 50.45 -0.0000 0.0000 0.0000 45.7826 -121.3276
2005.1356 2005 50 -0.1600 2.4000 5.2100 49.35 50.77 50.72 -0.0000 0.0000 0.0000 45.7826 -121.3276
2005.1384 2005 51 -1.3900 0.6100 12.2500 49.42 50.84 50.58 -0.0000 0.0000 0.0000 45.7826 -121.3276
2005.1411 2005 52 1.7300 0.7200 3.6900 49.59 50.89 51.04 -0.0000 0.0000 0.0000 45.7826 -121.3276
2005.1438 2005 53 0.3600 0.4800 4.3800 49.95 51.20 51.61 -0.0000 0.0000 0.0000 45.7826 -121.3276
2005.1466 2005 54 0.2200 0.3800 4.9100 50.11 51.31 51.71 0.0000 0.0000 0.0000 45.7826 -121.3276
2005.1493 2005 55 0.3500 1.0500 5.1700 49.93 51.55 52.16 -0.0000 0.0000 0.0000 45.7826 -121.3276
2005.1521 2005 56 0.3300 0.1400 3.5200 49.99 51.00 52.26 -0.0000 0.0000 0.0000 45.7826 -121.3276
2005.1548 2005 57 0.6100 0.4800 4.7400 50.23 51.26 52.50 0.0000 0.0000 0.0000 45.7826 -121.3276
2005.1575 2005 58 0.3500 0.3400 4.5300 50.32 51.46 52.42 0.0000 0.0000 0.0000 45.7826 -121.3276
2005.1603 2005 59 -0.7900 -0.3100 9.9100 50.95 51.25 52.30 0.0000 0.0000 0.0000 45.7826 -121.3276
2005.1630 2005 60 -0.5900 -0.0100 8.2500 50.57 50.95 52.65 0.0000 0.0000 0.0000 45.7826 -121.3276
2005.1658 2005 61 0.2100 1.5500 6.3400 50.81 50.60 52.57 0.0000 0.0000 0.0000 45.7826 -121.3276
2005.1685 2005 62 0.5000 0.1100 8.2000 51.29 50.59 51.72 0.0000 0.0000 0.0000 45.7826 -121.3276
2005.1712 2005 63 0.5700 1.7700 11.0400 50.86 50.81 51.54 0.0000 0.0000 0.0000 45.7826 -121.3276
2005.1740 2005 64 -0.0900 0.4100 5.0100 50.75 50.93 51.79 0.0000 0.0000 0.0000 45.7826 -121.3276
2005.1767 2005 65 1.5300 2.3500 10.8900 50.77 51.01 51.98 0.0000 0.0000 0.0000 45.7826 -121.3276
2005.1795 2005 66 0.0400 0.7700 8.0400 50.93 50.98 52.16 0.0000 0.0000 0.0000 45.7826 -121.3276
2005.1822 2005 67 1.0100 1.6600 3.4500 50.76 51.26 52.43 0.0000 0.0000 0.0000 45.7826 -121.3276
2005.1849 2005 68 0.8600 2.8200 4.6800 50.51 51.25 52.53 0.0000 0.0000 0.0000 45.7826 -121.3276
2005.1877 2005 69 0.4500 -0.1000 5.8700 50.21 51.10 52.75 0.0000 0.0000 0.0000 45.7826 -121.3276
2005.1904 2005 70 0.1600 -1.4400 8.1800 50.17 50.58 52.44 0.0000 0.0000 0.0000 45.7826 -121.3276
2005.1932 2005 71 1.6000 0.5500 6.8400 50.27 50.40 52.29 0.0000 0.0000 0.0000 45.7826 -121.3276
2005.1959 2005 72 0.6400 -0.8700 4.1300 50.07 50.08 52.31 0.0000 0.0000 0.0000 45.7826 -121.3276
2005.1986 2005 73 0.0900 1.6200 2.3800 49.64 50.20 51.87 -0.0000 0.0000 0.0000 45.7826 -121.3276
2005.2014 2005 74 0.0700 0.8900 11.4500 49.17 49.93 51.35 -0.0000 -0.0000 0.0000 45.7826 -121.3276
2005.2041 2005 75 -0.3000 1.9000 13.8400 48.83 50.01 51.27 -0.0000 0.0000 0.0000 45.7826 -121.3276
2005.2068 2005 76 0.7100 1.2600 11.7800 NaN NaN NaN 0.0000 0.0000 0.0000 45.7826 -121.3276
2005.2096 2005 77 0.4100 1.6100 6.8900 NaN NaN NaN 0.0000 0.0000 0.0000 45.7826 -121.3276
2005.2123 2005 78 0.1700 -0.0800 9.2600 NaN NaN NaN 0.0000 0.0000 0.0000 45.7826 -121.3276
2005.2151 2005 79 -0.7000 -0.8100 7.7000 NaN NaN NaN 0.0000 0.0000 0.0000 45.7826 -121.3276
2005.2178 2005 80 -0.7700 -1.2300 3.6300 NaN NaN NaN 0.0000 0.0000 0.0000 45.7826 -121.3276
2005.2205 2005 81 -0.9100 0.3100 9.2600 NaN NaN NaN 0.0000 0.0000 0.0000 45.7826 -121.3276
2005.2233 2005 82 -1.0700 -0.9900 7.8800 NaN NaN NaN 0.0000 0.0000 0.0000 45.7826 -121.3276
2005.2260 2005 83 -1.2400 0.4300 5.4000 NaN NaN NaN 0.0000 0.0000 0.0000 45.7826 -121.3276
2005.2288 2005 84 -1.7200 1.0700 6.2400 NaN NaN NaN 0.0000 0.0000 0.0000 45.7826 -121.3276
2005.2315 2005 85 -1.2500 2.1100 2.9600 NaN NaN NaN 0.0000 0.0000 0.0000 45.7826 -121.3276
2005.3247 2005 119 -0.4500 -1.0800 -0.0100 50.38 49.58 49.53 0.0000 -0.0000 -0.0000 45.7826 -121.3276
2005.3274 2005 120 -1.2400 -0.1400 4.6500 50.31 49.74 50.21 0.0000 -0.0000 0.0000 45.7826 -121.3276
2005.3301 2005 121 -0.4600 -0.3300 4.9400 50.44 50.13 50.28 0.0000 0.0000 0.0000 45.7826 -121.3276
2005.3329 2005 122 -0.3700 -0.1700 5.8200 50.28 50.47 50.42 0.0000 0.0000 0.0000 45.7826 -121.3276
2005.3356 2005 123 -0.3500 1.9100 6.7300 49.99 50.46 50.53 -0.0000 0.0000 0.0000 45.7826 -121.3276
2005.3384 2005 124 -1.0800 -0.3100 5.0300 50.11 50.41 50.60 0.0000 0.0000 0.0000 45.7826 -121.3276
2005.3411 2005 125 0.2100 -1.2100 1.1200 50.09 50.31 50.67 0.0000 0.0000 0.0000 45.7826 -121.3276
2005.3438 2005 126 0.1900 2.4600 5.4300 49.99 50.31 51.05 -0.0000 0.0000 0.0000 45.7826 -121.3276
2005.3466 2005 127 -0.3000 3.7000 3.2900 50.03 50.56 50.70 0.0000 0.0000 0.0000 45.7826 -121.3276
2005.3493 2005 128 -1.1600 0.3000 4.9400 50.60 50.85 50.30 0.0000 0.0000 0.0000 45.7826 -121.3276
2005.3521 2005 129 -1.3000 -0.0600 8.3500 50.81 51.17 50.55 0.0000 0.0000 0.0000 45.7826 -121.3276
2005.3548 2005 130 0.2300 0.7600 3.7000 51.01 51.47 50.94 0.0000 0.0000 0.0000 45.7826 -121.3276
2005.3575 2005 131 0.0700 1.0900 1.0600 51.34 51.62 50.70 0.0000 0.0000 0.0000 45.7826 -121.3276
2005.3603 2005 132 -1.6900 0.9600 8.3600 51.59 51.72 50.20 0.0000 0.0000 0.0000 45.7826 -121.3276
2005.3630 2005 133 -1.1700 1.1900 4.5900 51.73 51.86 49.77 0.0000 0.0000 -0.0000 45.7826 -121.3276
2005.3658 2005 134 -0.0300 0.6200 6.2000 51.78 51.58 49.29 0.0000 0.0000 -0.0000 45.7826 -121.3276
2005.3685 2005 135 -0.5100 0.2400 7.8900 52.03 51.41 49.17 0.0000 0.0000 -0.0000 45.7826 -121.3276
2005.3712 2005 136 0.1000 2.1500 6.6800 52.04 51.60 49.45 0.0000 0.0000 -0.0000 45.7826 -121.3276
2005.3740 2005 137 -0.2800 1.5000 8.4100 51.80 50.53 49.31 0.0000 0.0000 -0.0000 45.7826 -121.3276
2005.3767 2005 138 2.1500 0.0600 1.8300 52.00 49.00 49.29 0.0000 -0.0000 -0.0000 45.7826 -121.3276
2005.3795 2005 139 1.0300 0.2800 5.3800 52.48 49.36 48.97 0.0000 -0.0000 -0.0000 45.7826 -121.3276
2005.3822 2005 140 1.0000 0.6600 2.5700 52.91 49.60 48.54 0.0000 -0.0000 -0.0000 45.7826 -121.3276
2005.3849 2005 141 -0.3600 0.0500 -1.7000 52.74 49.53 48.50 0.0000 -0.0000 -0.0000 45.7826 -121.3276
2005.3877 2005 142 1.8500 0.0400 -4.7100 52.66 49.31 48.48 0.0000 -0.0000 -0.0000 45.7826 -121.3276
2005.3904 2005 143 -0.5000 0.0400 -4.3700 52.91 49.25 47.88 0.0000 -0.0000 -0.0000 45.7826 -121.3276
2005.3932 2005 144 0.3300 -0.2700 -1.7100 53.26 49.41 47.64 0.0000 -0.0000 -0.0000 45.7826 -121.3276
2005.3959 2005 145 -0.3500 -2.0000 0.7700 53.13 49.56 47.15 0.0000 -0.0000 -0.0000 45.7826 -121.3276
2005.3986 2005 146 1.1400 -2.5000 2.4000 53.26 49.84 47.13 0.0000 -0.0000 -0.0000 45.7826 -121.3276
2005.4014 2005 147 1.0700 -3.3700 4.9200 53.31 49.59 46.80 0.0000 -0.0000 -0.0000 45.7826 -121.3276
2005.4041 2005 148 0.6900 -3.0500 3.7300 53.26 49.42 46.74 0.0000 -0.0000 -0.0000 45.7826 -121.3276
2005.4068 2005 149 1.5300 2.3600 -4.2700 52.34 49.44 47.01 0.0000 -0.0000 -0.0000 45.7826 -121.3276
2005.4096 2005 150 0.0700 1.2600 2.5500 51.96 49.35 46.88 0.0000 -0.0000 -0.0000 45.7826 -121.3276
2005.4123 2005 151 0.3500 1.9000 5.6500 51.64 49.36 46.77 0.0000 -0.0000 -0.0000 45.7826 -121.3276
2005.4151 2005 152 1.7100 1.8800 -2.9300 51.51 49.57 47.19 0.0000 -0.0000 -0.0000 45.7826 -121.3276
2005.4178 2005 153 -0.4000 2.2800 -1.7600 50.99 49.73 47.63 0.0000 -0.0000 -0.0000 45.7826 -121.3276
2005.4205 2005 154 0.4500 3.9300 -1.2300 51.26 50.00 48.08 0.0000 -0.0000 -0.0000 45.7826 -121.3276
2005.4233 2005 155 0.3300 1.9100 -5.4400 51.12 50.35 48.62 0.0000 0.0000 -0.0000 45.7826 -121.3276
2005.4260 2005 156 1.0600 2.8300 9.6500 51.25 50.63 48.85 0.0000 0.0000 -0.0000 45.7826 -121.3276
2005.4288 2005 157 0.3200 0.4800 2.7300 50.99 50.92 48.77 0.0000 0.0000 -0.0000 45.7826 -121.3276
2005.4315 2005 158 0.2700 1.5500 2.9000 50.92 51.95 48.64 0.0000 0.0000 -0.0000 45.7826 -121.3276
2005.4342 2005 159 -1.3100 0.8400 4.0000 50.84 53.16 48.64 0.0000 0.0000 -0.0000 45.7826 -121.3276
2005.4370 2005 160 0.6200 0.6900 1.6800 50.32 52.42 49.27 0.0000 0.0000 -0.0000 45.7826 -121.3276
2005.4397 2005 161 0.0800 2.5300 2.3600 50.04 51.87 49.46 0.0000 0.0000 -0.0000 45.7826 -121.3276
2005.4425 2005 162 -0.3300 2.2000 3.5000 49.96 51.75 49.47 -0.0000 0.0000 -0.0000 45.7826 -121.3276
2005.4452 2005 163 0.1700 1.9700 -2.0200 49.59 51.55 49.84 -0.0000 0.0000 -0.0000 45.7826 -121.3276
2005.4479 2005 164 1.4300 2.8800 -2.2700 49.39 51.00 50.47 -0.0000 0.0000 0.0000 45.7826 -121.3276
2005.4507 2005 165 -0.1000 0.7200 5.8700 49.10 50.23 50.96 -0.0000 0.0000 0.0000 45.7826 -121.3276
2005.4534 2005 166 1.4300 -1.2700 3.4900 49.14 49.99 51.63 -0.0000 -0.0000 0.0000 45.7826 -121.3276
2005.4562 2005 167 -0.1800 -1.1600 1.1600 48.64 49.54 51.43 -0.0000 -0.0000 0.0000 45.7826 -121.3276
2005.4589 2005 168 1.3800 -1.6500 -0.0900 48.59 49.70 51.63 -0.0000 -0.0000 0.0000 45.7826 -121.3276
2005.4616 2005 169 1.0100 -1.4900 4.4100 48.56 49.64 51.74 -0.0000 -0.0000 0.0000 45.7826 -121.3276
2005.4644 2005 170 -0.3900 -1.3000 5.6300 49.06 49.56 51.70 -0.0000 -0.0000 0.0000 45.7826 -121.3276
2005.4671 2005 171 -1.0600 -1.7400 2.4300 48.94 49.50 51.84 -0.0000 -0.0000 0.0000 45.7826 -121.3276
2005.4699 2005 172 -0.2900 2.2500 8.0300 49.10 49.11 51.58 -0.0000 -0.0000 0.0000 45.7826 -121.3276
2005.4726 2005 173 0.0600 0.9400 4.4700 49.28 49.05 51.07 -0.0000 -0.0000 0.0000 45.7826 -121.3276
2005.4753 2005 174 -0.8900 -1.6900 6.5200 49.42 48.67 51.08 -0.0000 -0.0000 0.0000 45.7826 -121.3276
2005.4781 2005 175 -0.5000 -0.5900 7.1700 49.10 48.07 51.31 -0.0000 -0.0000 0.0000 45.7826 -121.3276
2005.4808 2005 176 1.0100 0.9700 2.6600 49.25 47.86 50.95 -0.0000 -0.0000 0.0000 45.7826 -121.3276
2005.4836 2005 177 -2.0800 1.1800 5.9800 49.20 48.34 50.82 -0.0000 -0.0000 0.0000 45.7826 -121.3276
2005.4863 2005 178 0.1000 0.3300 4.8300 49.57 48.41 50.84 -0.0000 -0.0000 0.0000 45.7826 -121.3276
2005.4890 2005 179 0.6100 0.9900 1.8500 49.32 48.43 51.25 -0.0000 -0.0000 0.0000 45.7826 -121.3276
2005.4918 2005 180 -0.3300 0.8800 4.6600 49.26 48.38 51.11 -0.0000 -0.0000 0.0000 45.7826 -121.3276
2005.4945 2005 181 -0.9100 0.6400 2.3600 49.51 49.05 50.78 -0.0000 -0.0000 0.0000 45.7826 -121.3276
2005.4973 2005 182 0.6300 0.8900 -5.1600 49.84 49.49 50.79 -0.0000 -0.0000 0.0000 45.7826 -121.3276
2005.5000 2005 183 1.5000 3.7600 -5.8600 50.08 49.39 50.74 0.0000 -0.0000 0.0000 45.7826 -121.3276
2005.5027 2005 184 -0.4600 0.0800 0.6300 50.25 49.57 50.51 0.0000 -0.0000 0.0000 45.7826 -121.3276
2005.5055 2005 185 0.6800 -0.4200 6.5600 50.38 49.92 50.12 0.0000 -0.0000 0.0000 45.7826 -121.3276
2005.5082 2005 186 0.8800 -0.5000 2.0400 50.57 50.48 49.77 0.0000 0.0000 -0.0000 45.7826 -121.3276
2005.5110 2005 187 3.1500 4.9800 1.9100 50.67 50.61 49.56 0.0000 0.0000 -0.0000 45.7826 -121.3276
2005.5137 2005 188 1.9400 1.3500 0.7300 51.30 50.58 49.53 0.0000 0.0000 -0.0000 45.7826 -121.3276
2005.5164 2005 189 -0.9800 0.7200 7.8600 51.35 50.38 49.27 0.0000 0.0000 -0.0000 45.7826 -121.3276
2005.5192 2005 190 0.7600 -0.1800 0.7300 51.26 50.22 49.60 0.0000 0.0000 -0.0000 45.7826 -121.3276
2005.5219 2005 191 0.1100 1.7200 4.5600 51.23 50.11 49.59 0.0000 0.0000 -0.0000 45.7826 -121.3276
2005.5247 2005 192 1.2700 -0.8700 2.7400 51.58 49.90 49.54 0.0000 -0.0000 -0.0000 45.7826 -121.3276
2005.5274 2005 193 1.5700 1.4700 8.8900 51.45 50.08 50.18 0.0000 0.0000 0.0000 45.7826 -121.3276
2005.5301 2005 194 -0.1700 2.0700 4.8400 51.22 49.68 50.64 0.0000 -0.0000 0.0000 45.7826 -121.3276
2005.5329 2005 195 -0.1500 -1.9600 2.8500 51.29 49.82 50.71 0.0000 -0.0000 0.0000 45.7826 -121.3276
2005.5356 2005 196 0.3000 1.4500 4.9300 51.08 50.10 50.26 0.0000 0.0000 0.0000 45.7826 -121.3276
2005.5384 2005 197 3.1500 1.5600 4.3500 50.88 50.04 50.34 0.0000 0.0000 0.0000 45.7826 -121.3276
2005.5411 2005 198 1.3000 -1.9700 0.3400 50.33 49.09 50.57 0.0000 -0.0000 0.0000 45.7826 -121.3276
2005.5438 2005 199 0.5100 -3.2900 -0.3600 50.17 48.74 50.50 0.0000 -0.0000 0.0000 45.7826 -121.3276
2005.5466 2005 200 -0.0800 -2.4900 11.9100 50.45 48.48 50.02 0.0000 -0.0000 0.0000 45.7826 -121.3276
2005.5493 2005 201 0.4400 -0.9000 5.1200 50.51 48.30 50.19 0.0000 -0.0000 0.0000 45.7826 -121.3276
2005.5521 2005 202 1.0500 -3.2200 1.7300 50.62 47.84 49.93 0.0000 -0.0000 -0.0000 45.7826 -121.3276
2005.5548 2005 203 -0.1600 0.4400 8.2700 50.56 47.91 49.77 0.0000 -0.0000 -0.0000 45.7826 -121.3276
2005.5575 2005 204 1.0100 -0.4900 -0.6800 50.40 47.80 49.48 0.0000 -0.0000 -0.0000 45.7826 -121.3276
2005.5603 2005 205 -0.4000 -0.4400 7.0300 50.35 47.48 49.41 0.0000 -0.0000 -0.0000 45.7826 -121.3276
2005.5630 2005 206 -2.2900 -0.9500 0.2300 50.29 47.49 49.53 0.0000 -0.0000 -0.0000 45.7826 -121.3276
2005.5658 2005 207 -0.2700 -3.7800 0.0000 50.26 47.21 49.61 0.0000 -0.0000 -0.0000 45.7826 -121.3276
2005.5685 2005 208 -1.0100 -1.7200 9.1100 49.70 47.17 49.60 -0.0000 -0.0000 -0.0000 45.7826 -121.3276
2005.5712 2005 209 2.4200 -1.0300 -3.4100 49.36 47.50 49.86 -0.0000 -0.0000 -0.0000 45.7826 -121.3276
2005.5740 2005 210 -0.2800 -0.4900 -1.7500 49.35 47.98 50.05 -0.0000 -0.0000 0.0000 45.7826 -121.3276
2005.5767 2005 211 1.3100 -1.3600 3.2500 49.43 48.63 49.52 -0.0000 -0.0000 -0.0000 45.7826 -121.3276
2005.5795 2005 212 1.8100 -1.9100 -10.0000 49.38 49.01 49.47 -0.0000 -0.0000 -0.0000 45.7826 -121.3276
2005.5822 2005 213 3.0200 1.0900 -4.5300 49.12 49.59 49.48 -0.0000 -0.0000 -0.0000 45.7826 -121.3276
2005.5849 2005 214 1.6200 -1.0100 -3.8600 49.30 49.63 48.95 -0.0000 -0.0000 -0.0000 45.7826 -121.3276
2005.5877 2005 215 -1.0000 -1.3800 2.0400 49.27 49.81 48.92 -0.0000 -0.0000 -0.0000 45.7826 -121.3276
2005.5904 2005 216 -0.1400 -2.1700 3.2900 49.35 49.73 48.55 -0.0000 -0.0000 -0.0000 45.7826 -121.3276
2005.5932 2005 217 0.8900 -0.3900 5.2900 49.94 49.76 48.80 -0.0000 -0.0000 -0.0000 45.7826 -121.3276
2005.5959 2005 218 -1.8400 1.5500 6.3400 50.00 50.57 49.00 0.0000 0.0000 -0.0000 45.7826 -121.3276
2005.5986 2005 219 0.8000 -0.2400 4.4900 50.51 51.17 48.45 0.0000 0.0000 -0.0000 45.7826 -121.3276
2005.6014 2005 220 0.8800 -0.0700 0.5400 50.23 51.29 48.82 0.0000 0.0000 -0.0000 45.7826 -121.3276
2005.6041 2005 221 0.1000 3.4200 1.1400 50.31 51.34 49.17 0.0000 0.0000 -0.0000 45.7826 -121.3276
2005.6068 2005 222 0.7500 2.6700 3.7600 50.36 51.30 49.11 0.0000 0.0000 -0.0000 45.7826 -121.3276
2005.6096 2005 223 0.0900 1.3500 1.2800 50.13 51.63 49.91 0.0000 0.0000 -0.0000 45.7826 -121.3276
2005.6123 2005 224 1.1500 0.6500 2.0000 49.81 51.43 50.56 -0.0000 0.0000 0.0000 45.7826 -121.3276
2005.6151 2005 225 0.0000 -1.0300 2.6400 49.67 51.92 51.42 -0.0000 0.0000 0.0000 45.7826 -121.3276
2005.6178 2005 226 0.7000 -1.8100 -0.1000 49.99 52.26 51.35 -0.0000 0.0000 0.0000 45.7826 -121.3276
2005.6205 2005 227 1.6100 -1.0000 3.4600 50.11 52.31 51.25 0.0000 0.0000 0.0000 45.7826 -121.3276
2005.6233 2005 228 -0.7600 4.6600 4.9400 50.14 52.47 50.94 0.0000 0.0000 0.0000 45.7826 -121.3276
2005.6260 2005 229 0.6500 1.0700 -3.4000 50.95 52.36 50.80 0.0000 0.0000 0.0000 45.7826 -121.3276
2005.6288 2005 230 -0.4900 -1.5700 5.1800 50.94 52.18 50.46 0.0000 0.0000 0.0000 45.7826 -121.3276
2005.6315 2005 231 1.3300 -0.8200 2.5600 50.95 52.07 50.33 0.0000 0.0000 0.0000 45.7826 -121.3276
2005.6342 2005 232 2.4400 -3.2100 3.2700 50.94 51.57 50.31 0.0000 0.0000 0.0000 45.7826 -121.3276
2005.6370 2005 233 0.8100 -0.5900 2.2500 51.07 51.10 50.20 0.0000 0.0000 0.0000 45.7826 -121.3276
2005.6397 2005 234 1.1500 0.0100 7.8600 51.21 50.68 50.21 0.0000 0.0000 0.0000 45.7826 -121.3276
2005.6425 2005 235 0.0400 4.3900 11.4000 51.17 50.75 50.36 0.0000 0.0000 0.0000 45.7826 -121.3276
2005.6452 2005 236 1.7500 0.5000 -1.7300 51.30 51.00 50.47 0.0000 0.0000 0.0000 45.7826 -121.3276
2005.6479 2005 237 1.1500 -1.5100 0.6200 51.08 51.35 50.83 0.0000 0.0000 0.0000 45.7826 -121.3276
2005.6507 2005 238 1.6700 -0.2200 -3.7600 50.95 51.38 50.70 0.0000 0.0000 0.0000 45.7826 -121.3276
2005.6534 2005 239 2.3000 -0.2300 3.2200 51.15 50.41 50.45 0.0000 0.0000 0.0000 45.7826 -121.3276
2005.6562 2005 240 0.3600 -1.0100 -4.5500 51.07 50.16 50.94 0.0000 0.0000 0.0000 45.7826 -121.3276
2005.6589 2005 241 1.2100 2.5700 -3.2500 51.35 50.45 50.65 0.0000 0.0000 0.0000 45.7826 -121.3276
2005.6616 2005 242 0.1600 2.4900 -8.5300 51.31 50.80 50.52 0.0000 0.0000 0.0000 45.7826 -121.3276
2005.6644 2005 243 2.3200 -0.8700 -1.4800 51.06 51.26 50.50 0.0000 0.0000 0.0000 45.7826 -121.3276
2005.6671 2005 244 0.8400 0.1600 1.0700 51.15 51.26 49.95 0.0000 0.0000 -0.0000 45.7826 -121.3276
2005.6699 2005 245 1.8300 2.2700 1.7100 51.27 51.40 49.38 0.0000 0.0000 -0.0000 45.7826 -121.3276
2005.6726 2005 246 0.5800 2.8200 10.9600 51.37 50.73 48.57 0.0000 0.0000 -0.0000 45.7826 -121.3276
2005.6753 2005 247 -0.8400 2.2800 6.5100 51.14 50.64 48.72 0.0000 0.0000 -0.0000 45.7826 -121.3276
2005.6781 2005 248 4.0000 -0.4200 2.0600 50.86 50.90 48.78 0.0000 0.0000 -0.0000 45.7826 -121.3276
2005.6808 2005 249 1.3800 -0.9300 0.4700 50.72 51.20 49.26 0.0000 0.0000 -0.0000 45.7826 -121.3276
2005.6836 2005 250 1.2000 0.2200 1.1500 50.25 51.43 49.31 0.0000 0.0000 -0.0000 45.7826 -121.3276
2005.6863 2005 251 0.0000 2.2400 4.6700 50.43 51.55 49.74 0.0000 0.0000 -0.0000 45.7826 -121.3276
2005.6890 2005 252 2.4900 4.5500 2.6600 50.50 51.22 49.89 0.0000 0.0000 -0.0000 45.7826 -121.3276
2005.6918 2005 253 0.5200 2.1600 2.6300 50.56 51.26 50.48 0.0000 0.0000 0.0000 45.7826 -121.3276
2005.6945 2005 254 0.9300 0.6300 0.3700 50.33 51.54 50.78 0.0000 0.0000 0.0000 45.7826 -121.3276
2005.6973 2005 255 0.5200 1.0300 5.5400 50.31 51.67 50.63 0.0000 0.0000 0.0000 45.7826 -121.3276
2005.7000 2005 256 -0.4400 -0.3300 3.3400 50.26 51.34 50.59 0.0000 0.0000 0.0000 45.7826 -121.3276
2005.7027 2005 257 2.0600 0.7400 -0.9200 50.28 50.99 49.86 0.0000 0.0000 -0.0000 45.7826 -121.3276
2005.7055 2005 258 -1.1100 2.2400 -0.3600 50.57 50.59 49.51 0.0000 0.0000 -0.0000 45.7826 -121.3276
2005.7082 2005 259 0.8200 3.7100 1.6200 50.25 50.57 49.57 0.0000 0.0000 -0.0000 45.7826 -121.3276
2005.7110 2005 260 1.6300 1.5600 2.1100 50.00 51.01 49.80 -0.0000 0.0000 -0.0000 45.7826 -121.3276
2005.7137 2005 261 2.2300 -0.0500 -0.0900 50.03 51.14 49.84 0.0000 0.0000 -0.0000 45.7826 -121.3276
2005.7164 2005 262 2.6600 0.2300 -2.2800 50.24 50.78 49.68 0.0000 0.0000 -0.0000 45.7826 -121.3276
2005.7192 2005 263 1.0100 2.2900 -0.4100 50.06 49.90 49.90 0.0000 -0.0000 -0.0000 45.7826 -121.3276
2005.7219 2005 264 1.3400 0.1700 2.2100 50.48 49.41 49.88 0.0000 -0.0000 -0.0000 45.7826 -121.3276
2005.7247 2005 265 1.4700 0.9700 -2.8100 50.56 49.23 49.80 0.0000 -0.0000 -0.0000 45.7826 -121.3276
2005.7274 2005 266 1.9100 -0.7800 0.7200 50.75 49.04 49.46 0.0000 -0.0000 -0.0000 45.7826 -121.3276
2005.7301 2005 267 1.4900 1.0400 -0.9200 51.01 49.61 49.61 0.0000 -0.0000 -0.0000 45.7826 -121.3276
2005.7329 2005 268 1.0000 0.0200 2.4300 50.88 49.60 49.61 0.0000 -0.0000 -0.0000 45.7826 -121.3276
2005.7356 2005 269 2.5500 -0.3400 2.5600 51.38 49.19 49.64 0.0000 -0.0000 -0.0000 45.7826 -121.3276
2005.7384 2005 270 0.5700 0.3900 2.9400 51.86 48.61 49.31 0.0000 -0.0000 -0.0000 45.7826 -121.3276
2005.7411 2005 271 2.0600 1.1800 4.2000 51.76 48.34 49.46 0.0000 -0.0000 -0.0000 45.7826 -121.3276
2005.7438 2005 272 2.5000 0.8900 1.2000 51.71 48.42 49.12 0.0000 -0.0000 -0.0000 45.7826 -121.3276
2005.7466 2005 273 1.6400 -1.8900 7.4500 51.48 48.46 49.19 0.0000 -0.0000 -0.0000 45.7826 -121.3276
2005.7493 2005 274 3.1700 0.3600 1.8000 51.46 48.44 49.02 0.0000 -0.0000 -0.0000 45.7826 -121.3276
2005.7521 2005 275 1.8000 -0.5700 -2.9200 51.49 48.40 48.89 0.0000 -0.0000 -0.0000 45.7826 -121.3276
2005.7548 2005 276 1.8400 -0.3700 -3.4800 51.41 48.14 49.44 0.0000 -0.0000 -0.0000 45.7826 -121.3276
2005.7575 2005 277 1.6500 2.5100 1.6100 51.33 48.40 49.58 0.0000 -0.0000 -0.0000 45.7826 -121.3276
2005.7603 2005 278 1.1200 0.9100 -0.4100 51.25 48.36 50.22 0.0000 -0.0000 0.0000 45.7826 -121.3276
2005.7630 2005 279 1.4000 0.8000 -0.2600 51.20 48.47 50.57 0.0000 -0.0000 0.0000 45.7826 -121.3276
2005.7658 2005 280 4.0500 0.7000 -1.9800 51.42 48.60 50.25 0.0000 -0.0000 0.0000 45.7826 -121.3276
2005.7685 2005 281 0.3500 0.0400 4.7600 51.54 48.40 50.17 0.0000 -0.0000 0.0000 45.7826 -121.3276
2005.7712 2005 282 2.9700 1.5900 -4.8300 51.40 48.31 49.88 0.0000 -0.0000 -0.0000 45.7826 -121.3276
2005.7740 2005 283 1.3700 -1.5300 1.0200 51.11 48.52 50.05 0.0000 -0.0000 0.0000 45.7826 -121.3276
2005.7767 2005 284 1.4100 1.9000 4.2300 51.13 49.23 49.68 0.0000 -0.0000 -0.0000 45.7826 -121.3276
2005.7795 2005 285 1.0000 0.6000 3.1000 50.61 49.42 49.70 0.0000 -0.0000 -0.0000 45.7826 -121.3276
2005.7822 2005 286 1.1700 -1.4100 9.0000 50.43 49.65 50.00 0.0000 -0.0000 -0.0000 45.7826 -121.3276
2005.7849 2005 287 1.1500 -0.5400 3.7800 50.17 49.73 50.63 0.0000 -0.0000 0.0000 45.7826 -121.3276
2005.7877 2005 288 1.4700 -1.0000 2.4400 49.88 49.11 50.81 -0.0000 -0.0000 0.0000 45.7826 -121.3276
2005.7904 2005 289 2.0300 -0.5900 7.3300 49.89 49.34 50.97 -0.0000 -0.0000 0.0000 45.7826 -121.3276
2005.7932 2005 290 3.2700 1.2600 -8.7300 49.54 49.39 51.05 -0.0000 -0.0000 0.0000 45.7826 -121.3276
2005.7959 2005 291 0.9600 -0.8400 5.1200 49.04 49.61 51.32 -0.0000 -0.0000 0.0000 45.7826 -121.3276
2005.7986 2005 292 1.5300 1.0500 -1.8300 49.26 49.80 51.09 -0.0000 -0.0000 0.0000 45.7826 -121.3276
2005.8014 2005 293 2.0500 2.1900 0.7900 49.09 49.56 51.53 -0.0000 -0.0000 0.0000 45.7826 -121.3276
2005.8041 2005 294 0.9900 0.2600 1.1800 49.14 49.90 51.55 -0.0000 -0.0000 0.0000 45.7826 -121.3276
2005.8068 2005 295 1.1100 0.7500 1.2000 49.09 49.76 51.21 -0.0000 -0.0000 0.0000 45.7826 -121.3276
2005.8096 2005 296 1.1200 0.9600 3.4900 49.44 49.77 50.94 -0.0000 -0.0000 0.0000 45.7826 -121.3276
2005.8123 2005 297 0.8400 -0.8600 6.2100 49.44 50.10 50.39 -0.0000 0.0000 0.0000 45.7826 -121.3276
2005.8151 2005 298 1.0800 -2.0300 5.7800 49.58 50.23 50.27 -0.0000 0.0000 0.0000 45.7826 -121.3276
2005.8178 2005 299 0.3200 4.2900 6.7400 49.60 50.47 50.27 -0.0000 0.0000 0.0000 45.7826 -121.3276
2005.8205 2005 300 1.2800 -0.4400 2.9300 49.56 50.59 49.96 -0.0000 0.0000 -0.0000 45.7826 -121.3276
2005.8233 2005 301 3.4100 -0.0900 2.4600 49.26 50.44 50.48 -0.0000 0.0000 0.0000 45.7826 -121.3276
2005.8260 2005 302 0.9800 0.8400 -0.0200 49.36 50.71 49.95 -0.0000 0.0000 -0.0000 45.7826 -121.3276
2005.8288 2005 303 2.2700 0.2500 4.9700 49.42 50.68 50.16 -0.0000 0.0000 0.0000 45.7826 -121.3276
2005.8315 2005 304 0.8200 1.2900 5.4900 49.19 50.37 50.44 -0.0000 0.0000 0.0000 45.7826 -121.3276
2005.8342 2005 305 1.4100 -0.5700 -2.3100 49.44 50.32 50.49 -0.0000 0.0000 0.0000 45.7826 -121.3276
2005.8370 2005 306 3.4400 1.3100 -5.8100 49.70 50.24 50.56 -0.0000 0.0000 0.0000 45.7826 -121.3276
2005.8397 2005 307 0.9100 0.5000 3.1000 49.85 50.20 50.36 -0.0000 0.0000 0.0000 45.7826 -121.3276
2005.8425 2005 308 1.7400 1.5400 2.9400 50.05 50.66 50.02 0.0000 0.0000 0.0000 45.7826 -121.3276
2005.8452 2005 309 1.6500 -0.1100 6.3400 50.15 51.28 49.63 0.0000 0.0000 -0.0000 45.7826 -121.3276
2005.8479 2005 310 2.6200 0.4100 1.8300 50.32 50.78 49.22 0.0000 0.0000 -0.0000 45.7826 -121.3276
2005.8507 2005 311 1.2000 0.9900 -1.9500 50.33 51.02 48.96 0.0000 0.0000 -0.0000 45.7826 -121.3276
2005.8534 2005 312 2.2500 1.3900 -8.1100 50.15 51.21 48.77 0.0000 0.0000 -0.0000 45.7826 -121.3276
2005.8562 2005 313 1.5200 0.6200 0.4200 49.99 51.20 48.81 -0.0000 0.0000 -0.0000 45.7826 -121.3276
2005.8589 2005 314 -0.6600 -0.5400 9.2400 49.91 51.39 48.31 -0.0000 0.0000 -0.0000 45.7826 -121.3276
2005.8616 2005 315 2.9500 1.7900 -2.3000 50.10 51.16 47.91 0.0000 0.0000 -0.0000 45.7826 -121.3276
2005.8644 2005 316 1.3100 0.0400 3.2100 50.24 51.48 47.99 0.0000 0.0000 -0.0000 45.7826 -121.3276
2005.8671 2005 317 1.8100 2.1700 1.9900 49.93 51.31 48.31 -0.0000 0.0000 -0.0000 45.7826 -121.3276
2005.8699 2005 318 1.7300 5.5000 2.4000 50.26 51.11 48.15 0.0000 0.0000 -0.0000 45.7826 -121.3276
2005.8726 2005 319 1.4200 1.6700 -5.4800 50.36 50.41 47.91 0.0000 0.0000 -0.0000 45.7826 -121.3276
2005.8753 2005 320 1.1400 0.7600 -2.4500 50.62 50.49 47.76 0.0000 0.0000 -0.0000 45.7826 -121.3276
2005.8781 2005 321 1.2400 1.5500 -4.1500 50.53 50.43 47.78 0.0000 0.0000 -0.0000 45.7826 -121.3276
2005.8808 2005 322 0.7200 1.5800 -1.1100 50.75 50.31 47.55 0.0000 0.0000 -0.0000 45.7826 -121.3276
2005.8836 2005 323 0.2700 1.2700 -3.3600 50.67 49.90 48.33 0.0000 -0.0000 -0.0000 45.7826 -121.3276
2005.8863 2005 324 0.6700 1.4800 -3.9900 51.02 49.72 48.09 0.0000 -0.0000 -0.0000 45.7826 -121.3276
2005.8890 2005 325 1.8300 0.8400 -4.8500 51.86 49.84 47.35 0.0000 -0.0000 -0.0000 45.7826 -121.3276
2005.8918 2005 326 2.7100 0.9300 -6.2600 51.74 49.57 47.23 0.0000 -0.0000 -0.0000 45.7826 -121.3276
2005.8945 2005 327 3.3300 0.1200 -3.1100 51.86 49.72 46.69 0.0000 -0.0000 -0.0000 45.7826 -121.3276
2005.8973 2005 328 3.2300 -0.0900 -7.5400 51.90 49.52 46.23 0.0000 -0.0000 -0.0000 45.7826 -121.3276
2005.9000 2005 329 2.9300 -4.7200 -6.4700 51.87 48.65 45.86 0.0000 -0.0000 -0.0000 45.7826 -121.3276
2005.9027 2005 330 3.7200 1.7400 4.8200 51.65 48.16 46.09 0.0000 -0.0000 -0.0000 45.7826 -121.3276
2005.9055 2005 331 2.4400 0.6500 -3.3500 51.18 48.37 46.26 0.0000 -0.0000 -0.0000 45.7826 -121.3276
2005.9082 2005 332 1.2200 -1.0500 -2.6700 51.03 48.08 46.46 0.0000 -0.0000 -0.0000 45.7826 -121.3276
2005.9110 2005 333 2.7400 -2.1300 3.7400 51.20 47.73 46.57 0.0000 -0.0000 -0.0000 45.7826 -121.3276
2005.9137 2005 334 4.3600 -2.3400 -5.9400 51.26 47.57 46.67 0.0000 -0.0000 -0.0000 45.7826 -121.3276
2005.9164 2005 335 3.6200 -1.8200 -7.7600 51.45 47.36 46.88 0.0000 -0.0000 -0.0000 45.7826 -121.3276
2005.9192 2005 336 3.3500 -0.3100 -9.1600 51.28 47.37 47.16 0.0000 -0.0000 -0.0000 45.7826 -121.3276
2005.9219 2005 337 2.1400 1.3800 -11.7600 50.91 47.27 47.29 0.0000 -0.0000 -0.0000 45.7826 -121.3276
2005.9247 2005 338 2.3600 0.7200 -13.5000 50.43 47.31 47.10 0.0000 -0.0000 -0.0000 45.7826 -121.3276
2005.9274 2005 339 2.0200 0.2800 -12.3400 49.58 47.34 47.41 -0.0000 -0.0000 -0.0000 45.7826 -121.3276
2005.9301 2005 340 0.2100 -1.0200 -7.0700 49.11 48.27 47.53 -0.0000 -0.0000 -0.0000 45.7826 -121.3276
2005.9329 2005 341 -1.8100 0.2300 -4.0000 48.37 47.79 46.86 -0.0000 -0.0000 -0.0000 45.7826 -121.3276
2005.9356 2005 342 -0.0400 0.2100 -3.3300 47.98 47.41 46.71 -0.0000 -0.0000 -0.0000 45.7826 -121.3276
2005.9384 2005 343 -0.0100 -0.7200 -0.5900 47.62 47.30 46.40 -0.0000 -0.0000 -0.0000 45.7826 -121.3276
2005.9411 2005 344 0.1600 -0.0600 -2.9300 46.87 46.95 45.15 -0.0000 -0.0000 -0.0000 45.7826 -121.3276
2005.9438 2005 345 0.7800 0.4000 -4.5200 45.19 46.29 44.38 -0.9774 -0.0001 -0.0000 45.7826 -121.3276
2005.9466 2005 346 1.4400 0.5100 -4.3400 43.06 46.48 43.48 -1.0000 -0.0000 -0.0052 45.7826 -121.3276
2005.9493 2005 347 0.9600 1.4100 -5.5300 42.79 46.63 43.79 -1.0000 -0.0000 -0.0000 45.7826 -121.3276
2005.9521 2005 348 -0.4700 -0.8800 -6.4600 42.52 46.35 44.49 -1.0000 -0.0000 -0.0000 45.7826 -121.3276
2005.9548 2005 349 -1.1800 -0.4200 -7.2900 42.36 46.35 45.25 -1.0000 -0.0001 -0.0000 45.7826 -121.3276
2005.9575 2005 350 0.3500 -0.8500 -10.8100 42.25 46.68 45.98 -1.0000 -0.0000 -0.0000 45.7826 -121.3276
2005.9603 2005 351 -0.2500 -0.8000 -12.2300 42.47 46.93 46.19 -1.0000 -0.0000 -0.0000 45.7826 -121.3276
2005.9630 2005 352 -1.0000 -2.0600 -9.4500 43.05 46.81 46.32 -1.0000 -0.0000 -0.0000 45.7826 -121.3276
2005.9658 2005 353 -1.6400 -2.9100 -10.0100 43.30 46.87 46.18 -1.0000 -0.0000 -0.0000 45.7826 -121.3276
2005.9685 2005 354 -2.7200 -7.2300 -16.8900 43.24 46.73 46.26 -1.0000 -0.0000 -0.0000 45.7826 -121.3276
2005.9712 2005 355 -8.3100 -11.0900 -26.5000 43.17 46.44 46.42 -1.0000 -0.0000 -0.0000 45.7826 -121.3276
2005.9740 2005 356 -15.6700 -0.3100 -50.5100 43.16 46.40 46.47 -1.0000 -0.0000 -0.0000 45.7826 -121.3276
2005.9767 2005 357 -0.4000 -0.4200 -4.1800 43.13 46.29 46.52 -1.0000 -0.0001 -0.0000 45.7826 -121.3276
2005.9795 2005 358 -0.2900 -0.9900 -1.4900 43.34 46.09 46.59 -1.0000 -0.0002 -0.0000 45.7826 -121.3276
2005.9822 2005 359 0.9900 -0.8200 -0.1800 43.95 45.95 46.81 -1.0000 -0.0004 -0.0000 45.7826 -121.3276
2005.9849 2005 360 0.9400 -1.2100 0.1700 44.49 45.89 46.87 -1.0000 -0.0009 -0.0000 45.7826 -121.3276
2005.9877 2005 361 0.9700 -1.0800 0.5300 44.79 45.50 47.21 -0.9999 -0.0070 -0.0000 45.7826 -121.3276
2005.9904 2005 362 1.2600 -1.8800 -0.4800 45.32 45.74 48.09 -0.8067 -0.0015 -0.0000 45.7826 -121.3276
2005.9932 2005 363 1.3100 -0.6800 -8.5800 45.82 46.08 48.55 -0.0106 -0.0002 -0.0000 45.7826 -121.3276
2005.9959 2005 364 -2.5900 -5.8600 4.5000 46.28 46.38 48.99 -0.0000 -0.0000 -0.0000 45.7826 -121.3276
2005.9986 2005 365 -1.4500 -6.0300 6.6400 47.12 47.34 50.23 -0.0000 -0.0000 0.0000 45.7826 -121.3276
2006.0014 2006 1 0.7700 -1.8200 -3.0200 49.03 49.06 51.72 -0.0000 -0.0000 0.0000 45.7826 -121.3276
2006.0041 2006 2 -0.0600 -1.7400 -0.2700 51.73 48.67 54.06 0.0000 -0.0000 0.0010 45.7826 -121.3276
2006.0068 2006 3 0.5200 -1.1100 0.1900 52.06 48.26 54.30 0.0000 -0.0000 0.0020 45.7826 -121.3276
2006.0096 2006 4 1.8700 -4.5300 -0.4200 52.30 48.43 54.07 0.0000 -0.0000 0.0011 45.7826 -121.3276
2006.0123 2006 5 -1.3600 -1.8800 -3.4900 52.36 48.60 53.67 0.0000 -0.0000 0.0000 45.7826 -121.3276
2006.0151 2006 6 0.4400 -1.0300 0.5200 52.30 48.71 53.34 0.0000 -0.0000 0.0000 45.7826 -121.3276
2006.0178 2006 7 1.0000 -2.6200 -2.2800 52.18 48.62 53.17 0.0000 -0.0000 0.0000 45.7826 -121.3276
2006.0205 2006 8 0.7600 -2.4000 1.9900 51.87 48.79 53.09 0.0000 -0.0000 0.0000 45.7826 -121.3276
2006.0233 2006 9 0.2900 -2.2600 -4.0300 51.62 48.91 53.30 0.0000 -0.0000 0.0000 45.7826 -121.3276
2006.0260 2006 10 0.1400 -1.3600 2.0400 52.29 49.63 53.04 0.0000 -0.0000 0.0000 45.7826 -121.3276
2006.0288 2006 11 2.2500 2.4200 7.4300 52.60 50.37 52.57 0.0000 0.0000 0.0000 45.7826 -121.3276
2006.0315 2006 12 1.5200 -4.4000 1.0500 52.39 50.66 52.50 0.0000 0.0000 0.0000 45.7826 -121.3276
2006.0342 2006 13 0.7800 -6.8300 8.7200 52.53 50.85 52.33 0.0000 0.0000 0.0000 45.7826 -121.3276
2006.0370 2006 14 0.7100 -1.1300 -2.8600 52.72 51.03 52.16 0.0000 0.0000 0.0000 45.7826 -121.3276
2006.0397 2006 15 0.8500 0.1900 -5.5900 52.40 51.48 52.04 0.0000 0.0000 0.0000 45.7826 -121.3276
2006.0425 2006 16 -0.1100 -1.3100 -3.0600 52.55 51.58 51.93 0.0000 0.0000 0.0000 45.7826 -121.3276
2006.0452 2006 17 0.2400 -2.8200 -0.0300 52.36 51.49 51.70 0.0000 0.0000 0.0000 45.7826 -121.3276
2006.0479 2006 18 0.1600 -1.9500 -0.7700 53.03 51.65 51.32 0.0000 0.0000 0.0000 45.7826 -121.3276
2006.0507 2006 19 -0.2500 0.2900 -4.2100 52.89 51.24 51.20 0.0000 0.0000 0.0000 45.7826 -121.3276
2006.0534 2006 20 1.8500 0.6900 -1.6700 52.47 51.22 51.26 0.0000 0.0000 0.0000 45.7826 -121.3276
2006.0562 2006 21 0.4900 -0.3500 -3.9100 52.32 50.89 50.96 0.0000 0.0000 0.0000 45.7826 -121.3276
2006.0589 2006 22 -1.0400 0.7200 -4.4600 51.51 49.88 50.30 0.0000 -0.0000 0.0000 45.7826 -121.3276
2006.0616 2006 23 0.5300 -0.8700 -3.7800 50.32 50.29 49.23 0.0000 0.0000 -0.0000 45.7826 -121.3276
2006.0644 2006 24 2.0100 -0.6900 -2.0600 50.14 51.10 48.55 0.0000 0.0000 -0.0000 45.7826 -121.3276
2006.0671 2006 25 0.0500 -1.0600 -0.9100 49.95 50.99 48.85 -0.0000 0.0000 -0.0000 45.7826 -121.3276
2006.0699 2006 26 -0.2500 -1.6000 -4.9500 49.87 50.75 49.17 -0.0000 0.0000 -0.0000 45.7826 -121.3276
2006.0726 2006 27 -0.9300 -2.5500 -0.9200 50.01 50.82 49.13 0.0000 0.0000 -0.0000 45.7826 -121.3276
2006.0753 2006 28 9.6100 -1.7800 -10.0500 50.09 51.06 48.91 0.0000 0.0000 -0.0000 45.7826 -121.3276
2006.0781 2006 29 -0.0700 -10.0200 4.9300 50.18 51.24 48.80 0.0000 0.0000 -0.0000 45.7826 -121.3276
2006.0808 2006 30 -5.5200 -1.8800 2.2200 50.42 51.08 48.59 0.0000 0.0000 -0.0000 45.7826 -121.3276
2006.0836 2006 31 -0.0100 -0.5300 1.9900 49.89 50.57 48.53 -0.0000 0.0000 -0.0000 45.7826 -121.3276
2006.0863 2006 32 -2.2600 -0.8100 4.0100 49.61 50.15 48.69 -0.0000 0.0000 -0.0000 45.7826 -121.3276
2006.0890 2006 33 0.1400 -2.2800 -2.5900 49.85 49.87 48.69 -0.0000 -0.0000 -0.0000 45.7826 -121.3276
2006.0918 2006 34 -0.3200 0.0800 -2.0200 49.78 49.87 48.78 -0.0000 -0.0000 -0.0000 45.7826 -121.3276
2006.0945 2006 35 -0.7900 -3.0700 5.0700 49.51 49.91 48.74 -0.0000 -0.0000 -0.0000 45.7826 -121.3276
2006.0973 2006 36 -1.2200 -2.7300 0.5300 49.71 49.62 48.49 -0.0000 -0.0000 -0.0000 45.7826 -121.3276
2006.1000 2006 37 0.3800 -0.2900 -7.1000 49.55 49.67 48.49 -0.0000 -0.0000 -0.0000 45.7826 -121.3276
2006.1027 2006 38 0.2200 -0.3800 -7.5500 49.84 49.86 48.22 -0.0000 -0.0000 -0.0000 45.7826 -121.3276
2006.1055 2006 39 -0.3700 0.8100 -4.8100 48.59 49.86 48.40 -0.0000 -0.0000 -0.0000 45.7826 -121.3276
2006.1082 2006 40 1.1400 -1.4800 -7.4300 48.72 50.97 47.96 -0.0000 0.0000 -0.0000 45.7826 -121.3276
2006.1110 2006 41 1.7500 -1.3700 -8.9400 49.65 51.10 47.53 -0.0000 0.0000 -0.0000 45.7826 -121.3276
2006.1137 2006 42 -0.7400 -2.0800 -8.1300 49.70 51.13 47.22 -0.0000 0.0000 -0.0000 45.7826 -121.3276
2006.1164 2006 43 -0.5700 -1.2100 -5.8800 50.36 51.29 46.80 0.0000 0.0000 -0.0000 45.7826 -121.3276
2006.1192 2006 44 0.5300 -0.1100 -4.3300 50.35 51.53 47.01 0.0000 0.0000 -0.0000 45.7826 -121.3276
2006.1219 2006 45 -0.1300 0.3600 -5.6700 50.65 51.14 47.16 0.0000 0.0000 -0.0000 45.7826 -121.3276
2006.1247 2006 46 0.1200 -2.2400 -9.8100 50.80 51.50 46.64 0.0000 0.0000 -0.0000 45.7826 -121.3276
2006.1274 2006 47 -0.6500 -0.3900 -6.5700 51.00 51.82 46.34 0.0000 0.0000 -0.0000 45.7826 -121.3276
2006.1301 2006 48 1.2000 -0.9400 -11.3800 50.88 51.61 46.81 0.0000 0.0000 -0.0000 45.7826 -121.3276
2006.1329 2006 49 1.2800 -0.8100 -11.0700 50.92 51.28 47.38 0.0000 0.0000 -0.0000 45.7826 -121.3276
2006.1356 2006 50 0.8900 -0.9900 -4.9300 50.94 50.69 47.63 0.0000 0.0000 -0.0000 45.7826 -121.3276
2006.1384 2006 51 0.5800 -0.4200 -4.7900 50.79 50.83 48.05 0.0000 0.0000 -0.0000 45.7826 -121.3276
2006.1411 2006 52 0.3000 0.1700 -5.9500 50.76 50.82 48.45 0.0000 0.0000 -0.0000 45.7826 -121.3276
2006.1438 2006 53 0.9200 -0.8000 -9.8900 50.94 51.11 48.82 0.0000 0.0000 -0.0000 45.7826 -121.3276
2006.1466 2006 54 -0.3800 1.4200 0.3800 50.98 51.16 48.96 0.0000 0.0000 -0.0000 45.7826 -121.3276
2006.1493 2006 55 1.5100 0.1100 -7.7100 50.89 51.11 48.98 0.0000 0.0000 -0.0000 45.7826 -121.3276
2006.1521 2006 56 -0.1800 -0.8700 -2.6200 51.00 50.95 49.10 0.0000 0.0000 -0.0000 45.7826 -121.3276
2006.1548 2006 57 -0.4200 -1.4900 -2.4600 50.82 51.02 49.66 0.0000 0.0000 -0.0000 45.7826 -121.3276
2006.1575 2006 58 -0.3400 -1.4900 2.3300 51.39 51.47 49.62 0.0000 0.0000 -0.0000 45.7826 -121.3276
2006.1603 2006 59 0.5100 -1.8400 1.8200 51.60 51.66 50.04 0.0000 0.0000 0.0000 45.7826 -121.3276
2006.1630 2006 60 -0.4100 -2.5600 -1.3800 52.13 51.69 50.00 0.0000 0.0000 0.0000 45.7826 -121.3276
2006.1658 2006 61 0.4900 -1.2200 1.6500 51.93 50.91 50.10 0.0000 0.0000 0.0000 45.7826 -121.3276
2006.1685 2006 62 1.5500 -2.4900 -3.6400 51.19 50.67 50.47 0.0000 0.0000 0.0000 45.7826 -121.3276
2006.1712 2006 63 0.1000 -0.5200 -0.8700 51.16 50.38 50.87 0.0000 0.0000 0.0000 45.7826 -121.3276
2006.1740 2006 64 -0.1300 -1.9200 -3.1100 50.64 50.38 51.67 0.0000 0.0000 0.0000 45.7826 -121.3276
2006.1767 2006 65 -0.0400 -0.0600 -4.1100 50.73 49.80 51.51 0.0000 -0.0000 0.0000 45.7826 -121.3276
2006.1795 2006 66 -0.1400 -0.4700 -5.4500 50.33 49.62 51.93 0.0000 -0.0000 0.0000 45.7826 -121.3276
2006.1822 2006 67 -1.0400 -2.3000 -0.6200 50.38 49.43 52.11 0.0000 -0.0000 0.0000 45.7826 -121.3276
2006.1849 2006 68 4.0700 5.6100 -9.6900 50.28 49.20 52.07 0.0000 -0.0000 0.0000 45.7826 -121.3276
2006.1877 2006 69 3.7000 2.5900 -7.6800 50.40 49.31 51.70 0.0000 -0.0000 0.0000 45.7826 -121.3276
2006.1904 2006 70 1.3600 0.2800 -13.6500 50.36 49.51 51.27 0.0000 -0.0000 0.0000 45.7826 -121.3276
2006.1932 2006 71 -0.2100 -2.3400 -13.4300 50.39 49.97 51.08 0.0000 -0.0000 0.0000 45.7826 -121.3276
2006.1959 2006 72 -0.7800 -1.8400 -1.4800 50.29 49.88 50.63 0.0000 -0.0000 0.0000 45.7826 -121.3276
2006.1986 2006 73 0.4600 -2.9500 -2.3700 50.42 50.20 50.42 0.0000 0.0000 0.0000 45.7826 -121.3276
2006.2014 2006 74 0.1300 -0.8100 -0.0600 50.27 49.91 50.30 0.0000 -0.0000 0.0000 45.7826 -121.3276
2006.2041 2006 75 -0.3100 -1.9500 -1.3400 50.16 50.05 50.17 0.0000 0.0000 0.0000 45.7826 -121.3276
2006.2068 2006 76 0.2200 -2.4200 -0.7300 50.23 49.93 50.32 0.0000 -0.0000 0.0000 45.7826 -121.3276
2006.2096 2006 77 0.8700 0.0000 -4.8500 50.28 49.97 50.47 0.0000 -0.0000 0.0000 45.7826 -121.3276
2006.2123 2006 78 -0.3700 -3.0200 -6.5600 50.52 50.10 50.26 0.0000 0.0000 0.0000 45.7826 -121.3276
2006.2151 2006 79 -0.1800 -2.1700 1.6000 49.43 49.09 50.69 -0.0000 -0.0000 0.0000 45.7826 -121.3276
2006.2178 2006 80 0.5200 -1.4000 -0.9800 48.78 48.39 50.82 -0.0000 -0.0000 0.0000 45.7826 -121.3276
2006.2205 2006 81 -0.2000 -1.9400 -3.5600 48.50 48.20 51.46 -0.0000 -0.0000 0.0000 45.7826 -121.3276
2006.2233 2006 82 -1.2200 -2.1100 -2.2300 48.74 48.30 52.00 -0.0000 -0.0000 0.0000 45.7826 -121.3276
2006.2260 2006 83 2.6200 0.6300 -4.4300 48.96 48.33 51.96 -0.0000 -0.0000 0.0000 45.7826 -121.3276
2006.2288 2006 84 -0.2400 -2.5000 2.7400 48.94 48.52 52.01 -0.0000 -0.0000 0.0000 45.7826 -121.3276
2006.2315 2006 85 -0.6300 -0.7600 -4.1400 49.14 48.52 51.70 -0.0000 -0.0000 0.0000 45.7826 -121.3276
2006.2342 2006 86 -0.2100 -2.0000 1.1500 49.08 48.97 51.69 -0.0000 -0.0000 0.0000 45.7826 -121.3276
2006.2370 2006 87 0.4300 -1.3000 0.0600 49.03 49.23 51.42 -0.0000 -0.0000 0.0000 45.7826 -121.3276
2006.2397 2006 88 -0.3800 -0.3100 2.3900 48.73 49.08 51.67 -0.0000 -0.0000 0.0000 45.7826 -121.3276
2006.2425 2006 89 -0.6900 -0.9800 0.6600 48.70 49.27 51.95 -0.0000 -0.0000 0.0000 45.7826 -121.3276
2006.2452 2006 90 0.6100 -2.8400 -0.4200 48.68 49.45 51.87 -0.0000 -0.0000 0.0000 45.7826 -121.3276
2006.2479 2006 91 -1.0800 -1.0700 2.6200 48.61 49.33 52.14 -0.0000 -0.0000 0.0000 45.7826 -121.3276
2006.2507 2006 92 0.9100 -2.3100 -4.7300 48.82 49.38 52.25 -0.0000 -0.0000 0.0000 45.7826 -121.3276
2006.2534 2006 93 -0.0500 -2.6400 0.0100 49.12 49.39 52.27 -0.0000 -0.0000 0.0000 45.7826 -121.3276
2006.2562 2006 94 0.4000 -3.2500 1.9000 48.71 49.05 52.32 -0.0000 -0.0000 0.0000 45.7826 -121.3276
2006.2589 2006 95 1.2000 -0.8600 -1.0500 48.62 48.99 52.28 -0.0000 -0.0000 0.0000 45.7826 -121.3276
2006.2616 2006 96 -0.7900 0.7100 -3.2500 48.81 48.82 52.48 -0.0000 -0.0000 0.0000 45.7826 -121.3276
2006.2644 2006 97 -1.7400 -1.3600 -1.6200 48.94 49.05 52.31 -0.0000 -0.0000 0.0000 45.7826 -121.3276
2006.2671 2006 98 -0.9500 -1.0700 0.1700 48.95 49.09 51.95 -0.0000 -0.0000 0.0000 45.7826 -121.3276
2006.2699 2006 99 -0.5300 -1.9500 -2.4800 49.07 48.80 51.76 -0.0000 -0.0000 0.0000 45.7826 -121.3276
2006.2726 2006 100 -0.2100 -0.5800 -1.1200 49.79 49.27 51.41 -0.0000 -0.0000 0.0000 45.7826 -121.3276
2006.2753 2006 101 -0.1800 -2.5500 3.9100 50.36 49.97 51.18 0.0000 -0.0000 0.0000 45.7826 -121.3276
2006.2781 2006 102 2.2500 -0.8200 -2.3200 50.90 50.01 50.44 0.0000 0.0000 0.0000 45.7826 -121.3276
2006.2808 2006 103 -0.0800 -2.7400 -5.5700 50.83 49.98 50.20 0.0000 -0.0000 0.0000 45.7826 -121.3276
2006.2836 2006 104 -0.1700 -1.2800 -3.5600 50.93 49.98 50.12 0.0000 -0.0000 0.0000 45.7826 -121.3276
2006.2863 2006 105 -1.2700 -4.7200 5.1600 51.00 50.15 49.96 0.0000 0.0000 -0.0000 45.7826 -121.3276
2006.2890 2006 106 0.6000 -2.1200 0.6700 50.77 50.23 49.99 0.0000 0.0000 -0.0000 45.7826 -121.3276
2006.2918 2006 107 0.8700 -0.5100 0.6400 51.12 49.83 49.99 0.0000 -0.0000 -0.0000 45.7826 -121.3276
2006.2945 2006 108 0.9300 -1.3000 -5.8000 51.53 49.75 50.10 0.0000 -0.0000 0.0000 45.7826 -121.3276
2006.2973 2006 109 1.2100 -2.7100 -0.7300 51.92 49.96 50.03 0.0000 -0.0000 0.0000 45.7826 -121.3276
2006.3000 2006 110 0.8800 -1.1600 0.3700 52.20 49.90 49.80 0.0000 -0.0000 -0.0000 45.7826 -121.3276
2006.3027 2006 111 2.7500 1.2000 -0.1200 52.41 49.90 49.92 0.0000 -0.0000 -0.0000 45.7826 -121.3276
2006.3055 2006 112 1.2300 -2.0200 -2.6900 52.63 50.05 49.53 0.0000 0.0000 -0.0000 45.7826 -121.3276
2006.3082 2006 113 1.3600 -2.7600 -3.6500 52.24 49.93 49.49 0.0000 -0.0000 -0.0000 45.7826 -121.3276
2006.3110 2006 114 1.2800 -3.5400 -0.8100 52.22 50.00 49.76 0.0000 0.0000 -0.0000 45.7826 -121.3276
2006.3137 2006 115 0.8800 -1.0300 1.5200 52.66 50.04 49.97 0.0000 0.0000 -0.0000 45.7826 -121.3276
2006.3164 2006 116 0.3100 0.1900 -1.1500 53.14 50.59 49.65 0.0000 0.0000 -0.0000 45.7826 -121.3276
2006.3192 2006 117 1.3700 -2.0000 -5.1100 53.45 50.72 49.27 0.0000 0.0000 -0.0000 45.7826 -121.3276
2006.3219 2006 118 -0.1400 -1.4100 0.8500 53.62 50.61 49.13 0.0000 0.0000 -0.0000 45.7826 -121.3276
2006.3247 2006 119 0.5700 0.8400 3.2200 53.87 50.54 49.44 0.0000 0.0000 -0.0000 45.7826 -121.3276
2006.3274 2006 120 1.4800 -1.4000 -5.4600 53.71 50.79 49.47 0.0000 0.0000 -0.0000 45.7826 -121.3276
2006.3301 2006 121 1.3200 1.8500 -0.5500 53.67 50.96 49.20 0.0000 0.0000 -0.0000 45.7826 -121.3276
2006.3329 2006 122 0.9000 -1.6300 -3.1800 53.49 50.78 49.03 0.0000 0.0000 -0.0000 45.7826 -121.3276
2006.3356 2006 123 1.2400 -1.3600 -2.0600 53.27 50.84 49.29 0.0000 0.0000 -0.0000 45.7826 -121.3276
2006.3384 2006 124 0.4600 -2.3600 -0.8600 53.27 50.91 49.30 0.0000 0.0000 -0.0000 45.7826 -121.3276
2006.3411 2006 125 0.6400 -3.1200 3.5200 52.98 51.06 49.34 0.0000 0.0000 -0.0000 45.7826 -121.3276
2006.3438 2006 126 0.8100 1.5800 -1.5900 52.99 50.89 49.37 0.0000 0.0000 -0.0000 45.7826 -121.3276
2006.3466 2006 127 3.2300 -1.7200 -5.7200 53.20 50.66 49.38 0.0000 0.0000 -0.0000 45.7826 -121.3276
2006.3493 2006 128 2.6500 -0.5100 -4.0100 52.96 50.73 49.74 0.0000 0.0000 -0.0000 45.7826 -121.3276
2006.3521 2006 129 2.8200 -2.5400 -2.8000 52.95 50.74 49.59 0.0000 0.0000 -0.0000 45.7826 -121.3276
2006.3548 2006 130 1.3700 -1.3700 -2.6100 52.71 50.48 49.50 0.0000 0.0000 -0.0000 45.7826 -121.3276
2006.3575 2006 131 1.7900 1.5500 -6.9500 52.37 50.41 49.85 0.0000 0.0000 -0.0000 45.7826 -121.3276
2006.3603 2006 132 3.1600 3.1700 -4.5400 51.94 49.99 49.94 0.0000 -0.0000 -0.0000 45.7826 -121.3276
2006.3630 2006 133 1.5400 -2.1500 -0.3900 51.75 50.06 50.47 0.0000 0.0000 0.0000 45.7826 -121.3276
2006.3658 2006 134 1.7200 -2.0900 -2.1000 51.71 50.14 50.69 0.0000 0.0000 0.0000 45.7826 -121.3276
2006.3685 2006 135 0.4300 -1.9500 -0.6100 51.77 50.17 50.48 0.0000 0.0000 0.0000 45.7826 -121.3276
2006.3712 2006 136 1.4600 -1.4200 1.9800 51.70 50.45 50.10 0.0000 0.0000 0.0000 45.7826 -121.3276
2006.3740 2006 137 0.9600 -2.5100 -1.1500 51.39 50.11 50.34 0.0000 0.0000 0.0000 45.7826 -121.3276
2006.3767 2006 138 1.8300 -3.9100 3.1700 50.54 50.19 50.60 0.0000 0.0000 0.0000 45.7826 -121.3276
2006.3795 2006 139 1.2700 -1.2200 -0.8600 49.87 50.19 50.79 -0.0000 0.0000 0.0000 45.7826 -121.3276
2006.3822 2006 140 0.3500 -1.3400 3.4900 49.38 50.29 50.83 -0.0000 0.0000 0.0000 45.7826 -121.3276
2006.3849 2006 141 0.9900 -1.9900 1.2700 49.30 49.97 51.04 -0.0000 -0.0000 0.0000 45.7826 -121.3276
2006.3877 2006 142 -0.2600 -2.2100 1.9200 49.06 49.49 51.55 -0.0000 -0.0000 0.0000 45.7826 -121.3276
2006.3904 2006 143 0.5100 0.1500 4.2700 48.84 48.91 52.12 -0.0000 -0.0000 0.0000 45.7826 -121.3276
2006.3932 2006 144 -0.1400 -0.6600 3.5100 48.84 48.87 52.01 -0.0000 -0.0000 0.0000 45.7826 -121.3276
2006.3959 2006 145 1.6000 -1.6000 -2.1000 48.70 48.93 52.02 -0.0000 -0.0000 0.0000 45.7826 -121.3276
2006.3986 2006 146 1.1600 -0.8400 -0.1600 49.12 48.78 52.02 -0.0000 -0.0000 0.0000 45.7826 -121.3276
2006.4014 2006 147 1.2500 2.1200 -1.4800 48.92 48.76 51.90 -0.0000 -0.0000 0.0000 45.7826 -121.3276
2006.4041 2006 148 0.1700 -0.2600 -4.9300 48.75 49.04 51.98 -0.0000 -0.0000 0.0000 45.7826 -121.3276
2006.4068 2006 149 -0.1000 -0.5200 -3.0800 48.51 49.67 51.59 -0.0000 -0.0000 0.0000 45.7826 -121.3276
2006.4096 2006 150 1.3900 -2.1800 0.6500 48.41 49.85 51.28 -0.0000 -0.0000 0.0000 45.7826 -121.3276
2006.4123 2006 151 0.9500 -4.5700 0.5500 48.48 49.88 51.23 -0.0000 -0.0000 0.0000 45.7826 -121.3276
2006.4151 2006 152 1.0500 -2.6000 -1.4500 48.53 49.83 50.79 -0.0000 -0.0000 0.0000 45.7826 -121.3276
2006.4178 2006 153 2.0500 -2.5000 5.5300 48.84 50.03 50.55 -0.0000 0.0000 0.0000 45.7826 -121.3276
2006.4205 2006 154 1.8600 -2.6500 -1.0600 48.91 49.73 50.30 -0.0000 -0.0000 0.0000 45.7826 -121.3276
2006.4233 2006 155 1.1800 -1.0600 -0.6200 48.99 49.68 49.96 -0.0000 -0.0000 -0.0000 45.7826 -121.3276
2006.4260 2006 156 2.4400 -2.6400 -0.3300 48.60 49.80 50.09 -0.0000 -0.0000 0.0000 45.7826 -121.3276
2006.4288 2006 157 0.5900 -1.9200 -0.4000 48.56 49.70 50.12 -0.0000 -0.0000 0.0000 45.7826 -121.3276
2006.4315 2006 158 0.4000 -1.0900 0.5400 48.39 49.45 50.25 -0.0000 -0.0000 0.0000 45.7826 -121.3276
2006.4342 2006 159 0.6600 2.2400 1.2100 48.72 49.26 50.35 -0.0000 -0.0000 0.0000 45.7826 -121.3276
2006.4370 2006 160 1.9900 0.9600 -9.8400 49.22 49.33 50.23 -0.0000 -0.0000 0.0000 45.7826 -121.3276
2006.4397 2006 161 0.6800 -2.7600 2.3500 49.27 49.46 49.99 -0.0000 -0.0000 -0.0000 45.7826 -121.3276
2006.4425 2006 162 0.8100 -3.0100 -3.9600 49.12 50.14 49.77 -0.0000 0.0000 -0.0000 45.7826 -121.3276
2006.4452 2006 163 0.3200 -3.2700 -2.0500 49.08 50.79 49.66 -0.0000 0.0000 -0.0000 45.7826 -121.3276
2006.4479 2006 164 0.6500 -1.9200 6.1600 48.92 51.23 49.26 -0.0000 0.0000 -0.0000 45.7826 -121.3276
2006.4507 2006 165 -0.8600 -0.7400 -0.2000 48.46 51.27 49.31 -0.0000 0.0000 -0.0000 45.7826 -121.3276
2006.4534 2006 166 -0.0100 0.6200 0.4300 48.22 50.96 49.22 -0.0000 0.0000 -0.0000 45.7826 -121.3276
2006.4562 2006 167 1.3600 -0.0800 -4.0900 47.66 50.96 49.26 -0.0000 0.0000 -0.0000 45.7826 -121.3276
2006.4589 2006 168 0.4200 -0.2700 3.3500 47.68 51.10 49.53 -0.0000 0.0000 -0.0000 45.7826 -121.3276
2006.4616 2006 169 -0.4000 -1.1800 0.1900 47.76 51.07 49.61 -0.0000 0.0000 -0.0000 45.7826 -121.3276
2006.4644 2006 170 0.7800 0.3100 -6.4500 48.22 50.08 49.74 -0.0000 0.0000 -0.0000 45.7826 -121.3276
2006.4671 2006 171 0.4600 -0.5000 -2.5900 47.92 49.48 50.45 -0.0000 -0.0000 0.0000 45.7826 -121.3276
2006.4699 2006 172 -0.5400 -0.1200 -2.7900 47.80 49.68 50.29 -0.0000 -0.0000 0.0000 45.7826 -121.3276
2006.4726 2006 173 0.0200 0.5400 3.7500 47.90 49.90 50.77 -0.0000 -0.0000 0.0000 45.7826 -121.3276
2006.4753 2006 174 -0.1700 -2.8500 5.7700 47.86 50.18 51.02 -0.0000 0.0000 0.0000 45.7826 -121.3276
2006.4781 2006 175 -1.1600 -2.7300 -0.2900 47.79 50.31 50.73 -0.0000 0.0000 0.0000 45.7826 -121.3276
2006.4808 2006 176 -1.1100 -3.3000 -1.7200 48.10 50.48 50.73 -0.0000 0.0000 0.0000 45.7826 -121.3276
2006.4836 2006 177 0.5600 -3.2900 1.5600 48.35 50.56 50.54 -0.0000 0.0000 0.0000 45.7826 -121.3276
2006.4863 2006 178 -0.1100 -0.9100 6.8100 48.22 50.43 50.68 -0.0000 0.0000 0.0000 45.7826 -121.3276
2006.4890 2006 179 0.3900 0.0100 6.9400 48.29 50.36 50.43 -0.0000 0.0000 0.0000 45.7826 -121.3276
2006.4918 2006 180 2.8700 -2.6900 2.9100 48.53 50.43 50.27 -0.0000 0.0000 0.0000 45.7826 -121.3276
2006.4945 2006 181 0.3700 -3.1100 2.6700 48.37 50.45 50.89 -0.0000 0.0000 0.0000 45.7826 -121.3276
2006.4973 2006 182 0.0500 -1.9600 -4.9000 48.44 50.26 51.09 -0.0000 0.0000 0.0000 45.7826 -121.3276
2006.5000 2006 183 1.4900 -1.7700 7.6200 48.69 49.90 51.27 -0.0000 -0.0000 0.0000 45.7826 -121.3276
2006.5027 2006 184 0.7200 -1.5400 2.5500 48.77 49.60 51.23 -0.0000 -0.0000 0.0000 45.7826 -121.3276
2006.5055 2006 185 0.2500 -2.2200 -2.6200 48.80 49.95 50.98 -0.0000 -0.0000 0.0000 45.7826 -121.3276
2006.5082 2006 186 0.8300 0.7200 -4.0800 49.33 50.09 51.08 -0.0000 0.0000 0.0000 45.7826 -121.3276
2006.5110 2006 187 -0.0800 3.1700 -3.7600 49.80 50.43 51.28 -0.0000 0.0000 0.0000 45.7826 -121.3276
2006.5137 2006 188 0.5600 -0.8900 -3.4100 49.92 50.72 51.30 -0.0000 0.0000 0.0000 45.7826 -121.3276
2006.5164 2006 189 0.0700 -3.7000 -0.4400 50.05 50.64 50.92 0.0000 0.0000 0.0000 45.7826 -121.3276
2006.5192 2006 190 0.8800 -1.3300 -0.2500 49.79 50.44 50.60 -0.0000 0.0000 0.0000 45.7826 -121.3276
2006.5219 2006 191 0.4300 1.5200 11.5800 48.87 50.97 50.57 -0.0000 0.0000 0.0000 45.7826 -121.3276
2006.5247 2006 192 0.0200 -1.0100 1.6300 48.94 51.34 50.21 -0.0000 0.0000 0.0000 45.7826 -121.3276
2006.5274 2006 193 -0.2800 0.9800 0.3700 48.88 51.26 50.73 -0.0000 0.0000 0.0000 45.7826 -121.3276
2006.5301 2006 194 -0.3700 0.9700 7.3500 48.40 51.03 50.28 -0.0000 0.0000 0.0000 45.7826 -121.3276
2006.5329 2006 195 -2.4200 1.4400 -4.3200 47.92 50.97 50.00 -0.0000 0.0000 -0.0000 45.7826 -121.3276
2006.5356 2006 196 -0.0900 -0.8400 4.5300 47.88 51.22 50.17 -0.0000 0.0000 0.0000 45.7826 -121.3276
2006.5384 2006 197 0.1000 -1.4200 5.8200 47.35 51.06 50.46 -0.0000 0.0000 0.0000 45.7826 -121.3276
2006.5411 2006 198 -0.5200 0.0000 4.2500 47.40 50.64 50.73 -0.0000 0.0000 0.0000 45.7826 -121.3276
2006.5438 2006 199 0.1200 -0.7300 -1.6800 47.43 50.62 51.03 -0.0000 0.0000 0.0000 45.7826 -121.3276
2006.5466 2006 200 -1.8600 -1.3900 -0.1400 47.24 51.20 51.26 -0.0000 0.0000 0.0000 45.7826 -121.3276
2006.5493 2006 201 -2.0400 -1.9000 3.5200 47.21 51.37 51.26 -0.0000 0.0000 0.0000 45.7826 -121.3276
2006.5521 2006 202 -0.5000 -3.7200 1.2900 47.22 50.96 50.46 -0.0000 0.0000 0.0000 45.7826 -121.3276
2006.5548 2006 203 -1.0100 -1.7400 8.5600 47.49 51.06 50.22 -0.0000 0.0000 0.0000 45.7826 -121.3276
2006.5575 2006 204 -1.2100 -3.1600 1.6300 47.50 50.88 50.09 -0.0000 0.0000 0.0000 45.7826 -121.3276
2006.5603 2006 205 -2.3100 0.6900 -4.2200 47.48 50.65 49.89 -0.0000 0.0000 -0.0000 45.7826 -121.3276
2006.5630 2006 206 -0.3400 1.1600 -4.8800 47.90 50.29 50.24 -0.0000 0.0000 0.0000 45.7826 -121.3276
2006.5658 2006 207 -1.7400 0.8000 3.6200 47.83 50.05 50.05 -0.0000 0.0000 0.0000 45.7826 -121.3276
2006.5685 2006 208 0.2100 0.9000 2.8500 47.68 49.79 49.69 -0.0000 -0.0000 -0.0000 45.7826 -121.3276
2006.5712 2006 209 -0.0100 -2.1400 11.3500 47.98 49.56 49.39 -0.0000 -0.0000 -0.0000 45.7826 -121.3276
2006.5740 2006 210 -1.9500 0.2500 4.9600 47.92 49.61 49.81 -0.0000 -0.0000 -0.0000 45.7826 -121.3276
2006.5767 2006 211 2.2000 0.7400 -1.2200 48.25 49.93 49.89 -0.0000 -0.0000 -0.0000 45.7826 -121.3276
2006.5795 2006 212 0.0900 -2.6200 -0.1800 48.99 49.97 49.71 -0.0000 -0.0000 -0.0000 45.7826 -121.3276
2006.5822 2006 213 2.4600 -0.1400 -3.7500 49.16 50.30 49.75 -0.0000 0.0000 -0.0000 45.7826 -121.3276
2006.5849 2006 214 0.2400 -0.3400 -1.7200 49.28 50.32 49.14 -0.0000 0.0000 -0.0000 45.7826 -121.3276
2006.5877 2006 215 -1.2400 -1.5000 3.2400 49.76 50.49 49.24 -0.0000 0.0000 -0.0000 45.7826 -121.3276
2006.5904 2006 216 -0.8800 0.9300 -0.3100 50.39 50.11 49.59 0.0000 0.0000 -0.0000 45.7826 -121.3276
2006.5932 2006 217 0.5800 -2.3400 1.9900 50.50 49.91 49.79 0.0000 -0.0000 -0.0000 45.7826 -121.3276
2006.5959 2006 218 0.0300 -3.1800 -0.8500 51.03 49.89 49.51 0.0000 -0.0000 -0.0000 45.7826 -121.3276
2006.5986 2006 219 1.5700 -0.1500 -4.5400 51.03 49.95 49.22 0.0000 -0.0000 -0.0000 45.7826 -121.3276
2006.6014 2006 220 -0.2500 0.2100 6.6900 51.18 50.07 48.65 0.0000 0.0000 -0.0000 45.7826 -121.3276
2006.6041 2006 221 -1.0000 1.7600 -3.8500 51.73 49.59 48.48 0.0000 -0.0000 -0.0000 45.7826 -121.3276
2006.6068 2006 222 -0.9000 -0.3300 -3.2000 51.52 49.26 48.50 0.0000 -0.0000 -0.0000 45.7826 -121.3276
2006.6096 2006 223 0.2000 0.5300 1.6900 51.55 49.71 48.77 0.0000 -0.0000 -0.0000 45.7826 -121.3276
2006.6123 2006 224 -1.3500 -1.1400 -4.3300 51.02 49.52 49.19 0.0000 -0.0000 -0.0000 45.7826 -121.3276
2006.6151 2006 225 -0.1200 -2.1000 -0.3100 51.06 49.59 49.33 0.0000 -0.0000 -0.0000 45.7826 -121.3276
2006.6178 2006 226 0.1700 -2.5200 3.1200 51.15 50.08 49.29 0.0000 0.0000 -0.0000 45.7826 -121.3276
2006.6205 2006 227 0.0000 1.3500 1.2700 51.15 49.96 49.07 0.0000 -0.0000 -0.0000 45.7826 -121.3276
2006.6233 2006 228 0.7400 0.6500 -0.1600 50.90 50.12 49.22 0.0000 0.0000 -0.0000 45.7826 -121.3276
2006.6260 2006 229 0.5300 -0.6700 -2.2600 50.92 50.35 49.39 0.0000 0.0000 -0.0000 45.7826 -121.3276
2006.6288 2006 230 0.9400 -1.7600 2.3500 50.73 50.19 49.88 0.0000 0.0000 -0.0000 45.7826 -121.3276
2006.6315 2006 231 1.3300 -2.3700 3.1800 51.14 50.45 49.25 0.0000 0.0000 -0.0000 45.7826 -121.3276
2006.6342 2006 232 1.4900 -1.4800 -1.3400 51.67 50.17 49.45 0.0000 0.0000 -0.0000 45.7826 -121.3276
2006.6370 2006 233 0.1100 -1.1200 0.1600 51.74 49.91 49.66 0.0000 -0.0000 -0.0000 45.7826 -121.3276
2006.6397 2006 234 0.0100 -1.5800 6.3200 51.69 49.43 49.65 0.0000 -0.0000 -0.0000 45.7826 -121.3276
2006.6425 2006 235 0.8100 -0.7100 1.6200 51.86 49.31 50.09 0.0000 -0.0000 0.0000 45.7826 -121.3276
2006.6452 2006 236 -1.0300 2.1400 -1.6100 51.87 49.21 50.21 0.0000 -0.0000 0.0000 45.7826 -121.3276
2006.6479 2006 237 0.0600 -1.1500 -4.2600 51.68 49.40 50.05 0.0000 -0.0000 0.0000 45.7826 -121.3276
2006.6507 2006 238 -0.8300 -1.7100 4.8800 51.62 49.21 49.90 0.0000 -0.0000 -0.0000 45.7826 -121.3276
2006.6534 2006 239 0.1400 -1.8900 -1.5000 51.37 49.22 50.07 0.0000 -0.0000 0.0000 45.7826 -121.3276
2006.6562 2006 240 1.4000 -1.9400 5.7800 51.17 49.35 50.25 0.0000 -0.0000 0.0000 45.7826 -121.3276
2006.6589 2006 241 2.3600 4.4100 -11.2300 51.12 49.46 50.56 0.0000 -0.0000 0.0000 45.7826 -121.3276
2006.6616 2006 242 3.1200 0.8000 1.3600 50.80 50.02 50.56 0.0000 0.0000 0.0000 45.7826 -121.3276
2006.6644 2006 243 0.4100 -2.5800 -1.0700 50.62 50.29 50.63 0.0000 0.0000 0.0000 45.7826 -121.3276
2006.6671 2006 244 0.2500 -2.2800 1.6300 50.63 50.10 50.67 0.0000 0.0000 0.0000 45.7826 -121.3276
2006.6699 2006 245 -0.3200 -2.2400 1.1400 50.98 50.30 50.32 0.0000 0.0000 0.0000 45.7826 -121.3276
2006.6726 2006 246 0.4900 -2.4500 2.7100 50.87 50.38 50.18 0.0000 0.0000 0.0000 45.7826 -121.3276
2006.6753 2006 247 0.2400 -3.2600 4.1000 51.32 49.91 50.22 0.0000 -0.0000 0.0000 45.7826 -121.3276
2006.6781 2006 248 -0.2300 -0.8100 1.3900 51.27 50.14 50.40 0.0000 0.0000 0.0000 45.7826 -121.3276
2006.6808 2006 249 0.4200 0.5500 2.4100 51.80 50.23 50.12 0.0000 0.0000 0.0000 45.7826 -121.3276
2006.6836 2006 250 -0.7300 -0.2700 -0.3900 51.86 50.10 50.13 0.0000 0.0000 0.0000 45.7826 -121.3276
2006.6863 2006 251 1.2200 -0.1300 5.0700 51.81 50.40 49.70 0.0000 0.0000 -0.0000 45.7826 -121.3276
2006.6890 2006 252 1.2300 2.6200 0.9100 51.16 49.79 50.61 0.0000 -0.0000 0.0000 45.7826 -121.3276
2006.6918 2006 253 -0.7100 0.0000 1.5900 50.19 49.85 50.32 0.0000 -0.0000 0.0000 45.7826 -121.3276
2006.6945 2006 254 0.2000 -2.1100 2.0000 50.06 50.47 50.45 0.0000 0.0000 0.0000 45.7826 -121.3276
2006.6973 2006 255 0.2000 -0.4400 4.1600 49.96 50.77 50.30 -0.0000 0.0000 0.0000 45.7826 -121.3276
2006.7000 2006 256 0.5900 0.0300 -0.3300 49.77 50.97 50.16 -0.0000 0.0000 0.0000 45.7826 -121.3276
2006.7027 2006 257 3.0900 -0.3600 -5.5200 49.63 51.08 50.02 -0.0000 0.0000 0.0000 45.7826 -121.3276
2006.7055 2006 258 0.7200 -0.2500 -1.5900 49.61 51.19 49.82 -0.0000 0.0000 -0.0000 45.7826 -121.3276
2006.7082 2006 259 2.4000 0.0000 -2.3200 49.56 51.24 49.84 -0.0000 0.0000 -0.0000 45.7826 -121.3276
2006.7110 2006 260 0.8200 -2.1500 -1.8700 49.54 50.92 49.64 -0.0000 0.0000 -0.0000 45.7826 -121.3276
2006.7137 2006 261 0.6900 -0.0900 0.3200 49.80 50.82 49.66 -0.0000 0.0000 -0.0000 45.7826 -121.3276
2006.7164 2006 262 -0.0600 0.9600 0.8900 49.70 50.50 49.51 -0.0000 0.0000 -0.0000 45.7826 -121.3276
2006.7192 2006 263 -0.1500 0.7300 -2.1700 49.71 49.78 49.79 -0.0000 -0.0000 -0.0000 45.7826 -121.3276
2006.7219 2006 264 0.6300 1.9400 2.7300 49.94 49.66 49.95 -0.0000 -0.0000 -0.0000 45.7826 -121.3276
2006.7247 2006 265 -0.5200 -1.1500 -1.8300 50.07 49.77 50.02 0.0000 -0.0000 0.0000 45.7826 -121.3276
2006.7274 2006 266 -0.7000 -0.9100 1.0800 49.99 49.58 49.78 -0.0000 -0.0000 -0.0000 45.7826 -121.3276
2006.7301 2006 267 0.0400 -1.5700 1.1400 49.93 49.40 49.71 -0.0000 -0.0000 -0.0000 45.7826 -121.3276
2006.7329 2006 268 0.1600 -2.6100 0.3200 49.01 49.52 50.07 -0.0000 -0.0000 0.0000 45.7826 -121.3276
2006.7356 2006 269 -0.9600 -2.0600 1.7700 48.95 49.64 50.07 -0.0000 -0.0000 0.0000 45.7826 -121.3276
2006.7384 2006 270 -0.1200 -2.8900 -0.6300 48.30 49.52 50.48 -0.0000 -0.0000 0.0000 45.7826 -121.3276
2006.7411 2006 271 0.0500 -1.0000 1.1100 48.24 49.85 50.72 -0.0000 -0.0000 0.0000 45.7826 -121.3276
2006.7438 2006 272 0.6700 -2.1600 3.3400 48.41 49.57 50.83 -0.0000 -0.0000 0.0000 45.7826 -121.3276
2006.7466 2006 273 1.2300 -1.0500 5.3700 48.65 49.74 50.28 -0.0000 -0.0000 0.0000 45.7826 -121.3276
2006.7493 2006 274 -0.9100 -0.0800 6.2000 49.07 49.63 50.68 -0.0000 -0.0000 0.0000 45.7826 -121.3276
2006.7521 2006 275 1.4600 -1.7200 4.4300 48.98 48.88 50.35 -0.0000 -0.0000 0.0000 45.7826 -121.3276
2006.7548 2006 276 -0.4100 -1.4700 -2.6000 49.20 48.89 50.87 -0.0000 -0.0000 0.0000 45.7826 -121.3276
2006.7575 2006 277 -0.1600 -1.1600 -2.6700 49.33 48.71 50.98 -0.0000 -0.0000 0.0000 45.7826 -121.3276
2006.7603 2006 278 -0.6300 -0.8800 -0.5900 49.55 48.90 51.17 -0.0000 -0.0000 0.0000 45.7826 -121.3276
2006.7630 2006 279 0.8200 1.6400 -0.4700 50.02 49.07 51.08 0.0000 -0.0000 0.0000 45.7826 -121.3276
2006.7658 2006 280 0.1100 0.1300 1.5200 50.33 49.42 50.88 0.0000 -0.0000 0.0000 45.7826 -121.3276
2006.7685 2006 281 0.9100 0.9200 2.4500 50.48 50.14 50.87 0.0000 0.0000 0.0000 45.7826 -121.3276
2006.7712 2006 282 1.3500 -1.5400 -0.9100 50.47 50.63 50.63 0.0000 0.0000 0.0000 45.7826 -121.3276
2006.7740 2006 283 -0.2300 -0.2600 -0.2700 50.69 51.23 50.36 0.0000 0.0000 0.0000 45.7826 -121.3276
2006.7767 2006 284 0.1800 -0.4300 2.1700 50.64 51.70 49.88 0.0000 0.0000 -0.0000 45.7826 -121.3276
2006.7795 2006 285 0.2200 -0.8500 0.1000 50.79 51.72 49.35 0.0000 0.0000 -0.0000 45.7826 -121.3276
2006.7822 2006 286 0.3700 -0.1500 4.3400 50.41 51.89 49.20 0.0000 0.0000 -0.0000 45.7826 -121.3276
2006.7849 2006 287 -0.0700 -1.4400 2.8700 50.59 52.10 49.70 0.0000 0.0000 -0.0000 45.7826 -121.3276
2006.7877 2006 288 1.2300 1.0900 3.2200 50.62 52.51 49.63 0.0000 0.0000 -0.0000 45.7826 -121.3276
2006.7904 2006 289 4.1900 -0.2700 -4.9000 51.20 52.90 49.03 0.0000 0.0000 -0.0000 45.7826 -121.3276
2006.7932 2006 290 1.1800 0.2000 -1.9200 51.38 52.51 49.13 0.0000 0.0000 -0.0000 45.7826 -121.3276
2006.7959 2006 291 0.7000 0.9900 -3.6400 51.78 52.51 48.89 0.0000 0.0000 -0.0000 45.7826 -121.3276
2006.7986 2006 292 0.8800 3.3600 -2.3200 51.88 52.38 48.54 0.0000 0.0000 -0.0000 45.7826 -121.3276
2006.8014 2006 293 2.0700 2.1000 -3.4900 51.81 52.81 48.50 0.0000 0.0000 -0.0000 45.7826 -121.3276
2006.8041 2006 294 0.7500 0.2100 0.2600 52.02 53.01 48.47 0.0000 0.0000 -0.0000 45.7826 -121.3276
2006.8068 2006 295 0.1900 0.0400 0.0500 52.07 53.20 48.17 0.0000 0.0000 -0.0000 45.7826 -121.3276
2006.8096 2006 296 -0.5200 0.3700 3.8800 52.15 53.69 48.34 0.0000 0.0176 -0.0000 45.7826 -121.3276
2006.8123 2006 297 0.5300 -0.5600 1.2200 52.30 53.43 47.76 0.0000 0.0002 -0.0000 45.7826 -121.3276
2006.8151 2006 298 -0.6100 1.9100 -6.9100 52.31 53.56 47.51 0.0000 0.0024 -0.0000 45.7826 -121.3276
2006.8178 2006 299 0.5900 2.7200 -8.1100 52.11 53.28 47.22 0.0000 0.0000 -0.0000 45.7826 -121.3276
2006.8205 2006 300 2.5800 -0.6600 3.9600 51.15 53.51 47.56 0.0000 0.0007 -0.0000 45.7826 -121.3276
2006.8233 2006 301 1.0400 0.3300 0.8300 50.85 53.23 47.74 0.0000 0.0000 -0.0000 45.7826 -121.3276
2006.8260 2006 302 2.0100 3.1400 -0.8400 51.03 52.80 47.71 0.0000 0.0000 -0.0000 45.7826 -121.3276
2006.8288 2006 303 1.4700 1.7700 -3.9700 50.88 52.36 47.81 0.0000 0.0000 -0.0000 45.7826 -121.3276
2006.8315 2006 304 1.5200 0.6200 -2.6900 50.63 51.83 48.20 0.0000 0.0000 -0.0000 45.7826 -121.3276
2006.8342 2006 305 0.9700 0.4900 0.1200 50.73 51.59 48.24 0.0000 0.0000 -0.0000 45.7826 -121.3276
2006.8370 2006 306 0.4100 1.5500 0.8200 50.64 51.56 48.48 0.0000 0.0000 -0.0000 45.7826 -121.3276
2006.8397 2006 307 3.2700 -2.0000 -1.6700 50.91 51.25 48.35 0.0000 0.0000 -0.0000 45.7826 -121.3276
2006.8425 2006 308 0.9500 -0.5100 -0.9600 50.91 51.24 47.79 0.0000 0.0000 -0.0000 45.7826 -121.3276
2006.8452 2006 309 0.8300 0.9400 -1.3100 51.09 50.83 48.13 0.0000 0.0000 -0.0000 45.7826 -121.3276
2006.8479 2006 310 -0.8700 6.3700 -3.1300 51.04 50.38 48.72 0.0000 0.0000 -0.0000 45.7826 -121.3276
2006.8507 2006 311 0.5100 -0.7000 -1.7100 50.76 50.52 48.18 0.0000 0.0000 -0.0000 45.7826 -121.3276
2006.8534 2006 312 3.5500 0.1800 -8.2700 50.62 50.43 47.86 0.0000 0.0000 -0.0000 45.7826 -121.3276
2006.8562 2006 313 0.1000 3.0700 -4.1000 50.24 50.06 47.81 0.0000 0.0000 -0.0000 45.7826 -121.3276
2006.8589 2006 314 0.8800 -0.0500 -2.4900 50.28 49.58 47.90 0.0000 -0.0000 -0.0000 45.7826 -121.3276
2006.8616 2006 315 1.3900 -2.0100 -5.2600 50.02 49.41 48.08 0.0000 -0.0000 -0.0000 45.7826 -121.3276
2006.8644 2006 316 0.4600 -0.2700 -1.7800 49.84 49.24 48.01 -0.0000 -0.0000 -0.0000 45.7826 -121.3276
2006.8671 2006 317 -0.0600 -1.3400 -0.2700 49.55 49.12 47.27 -0.0000 -0.0000 -0.0000 45.7826 -121.3276
2006.8699 2006 318 1.8600 1.0300 -9.3400 49.57 49.84 47.65 -0.0000 -0.0000 -0.0000 45.7826 -121.3276
2006.8726 2006 319 0.9300 -0.6200 -2.5100 49.73 50.32 47.69 -0.0000 0.0000 -0.0000 45.7826 -121.3276
2006.8753 2006 320 1.6100 0.2600 -1.0000 49.83 50.57 47.71 -0.0000 0.0000 -0.0000 45.7826 -121.3276
2006.8781 2006 321 1.5800 -1.8200 -5.9200 50.55 50.01 47.53 0.0000 0.0000 -0.0000 45.7826 -121.3276
2006.8808 2006 322 0.5900 -1.1000 -7.9500 50.70 50.35 47.31 0.0000 0.0000 -0.0000 45.7826 -121.3276
2006.8836 2006 323 -0.7200 -0.1200 -5.1100 50.33 50.68 47.39 0.0000 0.0000 -0.0000 45.7826 -121.3276
2006.8863 2006 324 2.0200 -1.9200 -4.4900 50.63 50.66 47.39 0.0000 0.0000 -0.0000 45.7826 -121.3276
2006.8890 2006 325 0.7900 -1.0800 -0.2300 50.64 50.82 47.20 0.0000 0.0000 -0.0000 45.7826 -121.3276
2006.8918 2006 326 -0.1500 -1.1100 -3.6800 50.53 51.09 47.28 0.0000 0.0000 -0.0000 45.7826 -121.3276
2006.8945 2006 327 -3.1600 3.2000 -23.8400 50.45 51.10 47.08 0.0000 0.0000 -0.0000 45.7826 -121.3276
2006.8973 2006 328 8.3900 9.8300 5.5700 50.39 51.30 47.01 0.0000 0.0000 -0.0000 45.7826 -121.3276
2006.9000 2006 329 5.2100 10.7700 -6.1900 50.24 51.12 47.31 0.0000 0.0000 -0.0000 45.7826 -121.3276
2006.9027 2006 330 2.0000 6.2200 -9.2100 50.02 51.27 46.97 0.0000 0.0000 -0.0000 45.7826 -121.3276
2006.9055 2006 331 3.1600 4.3700 -8.5400 49.78 51.34 46.57 -0.0000 0.0000 -0.0000 45.7826 -121.3276
2006.9082 2006 332 1.9200 4.2500 -12.6600 49.82 51.45 46.89 -0.0000 0.0000 -0.0000 45.7826 -121.3276
2006.9110 2006 333 1.9600 5.0700 -13.3700 49.83 51.56 47.28 -0.0000 0.0000 -0.0000 45.7826 -121.3276
2006.9137 2006 334 3.7900 2.4700 -7.9500 50.13 51.72 47.53 0.0000 0.0000 -0.0000 45.7826 -121.3276
2006.9164 2006 335 -0.6800 0.6300 -10.2100 49.91 52.03 47.62 -0.0000 0.0000 -0.0000 45.7826 -121.3276
2006.9192 2006 336 0.3500 0.4900 -11.6200 49.82 52.25 47.44 -0.0000 0.0000 -0.0000 45.7826 -121.3276
2006.9219 2006 337 -0.4400 -0.4400 -14.7600 49.95 52.30 47.54 -0.0000 0.0000 -0.0000 45.7826 -121.3276
2006.9247 2006 338 -0.4100 0.3600 -11.9700 50.36 51.85 48.76 0.0000 0.0000 -0.0000 45.7826 -121.3276
2006.9274 2006 339 1.1200 -0.4700 -12.1000 49.28 50.01 48.81 -0.0000 0.0000 -0.0000 45.7826 -121.3276
2006.9301 2006 340 -0.6600 -0.2900 -10.7300 48.57 47.97 48.91 -0.0000 -0.0000 -0.0000 45.7826 -121.3276
2006.9329 2006 341 -0.9700 -0.4700 -8.1000 48.57 46.46 49.20 -0.0000 -0.0000 -0.0000 45.7826 -121.3276
2006.9356 2006 342 0.4700 -1.2000 -8.2300 48.10 45.52 49.47 -0.0000 -0.0036 -0.0000 45.7826 -121.3276
2006.9384 2006 343 -0.0400 -0.6200 -6.0300 47.82 44.25 49.93 -0.0000 -0.4951 -0.0000 45.7826 -121.3276
2006.9411 2006 344 0.1100 -0.4800 -1.4600 47.73 42.92 50.29 -0.0000 -1.0000 0.0000 45.7826 -121.3276
2006.9438 2006 345 -0.8900 -0.5200 -1.3400 47.34 42.41 50.45 -0.0000 -1.0000 0.0000 45.7826 -121.3276
2006.9466 2006 346 -1.8700 0.4000 -3.9500 47.56 42.19 50.72 -0.0000 -1.0000 0.0000 45.7826 -121.3276
2006.9493 2006 347 0.5900 -1.6400 -5.8200 47.47 41.71 51.09 -0.0000 -1.0000 0.0000 45.7826 -121.3276
2006.9521 2006 348 -0.7500 -0.9400 -6.5300 47.46 41.57 51.60 -0.0000 -1.0000 0.0000 45.7826 -121.3276
2006.9548 2006 349 -1.0300 -1.8600 11.9300 47.61 41.13 52.13 -0.0000 -1.0000 0.0000 45.7826 -121.3276
2006.9575 2006 350 0.0100 -2.9700 -6.4000 47.57 40.72 52.65 -0.0000 -1.0000 0.0000 45.7826 -121.3276
2006.9603 2006 351 2.7500 -3.3000 -4.7300 47.54 39.66 53.43 -0.0000 -1.0000 0.0000 45.7826 -121.3276
2006.9630 2006 352 0.1900 -2.8100 -3.2800 47.76 39.30 53.82 -0.0000 -1.0000 0.0000 45.7826 -121.3276
2006.9658 2006 353 -0.3400 -2.5900 -5.1700 47.56 39.00 53.94 -0.0000 -1.0000 0.0001 45.7826 -121.3276
2006.9685 2006 354 -0.1200 -2.0800 -5.4200 47.36 38.51 53.98 -0.0000 -1.0000 0.0003 45.7826 -121.3276
2006.9712 2006 355 1.9300 -0.8900 -5.4000 47.14 38.20 53.92 -0.0000 -1.0000 0.0001 45.7826 -121.3276
2006.9740 2006 356 0.6500 -0.4000 -7.0300 47.18 37.71 53.76 -0.0000 -1.0000 0.0000 45.7826 -121.3276
2006.9767 2006 357 -1.1300 -1.4300 -4.5900 47.50 37.62 53.88 -0.0000 -1.0000 0.0000 45.7826 -121.3276
2006.9795 2006 358 -1.1100 -1.3200 -7.5800 47.52 37.85 54.02 -0.0000 -1.0000 0.0007 45.7826 -121.3276
2006.9822 2006 359 1.0700 -1.4200 -3.0600 47.53 38.18 53.57 -0.0000 -1.0000 0.0000 45.7826 -121.3276
2006.9849 2006 360 0.2400 -3.4900 2.6500 48.53 39.58 52.79 -0.0000 -1.0000 0.0000 45.7826 -121.3276
2006.9877 2006 361 -2.0000 -8.6000 9.3300 49.22 41.44 52.26 -0.0000 -1.0000 0.0000 45.7826 -121.3276
2006.9904 2006 362 -0.0500 -4.4100 0.4400 49.15 43.52 51.74 -0.0000 -0.9959 0.0000 45.7826 -121.3276
2006.9932 2006 363 -2.6800 -3.7000 -5.5700 49.46 44.75 51.61 -0.0000 -0.0648 0.0000 45.7826 -121.3276
2006.9959 2006 364 -2.8000 -5.1300 -2.7400 49.78 45.93 51.43 -0.0000 -0.0006 0.0000 45.7826 -121.3276
2006.9986 2006 365 -2.0000 -4.0400 -0.6500 49.89 47.03 51.26 -0.0000 -0.0000 0.0000 45.7826 -121.3276
2007.0014 2007 1 -2.4600 -4.4900 -4.9200 50.10 47.58 51.13 0.0000 -0.0000 0.0000 45.7826 -121.3276
2007.0041 2007 2 0.1300 0.8200 -2.5300 50.12 47.79 51.03 0.0000 -0.0000 0.0000 45.7826 -121.3276
2007.0068 2007 3 1.3500 0.5600 -2.2400 50.51 48.24 50.71 0.0000 -0.0000 0.0000 45.7826 -121.3276
2007.0096 2007 4 1.0500 -1.3000 -4.1500 50.85 48.49 50.38 0.0000 -0.0000 0.0000 45.7826 -121.3276
2007.0123 2007 5 1.4900 -0.2700 -7.0300 50.73 48.96 49.91 0.0000 -0.0000 -0.0000 45.7826 -121.3276
2007.0151 2007 6 2.7700 1.6900 -23.9200 50.83 49.61 49.23 0.0000 -0.0000 -0.0000 45.7826 -121.3276
2007.0178 2007 7 2.6500 9.3000 -17.8200 51.28 51.12 48.10 0.0000 0.0000 -0.0000 45.7826 -121.3276
2007.0205 2007 8 0.8000 0.8100 -1.7500 51.20 51.77 47.65 0.0000 0.0000 -0.0000 45.7826 -121.3276
2007.0233 2007 9 0.9200 1.1500 -2.6100 52.00 52.29 47.67 0.0000 0.0000 -0.0000 45.7826 -121.3276
2007.0260 2007 10 -0.9200 -1.0800 -1.8900 52.42 52.97 47.69 0.0000 0.0000 -0.0000 45.7826 -121.3276
2007.0288 2007 11 2.3900 -0.5400 -7.2800 52.90 53.58 47.47 0.0000 0.0065 -0.0000 45.7826 -121.3276
2007.0315 2007 12 2.3200 0.0900 -6.3300 53.28 54.29 47.43 0.0000 0.7580 -0.0000 45.7826 -121.3276
2007.0342 2007 13 1.5100 1.0900 -7.7600 53.33 54.20 47.24 0.0000 0.5186 -0.0000 45.7826 -121.3276
2007.0370 2007 14 1.8200 0.6100 -10.9000 53.33 53.92 46.99 0.0000 0.1317 -0.0000 45.7826 -121.3276
2007.0397 2007 15 1.2500 1.2500 -9.9300 53.42 54.00 46.77 0.0000 0.2674 -0.0000 45.7826 -121.3276
2007.0425 2007 16 0.4000 -0.6900 -6.0400 53.16 53.85 47.30 0.0000 0.0533 -0.0000 45.7826 -121.3276
2007.0452 2007 17 1.0300 -0.0900 -11.6700 52.76 53.34 48.34 0.0000 0.0000 -0.0000 45.7826 -121.3276
2007.0479 2007 18 -0.0500 -0.4500 -7.8100 52.58 51.62 48.99 0.0000 0.0000 -0.0000 45.7826 -121.3276
2007.0507 2007 19 2.0200 0.6000 -2.2000 52.52 51.20 48.57 0.0000 0.0000 -0.0000 45.7826 -121.3276
2007.0534 2007 20 -0.9300 -1.3000 1.3600 52.37 50.78 48.27 0.0000 0.0000 -0.0000 45.7826 -121.3276
2007.0562 2007 21 1.2400 0.5900 -8.7600 52.64 50.81 47.97 0.0000 0.0000 -0.0000 45.7826 -121.3276
2007.0589 2007 22 0.2400 1.1200 -10.1800 52.47 50.99 47.85 0.0000 0.0000 -0.0000 45.7826 -121.3276
2007.0616 2007 23 2.3800 0.0600 -8.6300 52.14 51.01 47.77 0.0000 0.0000 -0.0000 45.7826 -121.3276
2007.0644 2007 24 1.9800 -0.8600 -8.3400 51.81 50.59 47.81 0.0000 0.0000 -0.0000 45.7826 -121.3276
2007.0671 2007 25 3.6900 -0.5900 -10.7200 51.42 50.57 47.89 0.0000 0.0000 -0.0000 45.7826 -121.3276
2007.0699 2007 26 0.9700 -0.5900 -8.3200 51.29 50.15 48.22 0.0000 0.0000 -0.0000 45.7826 -121.3276
2007.0726 2007 27 0.8300 -0.2000 -7.6300 51.34 50.08 48.47 0.0000 0.0000 -0.0000 45.7826 -121.3276
2007.0753 2007 28 0.4900 -0.5800 -9.6500 50.93 49.51 49.34 0.0000 -0.0000 -0.0000 45.7826 -121.3276
2007.0781 2007 29 0.7500 -0.8800 -10.9700 51.09 49.18 49.60 0.0000 -0.0000 -0.0000 45.7826 -121.3276
2007.0808 2007 30 0.6800 -0.4500 -8.5700 50.33 48.71 49.51 0.0000 -0.0000 -0.0000 45.7826 -121.3276
2007.0836 2007 31 1.0700 -0.5500 -7.2800 50.34 48.46 49.10 0.0000 -0.0000 -0.0000 45.7826 -121.3276
2007.0863 2007 32 1.2400 0.7900 -11.4100 50.41 47.36 49.90 0.0000 -0.0000 -0.0000 45.7826 -121.3276
2007.0890 2007 33 0.6900 0.3600 -8.0400 50.27 46.87 50.22 0.0000 -0.0000 0.0000 45.7826 -121.3276
2007.0918 2007 34 0.8500 -0.8500 -8.5500 49.90 46.88 50.56 -0.0000 -0.0000 0.0000 45.7826 -121.3276
2007.0945 2007 35 0.7800 1.1700 -10.9100 49.61 46.90 50.94 -0.0000 -0.0000 0.0000 45.7826 -121.3276
2007.0973 2007 36 0.3700 -1.1100 -5.6000 48.98 47.03 51.50 -0.0000 -0.0000 0.0000 45.7826 -121.3276
2007.1000 2007 37 0.9400 -0.1100 -5.2900 49.15 47.25 51.80 -0.0000 -0.0000 0.0000 45.7826 -121.3276
2007.1027 2007 38 0.3200 -0.8400 -3.6600 49.30 47.50 51.29 -0.0000 -0.0000 0.0000 45.7826 -121.3276
2007.1055 2007 39 1.2300 -1.1200 -6.9500 49.72 48.50 51.14 -0.0000 -0.0000 0.0000 45.7826 -121.3276
2007.1082 2007 40 0.2500 -0.9500 -2.2300 49.76 48.57 51.80 -0.0000 -0.0000 0.0000 45.7826 -121.3276
2007.1110 2007 41 0.4500 -1.4700 -5.3900 49.87 48.74 52.11 -0.0000 -0.0000 0.0000 45.7826 -121.3276
2007.1137 2007 42 3.9400 -5.9800 4.9100 49.76 48.53 52.30 -0.0000 -0.0000 0.0000 45.7826 -121.3276
2007.1164 2007 43 1.1400 -0.4700 -5.0300 49.77 48.08 52.66 -0.0000 -0.0000 0.0000 45.7826 -121.3276
2007.1192 2007 44 1.2900 -0.3700 -3.6900 50.09 48.02 52.89 0.0000 -0.0000 0.0000 45.7826 -121.3276
2007.1219 2007 45 0.2200 -1.5200 -2.3800 49.97 48.12 53.27 -0.0000 -0.0000 0.0000 45.7826 -121.3276
2007.1247 2007 46 1.0200 1.2900 -0.1100 49.88 47.70 54.01 -0.0000 -0.0000 0.0005 45.7826 -121.3276
2007.1274 2007 47 1.7200 1.6700 -1.3200 50.02 47.93 54.07 0.0000 -0.0000 0.0012 45.7826 -121.3276
2007.1301 2007 48 0.6700 0.9600 -7.9500 49.88 47.72 54.16 -0.0000 -0.0000 0.0014 45.7826 -121.3276
2007.1329 2007 49 2.1800 0.3700 -6.1100 50.01 47.86 53.84 0.0000 -0.0000 0.0000 45.7826 -121.3276
2007.1356 2007 50 1.0200 -2.8500 -2.7300 49.64 47.96 53.98 -0.0000 -0.0000 0.0002 45.7826 -121.3276
2007.1384 2007 51 1.2700 -1.0500 -6.2900 49.82 48.09 54.02 -0.0000 -0.0000 0.0008 45.7826 -121.3276
2007.1411 2007 52 1.7400 -2.2600 -8.0000 49.61 48.06 54.50 -0.0000 -0.0000 0.0034 45.7826 -121.3276
2007.1438 2007 53 0.3000 -2.5500 -5.7900 48.71 49.24 53.72 -0.0000 -0.0000 0.0000 45.7826 -121.3276
2007.1466 2007 54 1.8200 0.0500 -3.0300 48.32 49.39 53.64 -0.0000 -0.0000 0.0000 45.7826 -121.3276
2007.1493 2007 55 -0.9800 -3.5500 2.2500 48.39 49.34 53.56 -0.0000 -0.0000 0.0000 45.7826 -121.3276
2007.1521 2007 56 -1.3300 -3.7900 15.7900 48.65 49.45 53.38 -0.0000 -0.0000 0.0000 45.7826 -121.3276
2007.1548 2007 57 0.8300 -1.8600 3.1400 49.42 48.34 52.73 -0.0000 -0.0000 0.0000 45.7826 -121.3276
2007.1575 2007 58 0.0500 -1.9300 -0.5000 49.15 48.00 52.45 -0.0000 -0.0000 0.0000 45.7826 -121.3276
2007.1603 2007 59 0.8700 -0.2400 -2.9500 49.05 47.70 52.70 -0.0000 -0.0000 0.0000 45.7826 -121.3276
2007.1630 2007 60 -1.1800 -0.9200 0.0400 48.71 47.41 52.73 -0.0000 -0.0000 0.0000 45.7826 -121.3276
2007.1658 2007 61 -0.2400 -2.1200 -0.5500 48.63 47.59 52.60 -0.0000 -0.0000 0.0000 45.7826 -121.3276
2007.1685 2007 62 0.4100 -2.3100 1.5000 48.57 47.72 52.63 -0.0000 -0.0000 0.0000 45.7826 -121.3276
2007.1712 2007 63 -1.8700 -1.4800 -1.6700 48.55 47.99 52.63 -0.0000 -0.0000 0.0000 45.7826 -121.3276
2007.1740 2007 64 -1.5400 -0.5100 -1.5000 48.70 48.32 52.38 -0.0000 -0.0000 0.0000 45.7826 -121.3276
2007.1767 2007 65 0.4700 -1.4600 -0.2800 48.61 48.34 52.19 -0.0000 -0.0000 0.0000 45.7826 -121.3276
2007.1795 2007 66 0.4100 -1.0900 -1.1100 49.00 48.75 51.70 -0.0000 -0.0000 0.0000 45.7826 -121.3276
2007.1822 2007 67 5.7600 -12.4200 -8.5800 49.44 49.38 50.30 -0.0000 -0.0000 0.0000 45.7826 -121.3276
2007.1849 2007 68 -0.4200 -0.8100 -1.7300 49.22 49.52 49.95 -0.0000 -0.0000 -0.0000 45.7826 -121.3276
2007.1877 2007 69 -1.1100 -2.9500 -0.1200 49.48 49.73 49.58 -0.0000 -0.0000 -0.0000 45.7826 -121.3276
2007.1904 2007 70 0.7300 -3.7800 -0.9600 49.44 49.71 49.47 -0.0000 -0.0000 -0.0000 45.7826 -121.3276
2007.1932 2007 71 0.3600 -2.3200 2.0000 49.74 49.73 49.10 -0.0000 -0.0000 -0.0000 45.7826 -121.3276
2007.1959 2007 72 1.6700 0.4700 -2.7200 49.86 49.74 48.88 -0.0000 -0.0000 -0.0000 45.7826 -121.3276
2007.1986 2007 73 2.7300 0.4500 -8.6400 49.96 49.81 48.55 -0.0000 -0.0000 -0.0000 45.7826 -121.3276
2007.2014 2007 74 0.8000 -0.9700 -7.9900 50.79 49.28 48.51 0.0000 -0.0000 -0.0000 45.7826 -121.3276
2007.2041 2007 75 2.3700 -0.0600 -3.7900 51.15 49.21 48.30 0.0000 -0.0000 -0.0000 45.7826 -121.3276
2007.2068 2007 76 1.7900 0.5400 -2.4600 51.19 49.45 48.08 0.0000 -0.0000 -0.0000 45.7826 -121.3276
2007.2096 2007 77 1.7900 1.2700 -2.4800 51.12 49.52 47.74 0.0000 -0.0000 -0.0000 45.7826 -121.3276
2007.2123 2007 78 -1.6800 -0.4200 0.1000 50.35 51.11 48.20 0.0000 0.0000 -0.0000 45.7826 -121.3276
2007.2151 2007 79 2.8800 -0.5500 -6.7300 50.55 51.23 48.08 0.0000 0.0000 -0.0000 45.7826 -121.3276
2007.2178 2007 80 1.0000 0.2500 -5.3000 50.87 51.73 47.28 0.0000 0.0000 -0.0000 45.7826 -121.3276
2007.2205 2007 81 0.2100 -0.3800 -4.5600 51.06 52.29 46.79 0.0000 0.0000 -0.0000 45.7826 -121.3276
2007.2233 2007 82 0.9500 -3.4000 -4.7100 51.15 52.73 46.45 0.0000 0.0000 -0.0000 45.7826 -121.3276
2007.2260 2007 83 1.9100 -2.0300 -2.1800 51.02 52.44 46.16 0.0000 0.0000 -0.0000 45.7826 -121.3276
2007.2288 2007 84 2.7200 -5.0700 -7.0100 50.71 52.24 46.13 0.0000 0.0000 -0.0000 45.7826 -121.3276
2007.2315 2007 85 -0.1300 -2.0000 -4.0900 50.61 52.12 46.25 0.0000 0.0000 -0.0000 45.7826 -121.3276
2007.2342 2007 86 -0.1000 1.4600 -3.1500 50.36 52.02 46.20 0.0000 0.0000 -0.0000 45.7826 -121.3276
2007.2370 2007 87 -0.4900 1.4300 -9.2200 50.03 51.68 46.24 0.0000 0.0000 -0.0000 45.7826 -121.3276
2007.2397 2007 88 0.5500 -1.0000 -3.0900 49.60 51.25 46.90 -0.0000 0.0000 -0.0000 45.7826 -121.3276
2007.2425 2007 89 0.2100 -0.8900 -5.1000 49.91 51.04 46.87 -0.0000 0.0000 -0.0000 45.7826 -121.3276
2007.2452 2007 90 1.0800 0.9300 -16.4600 49.27 50.79 47.38 -0.0000 0.0000 -0.0000 45.7826 -121.3276
2007.2479 2007 91 1.6800 0.6300 -11.1900 49.01 50.62 47.40 -0.0000 0.0000 -0.0000 45.7826 -121.3276
2007.2507 2007 92 0.8800 3.8700 -4.4800 49.15 50.59 47.50 -0.0000 0.0000 -0.0000 45.7826 -121.3276
2007.2534 2007 93 0.5100 -2.5800 -8.7800 48.87 50.69 47.69 -0.0000 0.0000 -0.0000 45.7826 -121.3276
2007.2562 2007 94 0.2100 -0.5300 -10.1100 48.60 50.74 47.82 -0.0000 0.0000 -0.0000 45.7826 -121.3276
2007.2589 2007 95 0.1700 -1.4900 -5.9800 48.09 51.24 47.88 -0.0000 0.0000 -0.0000 45.7826 -121.3276
2007.2616 2007 96 0.4300 -1.6800 -5.9200 48.05 51.38 47.85 -0.0000 0.0000 -0.0000 45.7826 -121.3276
2007.2644 2007 97 0.6000 -1.2200 -5.6000 48.56 51.06 47.75 -0.0000 0.0000 -0.0000 45.7826 -121.3276
2007.2671 2007 98 -0.0300 -0.9600 -2.2700 48.74 50.94 48.07 -0.0000 0.0000 -0.0000 45.7826 -121.3276
2007.2699 2007 99 -0.6000 -2.2200 -4.8400 49.20 50.30 47.84 -0.0000 0.0000 -0.0000 45.7826 -121.3276
2007.2726 2007 100 -0.0500 -3.2600 1.1600 49.35 50.30 47.99 -0.0000 0.0000 -0.0000 45.7826 -121.3276
2007.2753 2007 101 -0.4500 -1.8700 -7.8100 49.14 49.80 48.96 -0.0000 -0.0000 -0.0000 45.7826 -121.3276
2007.2781 2007 102 1.6200 -0.4200 -7.8500 48.85 49.27 49.62 -0.0000 -0.0000 -0.0000 45.7826 -121.3276
2007.2808 2007 103 -0.4100 -2.9200 -4.1500 48.83 48.49 49.83 -0.0000 -0.0000 -0.0000 45.7826 -121.3276
2007.2836 2007 104 0.7100 -0.9300 -2.9800 48.88 49.34 50.20 -0.0000 -0.0000 0.0000 45.7826 -121.3276
2007.2863 2007 105 1.2700 -0.3800 -12.8800 49.11 49.61 50.69 -0.0000 -0.0000 0.0000 45.7826 -121.3276
2007.2890 2007 106 0.2000 -1.0800 -8.8900 49.22 49.61 50.79 -0.0000 -0.0000 0.0000 45.7826 -121.3276
2007.2918 2007 107 3.3100 -0.9100 -11.4300 49.61 49.91 51.08 -0.0000 -0.0000 0.0000 45.7826 -121.3276
2007.2945 2007 108 0.4800 1.4700 -8.2800 49.93 50.30 50.91 -0.0000 0.0000 0.0000 45.7826 -121.3276
2007.2973 2007 109 1.3000 -0.9400 -4.1200 50.36 50.75 50.62 0.0000 0.0000 0.0000 45.7826 -121.3276
2007.3000 2007 110 1.8700 -1.0000 -4.5600 50.47 50.93 50.73 0.0000 0.0000 0.0000 45.7826 -121.3276
2007.3027 2007 111 0.9600 -1.5000 -4.0000 51.04 51.32 50.27 0.0000 0.0000 0.0000 45.7826 -121.3276
2007.3055 2007 112 -0.0700 -1.7100 -1.5200 51.61 51.60 50.34 0.0000 0.0000 0.0000 45.7826 -121.3276
2007.3082 2007 113 1.1400 0.1400 -4.0700 51.29 51.67 50.65 0.0000 0.0000 0.0000 45.7826 -121.3276
2007.3110 2007 114 -0.0100 4.6600 -4.2000 51.68 51.93 50.57 0.0000 0.0000 0.0000 45.7826 -121.3276
2007.3137 2007 115 0.0900 1.9000 2.2100 51.87 52.00 50.46 0.0000 0.0000 0.0000 45.7826 -121.3276
2007.3164 2007 116 0.6100 -1.9000 -1.2200 52.04 51.88 50.70 0.0000 0.0000 0.0000 45.7826 -121.3276
2007.3192 2007 117 2.1100 0.9000 0.2800 52.16 51.86 50.81 0.0000 0.0000 0.0000 45.7826 -121.3276
2007.3219 2007 118 2.4400 2.7900 -15.3200 51.45 51.93 51.08 0.0000 0.0000 0.0000 45.7826 -121.3276
2007.3247 2007 119 2.1000 3.4400 -12.1200 51.45 51.80 51.34 0.0000 0.0000 0.0000 45.7826 -121.3276
2007.3274 2007 120 1.7800 -1.2100 -6.6800 51.31 51.81 51.37 0.0000 0.0000 0.0000 45.7826 -121.3276
2007.3301 2007 121 0.9100 0.0000 -5.6400 50.79 51.78 51.29 0.0000 0.0000 0.0000 45.7826 -121.3276
2007.3329 2007 122 2.7500 0.4200 -7.8700 50.68 52.13 50.88 0.0000 0.0000 0.0000 45.7826 -121.3276
2007.3356 2007 123 0.7500 0.6200 -0.7300 51.00 52.54 50.46 0.0000 0.0000 0.0000 45.7826 -121.3276
2007.3384 2007 124 1.3700 1.2200 -6.2400 50.89 52.78 50.45 0.0000 0.0000 0.0000 45.7826 -121.3276
2007.3411 2007 125 0.8300 1.0100 -7.6100 51.03 51.70 50.31 0.0000 0.0000 0.0000 45.7826 -121.3276
2007.3438 2007 126 0.8500 2.4500 -10.5000 51.18 51.44 49.78 0.0000 0.0000 -0.0000 45.7826 -121.3276
2007.3466 2007 127 1.8100 -0.3800 -9.4800 51.23 51.54 49.79 0.0000 0.0000 -0.0000 45.7826 -121.3276
2007.3493 2007 128 1.3800 -2.9400 -10.0000 50.82 51.16 49.48 0.0000 0.0000 -0.0000 45.7826 -121.3276
2007.3521 2007 129 1.3100 -0.4400 1.4800 50.58 50.85 50.16 0.0000 0.0000 0.0000 45.7826 -121.3276
2007.3548 2007 130 0.9500 -0.7700 -4.3000 50.34 50.35 50.77 0.0000 0.0000 0.0000 45.7826 -121.3276
2007.3575 2007 131 -0.2900 -1.5500 -6.7500 50.11 50.45 50.96 0.0000 0.0000 0.0000 45.7826 -121.3276
2007.3603 2007 132 0.1100 0.9600 -3.8600 50.08 50.31 51.05 0.0000 0.0000 0.0000 45.7826 -121.3276
2007.3630 2007 133 0.6800 2.2000 -4.7700 49.40 50.09 51.18 -0.0000 0.0000 0.0000 45.7826 -121.3276
2007.3658 2007 134 0.6400 -1.1800 -3.8300 49.78 50.14 51.17 -0.0000 0.0000 0.0000 45.7826 -121.3276
2007.3685 2007 135 0.4700 -2.1700 -3.0100 49.06 50.20 52.18 -0.0000 0.0000 0.0000 45.7826 -121.3276
2007.3712 2007 136 0.8300 0.9800 -0.8900 49.16 50.02 52.44 -0.0000 0.0000 0.0000 45.7826 -121.3276
2007.3740 2007 137 1.1700 -0.8200 4.9600 49.19 49.96 52.61 -0.0000 -0.0000 0.0000 45.7826 -121.3276
2007.3767 2007 138 0.8900 -1.9500 -3.0900 48.84 49.93 52.82 -0.0000 -0.0000 0.0000 45.7826 -121.3276
2007.3795 2007 139 2.1900 2.3200 -3.1500 48.88 50.08 52.91 -0.0000 0.0000 0.0000 45.7826 -121.3276
2007.3822 2007 140 1.9900 0.1800 -2.8000 48.61 50.09 52.53 -0.0000 0.0000 0.0000 45.7826 -121.3276
2007.3849 2007 141 1.8900 1.2100 -2.9300 48.56 50.02 52.62 -0.0000 0.0000 0.0000 45.7826 -121.3276
2007.3877 2007 142 1.3000 0.8500 -8.8100 49.06 50.03 52.86 -0.0000 0.0000 0.0000 45.7826 -121.3276
2007.3904 2007 143 1.0600 -0.5900 -4.1500 NaN NaN NaN 0.0000 0.0000 0.0000 45.7826 -121.3276
2007.3932 2007 144 1.9600 2.4500 5.6600 NaN NaN NaN 0.0000 0.0000 0.0000 45.7826 -121.3276
2007.3959 2007 145 -1.4400 7.2300 30.7300 NaN NaN NaN 0.0000 0.0000 0.0000 45.7826 -121.3276
2007.3986 2007 146 1.5500 0.3900 -0.9400 NaN NaN NaN 0.0000 0.0000 0.0000 45.7826 -121.3276
2007.4014 2007 147 0.7700 5.4500 2.4200 NaN NaN NaN 0.0000 0.0000 0.0000 45.7826 -121.3276
2007.4041 2007 148 0.7200 0.0400 0.2500 NaN NaN NaN 0.0000 0.0000 0.0000 45.7826 -121.3276
2007.4068 2007 149 0.0700 -2.3900 -2.3900 NaN NaN NaN 0.0000 0.0000 0.0000 45.7826 -121.3276
2007.4096 2007 150 0.3800 -2.9600 -2.7700 NaN NaN NaN 0.0000 0.0000 0.0000 45.7826 -121.3276
2007.4123 2007 151 0.3400 -2.0500 -0.6600 NaN NaN NaN 0.0000 0.0000 0.0000 45.7826 -121.3276
2007.4151 2007 152 0.8100 -2.0400 2.0800 NaN NaN NaN 0.0000 0.0000 0.0000 45.7826 -121.3276
2007.5164 2007 189 -1.7600 4.2300 -2.6600 45.48 49.51 51.05 -0.3706 -0.0000 0.0000 45.7826 -121.3276
2007.5192 2007 190 -1.0500 -2.0900 -5.1800 45.79 49.57 51.02 -0.0681 -0.0000 0.0000 45.7826 -121.3276
2007.5219 2007 191 -1.0600 -3.1000 0.2800 45.92 49.18 50.82 -0.0005 -0.0000 0.0000 45.7826 -121.3276
2007.5247 2007 192 -0.1300 -2.2800 -4.2300 46.26 49.32 51.16 -0.0000 -0.0000 0.0000 45.7826 -121.3276
2007.5274 2007 193 -2.2500 0.0800 2.7300 47.08 49.64 51.19 -0.0000 -0.0000 0.0000 45.7826 -121.3276
2007.5301 2007 194 -0.4800 0.5000 -6.4900 47.02 49.91 51.43 -0.0000 -0.0000 0.0000 45.7826 -121.3276
2007.5329 2007 195 -0.7800 -0.7000 -3.5900 47.08 49.91 51.57 -0.0000 -0.0000 0.0000 45.7826 -121.3276
2007.5356 2007 196 -2.1400 0.4300 4.0900 47.52 50.43 51.59 -0.0000 0.0000 0.0000 45.7826 -121.3276
2007.5384 2007 197 -0.7400 0.6600 -2.2500 48.24 50.57 51.36 -0.0000 0.0000 0.0000 45.7826 -121.3276
2007.5411 2007 198 -1.1200 -0.9100 5.5300 48.85 50.90 51.24 -0.0000 0.0000 0.0000 45.7826 -121.3276
2007.5438 2007 199 -0.2600 -0.2900 -0.2000 48.90 51.04 51.09 -0.0000 0.0000 0.0000 45.7826 -121.3276
2007.5466 2007 200 1.3500 -1.5400 -7.5900 49.45 50.48 50.87 -0.0000 0.0000 0.0000 45.7826 -121.3276
2007.5493 2007 201 -0.3700 -0.0800 -3.8700 49.67 50.86 50.98 -0.0000 0.0000 0.0000 45.7826 -121.3276
2007.5521 2007 202 -0.4900 -2.2000 3.1900 49.66 50.99 50.80 -0.0000 0.0000 0.0000 45.7826 -121.3276
2007.5548 2007 203 2.5100 -2.6600 -6.2400 49.48 51.03 51.00 -0.0000 0.0000 0.0000 45.7826 -121.3276
2007.5575 2007 204 0.4200 -1.2700 -1.3300 50.17 50.75 50.87 0.0000 0.0000 0.0000 45.7826 -121.3276
2007.5603 2007 205 -0.3300 -0.7800 -6.9700 50.70 50.37 51.26 0.0000 0.0000 0.0000 45.7826 -121.3276
2007.5630 2007 206 -0.2000 -2.3200 -0.6300 51.07 50.29 51.27 0.0000 0.0000 0.0000 45.7826 -121.3276
2007.5658 2007 207 1.6900 -3.9500 -2.5800 51.52 50.06 51.00 0.0000 0.0000 0.0000 45.7826 -121.3276
2007.5685 2007 208 -1.1000 -0.4100 3.7500 52.00 49.75 50.67 0.0000 -0.0000 0.0000 45.7826 -121.3276
2007.5712 2007 209 0.3200 1.1700 -7.7800 52.08 49.93 50.18 0.0000 -0.0000 0.0000 45.7826 -121.3276
2007.5740 2007 210 0.5000 -0.1900 -0.1200 52.16 49.82 50.05 0.0000 -0.0000 0.0000 45.7826 -121.3276
2007.5767 2007 211 -0.1800 -0.1100 -9.5300 51.98 49.86 50.23 0.0000 -0.0000 0.0000 45.7826 -121.3276
2007.5795 2007 212 -2.1600 -2.1400 -3.2700 52.13 50.11 50.34 0.0000 0.0000 0.0000 45.7826 -121.3276
2007.5822 2007 213 -2.1500 -1.9300 2.2800 52.19 50.04 49.99 0.0000 0.0000 -0.0000 45.7826 -121.3276
2007.5849 2007 214 2.0600 -2.8400 2.8100 51.50 50.34 50.19 0.0000 0.0000 0.0000 45.7826 -121.3276
2007.5877 2007 215 2.7800 -2.4800 9.5100 51.30 50.19 49.84 0.0000 0.0000 -0.0000 45.7826 -121.3276
2007.5904 2007 216 1.4100 -0.6200 0.2300 51.47 49.97 49.83 0.0000 -0.0000 -0.0000 45.7826 -121.3276
2007.5932 2007 217 -0.3400 -1.4500 -0.1900 51.53 49.92 49.71 0.0000 -0.0000 -0.0000 45.7826 -121.3276
2007.5959 2007 218 0.8800 -0.8500 -4.3800 51.05 50.29 49.79 0.0000 0.0000 -0.0000 45.7826 -121.3276
2007.5986 2007 219 -1.8000 3.3700 -4.6400 51.18 50.10 49.54 0.0000 0.0000 -0.0000 45.7826 -121.3276
2007.6014 2007 220 0.6400 0.3300 -2.0500 51.19 49.96 49.79 0.0000 -0.0000 -0.0000 45.7826 -121.3276
2007.6041 2007 221 0.8600 -1.2900 -0.3300 50.93 50.36 49.72 0.0000 0.0000 -0.0000 45.7826 -121.3276
2007.6068 2007 222 1.8500 0.7600 -5.4100 50.83 50.14 50.01 0.0000 0.0000 0.0000 45.7826 -121.3276
2007.6096 2007 223 0.9600 -2.4400 -2.5000 51.09 50.06 50.23 0.0000 0.0000 0.0000 45.7826 -121.3276
2007.6123 2007 224 -1.4500 2.6700 0.5000 51.30 49.99 50.04 0.0000 -0.0000 0.0000 45.7826 -121.3276
2007.6151 2007 225 -1.7500 -2.5500 -12.4400 50.89 50.25 49.86 0.0000 0.0000 -0.0000 45.7826 -121.3276
2007.6178 2007 226 1.7100 -3.6300 -6.3100 50.59 50.54 49.01 0.0000 0.0000 -0.0000 45.7826 -121.3276
2007.6205 2007 227 1.0800 -2.4000 -6.4300 50.24 50.65 48.82 0.0000 0.0000 -0.0000 45.7826 -121.3276
2007.6233 2007 228 -1.0800 2.0400 -1.0200 50.05 50.85 48.59 0.0000 0.0000 -0.0000 45.7826 -121.3276
2007.6260 2007 229 2.1300 -0.1400 -5.8600 49.91 50.95 48.58 -0.0000 0.0000 -0.0000 45.7826 -121.3276
2007.6288 2007 230 0.6000 0.3900 -1.5800 50.10 50.29 48.71 0.0000 0.0000 -0.0000 45.7826 -121.3276
2007.6315 2007 231 -0.2500 1.0500 -0.8600 49.96 50.10 48.73 -0.0000 0.0000 -0.0000 45.7826 -121.3276
2007.6342 2007 232 -0.3700 -0.8600 -1.9700 49.96 50.00 48.63 -0.0000 0.0000 -0.0000 45.7826 -121.3276
2007.6370 2007 233 -0.0800 -2.1200 1.9800 49.67 49.81 48.85 -0.0000 -0.0000 -0.0000 45.7826 -121.3276
2007.6397 2007 234 -1.6700 -2.5200 -0.2600 49.60 49.92 48.87 -0.0000 -0.0000 -0.0000 45.7826 -121.3276
2007.6425 2007 235 1.3600 -3.0600 -3.2900 50.24 49.32 48.68 0.0000 -0.0000 -0.0000 45.7826 -121.3276
2007.6452 2007 236 2.5100 -2.4500 -9.1600 50.55 49.38 49.31 0.0000 -0.0000 -0.0000 45.7826 -121.3276
2007.6479 2007 237 -1.0700 1.7000 -3.8600 50.37 49.85 49.23 0.0000 -0.0000 -0.0000 45.7826 -121.3276
2007.6507 2007 238 -0.8200 -1.1000 -10.6800 50.20 50.17 49.36 0.0000 0.0000 -0.0000 45.7826 -121.3276
2007.6534 2007 239 0.6800 -1.6000 -6.2100 50.55 49.60 49.26 0.0000 -0.0000 -0.0000 45.7826 -121.3276
2007.6562 2007 240 0.0100 -2.0200 -7.2800 50.39 49.77 49.65 0.0000 -0.0000 -0.0000 45.7826 -121.3276
2007.6589 2007 241 -0.2400 -2.1800 -2.5200 50.30 49.65 49.61 0.0000 -0.0000 -0.0000 45.7826 -121.3276
2007.6616 2007 242 0.4700 -2.5200 1.7400 50.38 49.34 49.56 0.0000 -0.0000 -0.0000 45.7826 -121.3276
2007.6644 2007 243 0.4100 -1.3400 1.2200 50.42 49.24 49.35 0.0000 -0.0000 -0.0000 45.7826 -121.3276
2007.6671 2007 244 1.4600 -1.0400 -6.6200 50.34 49.17 49.08 0.0000 -0.0000 -0.0000 45.7826 -121.3276
2007.6699 2007 245 2.3700 -0.6400 -0.5800 50.34 49.34 49.13 0.0000 -0.0000 -0.0000 45.7826 -121.3276
2007.6726 2007 246 -0.1600 -2.6700 0.7200 50.15 49.46 49.46 0.0000 -0.0000 -0.0000 45.7826 -121.3276
2007.6753 2007 247 1.4200 0.0900 -8.6900 49.95 49.68 50.30 -0.0000 -0.0000 0.0000 45.7826 -121.3276
2007.6781 2007 248 0.1300 1.4000 -6.4700 50.19 49.43 50.40 0.0000 -0.0000 0.0000 45.7826 -121.3276
2007.6808 2007 249 0.6300 -0.7500 -3.3100 50.23 49.70 50.87 0.0000 -0.0000 0.0000 45.7826 -121.3276
2007.6836 2007 250 2.8800 1.9500 0.2100 50.27 49.99 51.02 0.0000 -0.0000 0.0000 45.7826 -121.3276
2007.6863 2007 251 -0.1800 -1.6900 2.0500 50.10 50.55 51.22 0.0000 0.0000 0.0000 45.7826 -121.3276
2007.6890 2007 252 0.0500 -1.9500 -3.2100 50.20 50.74 51.10 0.0000 0.0000 0.0000 45.7826 -121.3276
2007.6918 2007 253 -0.0700 -2.5300 -2.1600 50.19 50.97 51.05 0.0000 0.0000 0.0000 45.7826 -121.3276
2007.6945 2007 254 0.7600 -2.9200 -1.9500 50.33 51.07 50.79 0.0000 0.0000 0.0000 45.7826 -121.3276
2007.6973 2007 255 -1.1900 -0.8900 -1.0500 50.23 51.13 50.94 0.0000 0.0000 0.0000 45.7826 -121.3276
2007.7000 2007 256 -1.2100 -1.7000 1.8700 49.64 51.50 50.90 -0.0000 0.0000 0.0000 45.7826 -121.3276
2007.7027 2007 257 0.2300 0.4200 -0.2100 49.66 51.65 50.35 -0.0000 0.0000 0.0000 45.7826 -121.3276
2007.7055 2007 258 -0.3700 0.3000 -4.7100 49.41 51.47 50.54 -0.0000 0.0000 0.0000 45.7826 -121.3276
2007.7082 2007 259 -0.8200 2.0400 -5.9500 49.47 51.06 50.70 -0.0000 0.0000 0.0000 45.7826 -121.3276
2007.7110 2007 260 0.8900 1.1400 -3.5700 49.33 51.28 50.97 -0.0000 0.0000 0.0000 45.7826 -121.3276
2007.7137 2007 261 -0.2300 0.8800 -3.8500 48.90 51.07 50.74 -0.0000 0.0000 0.0000 45.7826 -121.3276
2007.7164 2007 262 0.0100 -1.7100 -5.8600 49.23 51.50 50.44 -0.0000 0.0000 0.0000 45.7826 -121.3276
2007.7192 2007 263 0.1000 -0.5600 1.7600 49.30 51.78 50.59 -0.0000 0.0000 0.0000 45.7826 -121.3276
2007.7219 2007 264 0.5500 -1.7600 -0.7000 49.42 52.07 50.48 -0.0000 0.0000 0.0000 45.7826 -121.3276
2007.7247 2007 265 0.9100 0.9800 -5.6600 49.48 52.44 50.32 -0.0000 0.0000 0.0000 45.7826 -121.3276
2007.7274 2007 266 0.0700 0.9100 -2.4400 49.69 52.42 50.08 -0.0000 0.0000 0.0000 45.7826 -121.3276
2007.7301 2007 267 1.1100 -0.8300 -3.2500 50.33 52.44 49.74 0.0000 0.0000 -0.0000 45.7826 -121.3276
2007.7329 2007 268 -0.9700 1.7400 -5.8700 50.79 52.07 49.41 0.0000 0.0000 -0.0000 45.7826 -121.3276
2007.7356 2007 269 -0.0800 0.0700 -2.8800 50.86 52.33 49.34 0.0000 0.0000 -0.0000 45.7826 -121.3276
2007.7384 2007 270 0.7900 -1.1100 1.8000 51.19 51.89 49.13 0.0000 0.0000 -0.0000 45.7826 -121.3276
2007.7411 2007 271 -0.0800 1.5800 -1.0400 51.42 51.54 49.00 0.0000 0.0000 -0.0000 45.7826 -121.3276
2007.7438 2007 272 1.8000 1.3200 -2.6700 51.56 51.16 48.77 0.0000 0.0000 -0.0000 45.7826 -121.3276
2007.7466 2007 273 0.8900 -1.4100 -1.2000 51.57 51.26 48.98 0.0000 0.0000 -0.0000 45.7826 -121.3276
2007.7493 2007 274 1.0200 -0.6900 -4.8700 51.79 51.05 48.70 0.0000 0.0000 -0.0000 45.7826 -121.3276
2007.7521 2007 275 1.8100 1.0800 -8.9100 51.86 51.08 48.59 0.0000 0.0000 -0.0000 45.7826 -121.3276
2007.7548 2007 276 0.7500 0.4700 -7.6900 52.09 50.77 48.60 0.0000 0.0000 -0.0000 45.7826 -121.3276
2007.7575 2007 277 1.9000 -0.1200 -2.9800 52.52 50.48 48.49 0.0000 0.0000 -0.0000 45.7826 -121.3276
2007.7603 2007 278 2.0000 -1.3500 -1.3400 52.32 50.39 48.66 0.0000 0.0000 -0.0000 45.7826 -121.3276
2007.7630 2007 279 0.7500 2.2200 -7.1100 53.02 50.06 48.68 0.0000 0.0000 -0.0000 45.7826 -121.3276
2007.7658 2007 280 1.7800 -0.0500 -7.2800 53.29 50.06 48.43 0.0000 0.0000 -0.0000 45.7826 -121.3276
2007.7685 2007 281 2.8400 -0.3100 -4.5000 53.44 50.07 47.87 0.0000 0.0000 -0.0000 45.7826 -121.3276
2007.7712 2007 282 0.7000 -0.6400 -6.6500 53.88 49.99 47.97 0.0000 -0.0000 -0.0000 45.7826 -121.3276
2007.7740 2007 283 0.2800 0.0100 -3.5600 53.56 49.56 48.00 0.0000 -0.0000 -0.0000 45.7826 -121.3276
2007.7767 2007 284 1.6400 -1.1800 -4.9800 53.54 49.85 47.56 0.0000 -0.0000 -0.0000 45.7826 -121.3276
2007.7795 2007 285 1.3100 -1.8100 -5.0200 53.53 49.64 47.45 0.0000 -0.0000 -0.0000 45.7826 -121.3276
2007.7822 2007 286 2.3900 -0.8700 -4.5500 53.32 49.11 47.63 0.0000 -0.0000 -0.0000 45.7826 -121.3276
2007.7849 2007 287 1.6900 -1.1700 -6.3600 53.20 48.99 47.77 0.0000 -0.0000 -0.0000 45.7826 -121.3276
2007.7877 2007 288 0.6500 -0.2300 -2.8200 52.96 48.83 47.67 0.0000 -0.0000 -0.0000 45.7826 -121.3276
2007.7904 2007 289 2.7800 -0.3100 -2.8400 52.70 49.02 47.26 0.0000 -0.0000 -0.0000 45.7826 -121.3276
2007.7932 2007 290 2.1300 -1.0100 -4.9300 52.77 48.45 47.24 0.0000 -0.0000 -0.0000 45.7826 -121.3276
2007.7959 2007 291 2.1600 -1.2500 -4.7100 52.33 48.50 47.40 0.0000 -0.0000 -0.0000 45.7826 -121.3276
2007.7986 2007 292 0.5900 0.5700 -0.2100 51.88 48.51 47.29 0.0000 -0.0000 -0.0000 45.7826 -121.3276
2007.8014 2007 293 1.2900 -0.1700 -6.2000 51.81 48.66 47.25 0.0000 -0.0000 -0.0000 45.7826 -121.3276
2007.8041 2007 294 1.6600 1.5900 -8.8300 51.94 48.36 47.70 0.0000 -0.0000 -0.0000 45.7826 -121.3276
2007.8068 2007 295 1.9900 -1.3800 -9.5700 52.02 47.92 49.68 0.0000 -0.0000 -0.0000 45.7826 -121.3276
2007.8096 2007 296 1.2200 -0.9900 -10.8200 52.24 47.46 51.58 0.0000 -0.0000 0.0000 45.7826 -121.3276
2007.8123 2007 297 1.8600 0.4200 -10.0500 52.11 47.12 53.22 0.0000 -0.0000 0.0000 45.7826 -121.3276
2007.8151 2007 298 3.0800 -0.4700 -8.1100 52.07 46.99 55.15 0.0000 -0.0000 0.0221 45.7826 -121.3276
2007.8178 2007 299 1.8700 -1.0000 -9.6500 52.44 46.43 56.87 0.0000 -0.0000 0.9830 45.7826 -121.3276
2007.8205 2007 300 2.4700 -1.1800 -8.8400 51.76 46.20 58.33 0.0000 -0.0001 1.0000 45.7826 -121.3276
2007.8233 2007 301 0.8600 -0.8200 -5.4400 NaN NaN NaN 0.0000 0.0000 0.0000 45.7826 -121.3276
2007.8260 2007 302 1.2500 -1.0200 -6.8800 NaN NaN NaN 0.0000 0.0000 0.0000 45.7826 -121.3276
2007.8288 2007 303 1.0300 -0.3800 -9.1400 NaN NaN NaN 0.0000 0.0000 0.0000 45.7826 -121.3276
2007.8315 2007 304 1.4400 -1.1500 8.8300 NaN NaN NaN 0.0000 0.0000 0.0000 45.7826 -121.3276
2007.8342 2007 305 3.6700 -5.5000 93.5900 NaN NaN NaN 0.0000 0.0000 0.0000 45.7826 -121.3276
2007.8370 2007 306 3.6000 -5.8100 97.1700 NaN NaN NaN 0.0000 0.0000 0.0000 45.7826 -121.3276
2007.8397 2007 307 2.6700 -5.1200 96.3700 NaN NaN NaN 0.0000 0.0000 0.0000 45.7826 -121.3276
2007.8425 2007 308 2.6700 -3.9000 96.8700 NaN NaN NaN 0.0000 0.0000 0.0000 45.7826 -121.3276
2007.8452 2007 309 2.8900 -4.7800 98.6400 NaN NaN NaN 0.0000 0.0000 0.0000 45.7826 -121.3276
2007.8479 2007 310 1.0000 -4.1400 94.1100 NaN NaN NaN 0.0000 0.0000 0.0000 45.7826 -121.3276
