2005.0863 2005 32 -0.1800 0.3000 -0.6800 50.71 50.31 50.57 0.0000 0.0000 0.0000 46.1182 -122.8961
2005.0890 2005 33 -0.1700 -0.8300 -1.2400 50.43 50.08 50.45 0.0000 0.0000 0.0000 46.1182 -122.8961
2005.0918 2005 34 0.1200 -0.3000 -0.1400 50.59 49.96 49.63 0.0000 -0.0000 -0.0000 46.1182 -122.8961
2005.0945 2005 35 1.5100 -0.0800 3.7800 50.30 50.09 49.91 0.0000 0.0000 -0.0000 46.1182 -122.8961
2005.0973 2005 36 0.9600 -0.9200 1.9100 49.87 50.03 49.78 -0.0000 0.0000 -0.0000 46.1182 -122.8961
2005.1000 2005 37 0.5100 0.1700 1.0500 49.32 49.48 49.99 -0.0000 -0.0000 -0.0000 46.1182 -122.8961
2005.1027 2005 38 -0.0800 -1.6200 2.2700 49.17 49.08 49.58 -0.0000 -0.0000 -0.0000 46.1182 -122.8961
2005.1055 2005 39 0.7900 -1.0500 3.0100 48.83 48.70 49.73 -0.0000 -0.0000 -0.0000 46.1182 -122.8961
2005.1082 2005 40 -0.2500 -0.7600 1.1200 48.32 48.91 49.63 -0.0000 -0.0000 -0.0000 46.1182 -122.8961
2005.1110 2005 41 -0.2000 -0.3800 1.7300 48.65 48.79 50.01 -0.0000 -0.0000 0.0000 46.1182 -122.8961
2005.1137 2005 42 1.0200 -1.3000 2.6400 48.77 48.75 50.13 -0.0000 -0.0000 0.0000 46.1182 -122.8961
2005.1164 2005 43 0.6400 -1.6300 4.3000 49.04 48.37 50.53 -0.0000 -0.0000 0.0000 46.1182 -122.8961
2005.1192 2005 44 0.6100 -1.3100 4.4000 49.25 48.51 51.09 -0.0000 -0.0000 0.0000 46.1182 -122.8961
2005.1219 2005 45 -0.0500 -1.1300 6.0800 49.34 48.55 51.58 -0.0000 -0.0000 0.0000 46.1182 -122.8961
2005.1247 2005 46 0.5900 -0.5800 0.6000 48.98 48.37 51.08 -0.0000 -0.0000 0.0000 46.1182 -122.8961
2005.1274 2005 47 -0.0200 -0.9700 3.8300 48.70 48.63 50.85 -0.0000 -0.0000 0.0000 46.1182 -122.8961
2005.1301 2005 48 -0.6900 -0.7200 3.8100 48.87 48.12 51.12 -0.0000 -0.0000 0.0000 46.1182 -122.8961
2005.1329 2005 49 0.3700 -1.7500 5.4800 48.47 48.62 51.36 -0.0000 -0.0000 0.0000 46.1182 -122.8961
2005.1356 2005 50 1.4000 -1.2200 2.3000 48.31 48.49 51.84 -0.0000 -0.0000 0.0000 46.1182 -122.8961
2005.1384 2005 51 1.7700 -0.9700 4.7500 48.28 48.73 52.23 -0.0000 -0.0000 0.0000 46.1182 -122.8961
2005.1411 2005 52 0.4700 -0.8600 4.3400 48.84 48.64 52.72 -0.0000 -0.0000 0.0000 46.1182 -122.8961
2005.1438 2005 53 0.2100 -0.4800 3.3600 48.79 49.17 52.97 -0.0000 -0.0000 0.0000 46.1182 -122.8961
2005.1466 2005 54 -0.2900 -0.3000 3.3100 48.80 49.64 53.17 -0.0000 -0.0000 0.0000 46.1182 -122.8961
2005.1493 2005 55 0.2300 0.1900 6.3800 48.45 49.89 53.22 -0.0000 -0.0000 0.0000 46.1182 -122.8961
2005.1521 2005 56 0.3000 -0.9200 1.3700 48.68 49.74 52.77 -0.0000 -0.0000 0.0000 46.1182 -122.8961
2005.1548 2005 57 -0.3800 -0.4600 0.5500 48.85 49.85 53.05 -0.0000 -0.0000 0.0000 46.1182 -122.8961
2005.1575 2005 58 0.6100 -1.3500 5.7000 49.07 50.21 52.81 -0.0000 0.0000 0.0000 46.1182 -122.8961
2005.1603 2005 59 -2.8000 -0.5500 5.0600 49.44 50.28 53.08 -0.0000 0.0000 0.0000 46.1182 -122.8961
2005.1630 2005 60 0.2700 -1.6300 8.1300 49.33 50.84 52.84 -0.0000 0.0000 0.0000 46.1182 -122.8961
2005.1658 2005 61 -1.0800 -0.5800 5.8800 49.06 50.90 53.21 -0.0000 0.0000 0.0000 46.1182 -122.8961
2005.1685 2005 62 0.9500 -0.8000 6.7200 48.65 50.91 52.79 -0.0000 0.0000 0.0000 46.1182 -122.8961
2005.1712 2005 63 0.5300 0.4300 5.3300 48.62 50.95 52.60 -0.0000 0.0000 0.0000 46.1182 -122.8961
2005.1740 2005 64 -0.0100 -0.0500 6.5700 48.70 50.99 52.55 -0.0000 0.0000 0.0000 46.1182 -122.8961
2005.1767 2005 65 -1.9500 -0.1200 2.7800 48.83 50.84 52.28 -0.0000 0.0000 0.0000 46.1182 -122.8961
2005.1795 2005 66 -0.0500 -1.7800 5.5900 48.93 50.57 51.77 -0.0000 0.0000 0.0000 46.1182 -122.8961
2005.1822 2005 67 0.1200 -0.2500 5.6800 49.38 50.72 52.02 -0.0000 0.0000 0.0000 46.1182 -122.8961
2005.1849 2005 68 -0.2900 0.4200 3.5300 49.80 50.58 52.45 -0.0000 0.0000 0.0000 46.1182 -122.8961
2005.1877 2005 69 0.6800 -1.2700 5.7400 49.52 50.91 52.37 -0.0000 0.0000 0.0000 46.1182 -122.8961
2005.1904 2005 70 -0.1400 -0.2000 3.7800 50.30 50.64 52.33 0.0000 0.0000 0.0000 46.1182 -122.8961
2005.1932 2005 71 -0.0200 -1.0200 7.6500 50.58 50.76 51.78 0.0000 0.0000 0.0000 46.1182 -122.8961
2005.1959 2005 72 1.2900 -1.8000 1.6300 50.84 50.61 51.53 0.0000 0.0000 0.0000 46.1182 -122.8961
2005.1986 2005 73 0.9000 -0.2800 3.4600 50.60 50.49 51.20 0.0000 0.0000 0.0000 46.1182 -122.8961
2005.2014 2005 74 1.5600 -1.4000 8.4600 50.66 50.09 50.97 0.0000 0.0000 0.0000 46.1182 -122.8961
2005.2041 2005 75 0.7800 -0.5900 4.3800 50.65 49.67 50.96 0.0000 -0.0000 0.0000 46.1182 -122.8961
2005.2068 2005 76 1.3300 -1.1500 4.6500 51.19 49.05 51.35 0.0000 -0.0000 0.0000 46.1182 -122.8961
2005.2096 2005 77 2.5500 -1.0400 3.4500 51.34 49.24 51.51 0.0000 -0.0000 0.0000 46.1182 -122.8961
2005.2123 2005 78 1.4400 -0.8300 8.4500 51.48 48.98 51.47 0.0000 -0.0000 0.0000 46.1182 -122.8961
2005.2151 2005 79 -2.3700 -1.2600 9.8900 51.66 48.54 51.61 0.0000 -0.0000 0.0000 46.1182 -122.8961
2005.2178 2005 80 1.6000 -0.7700 7.6800 51.55 48.85 51.44 0.0000 -0.0000 0.0000 46.1182 -122.8961
2005.2205 2005 81 2.5100 -1.6200 2.2600 51.65 48.57 51.48 0.0000 -0.0000 0.0000 46.1182 -122.8961
2005.2233 2005 82 0.6200 -1.4200 6.1300 51.82 48.57 51.28 0.0000 -0.0000 0.0000 46.1182 -122.8961
2005.2260 2005 83 -0.1600 -2.2200 5.5600 51.81 48.78 51.80 0.0000 -0.0000 0.0000 46.1182 -122.8961
2005.2288 2005 84 0.5800 0.0100 3.4600 51.86 48.70 51.90 0.0000 -0.0000 0.0000 46.1182 -122.8961
2005.2315 2005 85 -0.9400 -0.8700 9.6700 51.67 49.02 51.62 0.0000 -0.0000 0.0000 46.1182 -122.8961
2005.2342 2005 86 0.9000 -3.4900 10.1300 51.57 49.03 51.59 0.0000 -0.0000 0.0000 46.1182 -122.8961
2005.2370 2005 87 1.5400 -1.0700 8.9700 51.32 49.19 51.82 0.0000 -0.0000 0.0000 46.1182 -122.8961
2005.2397 2005 88 1.0700 -2.0800 11.9300 50.93 49.27 51.92 0.0000 -0.0000 0.0000 46.1182 -122.8961
2005.2425 2005 89 1.2300 -1.5200 6.7800 50.72 49.34 51.41 0.0000 -0.0000 0.0000 46.1182 -122.8961
2005.2452 2005 90 1.0000 0.8000 3.8500 51.26 49.55 50.89 0.0000 -0.0000 0.0000 46.1182 -122.8961
2005.2479 2005 91 0.3700 -0.6400 2.5000 50.77 49.47 50.61 0.0000 -0.0000 0.0000 46.1182 -122.8961
2005.2507 2005 92 0.0900 -0.7600 10.2300 50.13 49.52 50.97 0.0000 -0.0000 0.0000 46.1182 -122.8961
2005.2534 2005 93 0.7200 -0.9200 11.0300 49.90 49.87 50.73 -0.0000 -0.0000 0.0000 46.1182 -122.8961
2005.2562 2005 94 1.8600 -0.3600 4.9800 50.04 50.28 50.58 0.0000 0.0000 0.0000 46.1182 -122.8961
2005.2589 2005 95 1.1500 0.2700 7.0400 50.29 50.28 50.68 0.0000 0.0000 0.0000 46.1182 -122.8961
2005.2616 2005 96 0.9100 -0.7800 4.8900 50.45 50.24 50.32 0.0000 0.0000 0.0000 46.1182 -122.8961
2005.2644 2005 97 -0.0600 -1.1600 8.8900 50.10 50.94 49.73 0.0000 0.0000 -0.0000 46.1182 -122.8961
2005.2671 2005 98 0.8900 -0.5000 8.6500 49.76 50.93 49.36 -0.0000 0.0000 -0.0000 46.1182 -122.8961
2005.2699 2005 99 1.1800 -0.6400 4.0200 49.13 51.42 48.63 -0.0000 0.0000 -0.0000 46.1182 -122.8961
2005.2726 2005 100 -0.0600 0.6700 0.9800 48.85 51.70 48.26 -0.0000 0.0000 -0.0000 46.1182 -122.8961
2005.2753 2005 101 0.8500 -1.8300 3.1500 48.72 51.56 48.33 -0.0000 0.0000 -0.0000 46.1182 -122.8961
2005.2781 2005 102 -0.6800 -1.1700 5.0500 48.66 51.67 48.47 -0.0000 0.0000 -0.0000 46.1182 -122.8961
2005.2808 2005 103 0.0500 1.0100 0.1300 48.68 51.73 48.01 -0.0000 0.0000 -0.0000 46.1182 -122.8961
2005.2836 2005 104 0.1000 -0.0300 0.4900 48.69 51.65 47.14 -0.0000 0.0000 -0.0000 46.1182 -122.8961
2005.2863 2005 105 2.4600 -0.5000 4.0200 48.42 51.76 47.12 -0.0000 0.0000 -0.0000 46.1182 -122.8961
2005.2890 2005 106 -0.3800 -2.4000 3.6100 48.37 51.59 47.05 -0.0000 0.0000 -0.0000 46.1182 -122.8961
2005.2918 2005 107 0.2900 -0.3000 3.1700 48.40 51.76 47.03 -0.0000 0.0000 -0.0000 46.1182 -122.8961
2005.2945 2005 108 0.1900 -0.4400 3.4500 48.55 51.98 46.40 -0.0000 0.0000 -0.0012 46.1182 -122.8961
2005.2973 2005 109 -3.5600 0.3900 0.2400 48.69 52.02 45.99 -0.0000 0.0000 -0.1374 46.1182 -122.8961
2005.3000 2005 110 -0.1500 -0.8800 1.2700 48.59 51.93 46.22 -0.0000 0.0000 -0.0312 46.1182 -122.8961
2005.3027 2005 111 0.1100 1.5600 3.8800 48.47 51.65 46.49 -0.0000 0.0000 -0.0002 46.1182 -122.8961
2005.3055 2005 112 0.2500 -0.0400 4.3900 48.53 51.98 46.52 -0.0000 0.0000 -0.0000 46.1182 -122.8961
2005.3082 2005 113 0.4000 0.0300 3.2000 49.04 52.11 46.24 -0.0000 0.0000 -0.0080 46.1182 -122.8961
2005.3110 2005 114 0.2600 -0.7400 1.1700 49.26 51.91 46.82 -0.0000 0.0000 -0.0000 46.1182 -122.8961
2005.3137 2005 115 0.2800 0.6200 5.6200 49.32 51.63 47.38 -0.0000 0.0000 -0.0000 46.1182 -122.8961
2005.3164 2005 116 0.3800 0.6500 4.6800 48.97 51.77 47.36 -0.0000 0.0000 -0.0000 46.1182 -122.8961
2005.3192 2005 117 1.2600 0.5700 4.8800 49.00 52.35 47.84 -0.0000 0.0000 -0.0000 46.1182 -122.8961
2005.3219 2005 118 0.0400 0.8100 0.5400 49.04 51.93 48.21 -0.0000 0.0000 -0.0000 46.1182 -122.8961
2005.3247 2005 119 0.6300 0.4600 4.4400 49.30 51.92 48.62 -0.0000 0.0000 -0.0000 46.1182 -122.8961
2005.3274 2005 120 0.0100 -1.2400 5.1100 50.56 51.62 49.33 0.0000 0.0000 -0.0000 46.1182 -122.8961
2005.3301 2005 121 1.3200 0.0700 -0.1100 50.81 51.84 49.60 0.0000 0.0000 -0.0000 46.1182 -122.8961
2005.3329 2005 122 0.4900 0.0600 0.7600 51.02 51.69 49.53 0.0000 0.0000 -0.0000 46.1182 -122.8961
2005.3356 2005 123 0.0600 0.3400 2.0500 51.27 51.65 49.33 0.0000 0.0000 -0.0000 46.1182 -122.8961
2005.3384 2005 124 1.2200 1.3000 6.2300 51.34 51.72 50.01 0.0000 0.0000 0.0000 46.1182 -122.8961
2005.3411 2005 125 0.9800 -0.6200 7.0200 51.86 51.55 50.65 0.0000 0.0000 0.0000 46.1182 -122.8961
2005.3438 2005 126 1.7400 0.2400 3.9400 52.13 51.33 50.65 0.0000 0.0000 0.0000 46.1182 -122.8961
2005.3466 2005 127 0.3800 1.0300 8.0900 52.27 51.39 50.95 0.0000 0.0000 0.0000 46.1182 -122.8961
2005.3493 2005 128 -0.0800 -1.1100 4.9200 51.89 51.30 51.06 0.0000 0.0000 0.0000 46.1182 -122.8961
2005.3521 2005 129 0.7700 0.0900 7.0600 51.73 50.89 51.67 0.0000 0.0000 0.0000 46.1182 -122.8961
2005.3548 2005 130 1.1000 0.2400 5.0200 51.93 50.81 51.89 0.0000 0.0000 0.0000 46.1182 -122.8961
2005.3575 2005 131 0.4300 1.4400 1.7600 52.30 51.05 51.60 0.0000 0.0000 0.0000 46.1182 -122.8961
2005.3603 2005 132 0.7200 1.0700 2.3700 52.01 51.18 51.96 0.0000 0.0000 0.0000 46.1182 -122.8961
2005.3630 2005 133 1.6000 0.1500 2.0400 52.11 50.99 52.11 0.0000 0.0000 0.0000 46.1182 -122.8961
2005.3658 2005 134 1.0000 1.1800 10.5500 52.12 50.90 52.20 0.0000 0.0000 0.0000 46.1182 -122.8961
2005.3685 2005 135 3.3800 -2.0000 4.6400 51.97 50.84 51.74 0.0000 0.0000 0.0000 46.1182 -122.8961
2005.3712 2005 136 1.0500 -0.4000 6.4800 51.89 51.10 51.25 0.0000 0.0000 0.0000 46.1182 -122.8961
2005.3740 2005 137 0.7900 1.5000 8.9500 51.92 50.97 51.25 0.0000 0.0000 0.0000 46.1182 -122.8961
2005.3767 2005 138 -1.6800 1.1800 7.7100 51.93 50.58 50.78 0.0000 0.0000 0.0000 46.1182 -122.8961
2005.3795 2005 139 -1.1500 -1.2800 4.0500 52.16 50.91 50.59 0.0000 0.0000 0.0000 46.1182 -122.8961
2005.3822 2005 140 2.2700 0.8000 4.5500 52.02 50.88 50.31 0.0000 0.0000 0.0000 46.1182 -122.8961
2005.3849 2005 141 2.2100 0.5600 -0.6700 51.35 50.86 50.01 0.0000 0.0000 0.0000 46.1182 -122.8961
2005.3877 2005 142 -0.0500 0.8400 7.9100 51.21 50.32 49.93 0.0000 0.0000 -0.0000 46.1182 -122.8961
2005.3904 2005 143 1.1000 0.3400 1.3200 50.98 50.31 49.92 0.0000 0.0000 -0.0000 46.1182 -122.8961
2005.3932 2005 144 0.9900 1.1900 -0.3800 50.69 50.36 50.00 0.0000 0.0000 -0.0000 46.1182 -122.8961
2005.3959 2005 145 1.0400 1.1300 3.0600 50.55 50.22 49.29 0.0000 0.0000 -0.0000 46.1182 -122.8961
2005.3986 2005 146 1.1100 1.1000 3.4900 49.72 50.62 49.00 -0.0000 0.0000 -0.0000 46.1182 -122.8961
2005.4014 2005 147 1.2300 -0.1800 3.7300 49.55 50.83 48.78 -0.0000 0.0000 -0.0000 46.1182 -122.8961
2005.4041 2005 148 1.3400 1.4600 1.9300 49.44 50.59 48.22 -0.0000 0.0000 -0.0000 46.1182 -122.8961
2005.4068 2005 149 1.3500 0.9700 2.1500 50.12 50.55 47.90 0.0000 0.0000 -0.0000 46.1182 -122.8961
2005.4096 2005 150 0.2000 0.3300 4.4100 50.65 51.01 47.68 0.0000 0.0000 -0.0000 46.1182 -122.8961
2005.4123 2005 151 1.5800 -0.0800 3.3100 50.12 51.13 47.53 0.0000 0.0000 -0.0000 46.1182 -122.8961
2005.4151 2005 152 0.2100 -0.8400 0.3700 49.61 50.83 47.76 -0.0000 0.0000 -0.0000 46.1182 -122.8961
2005.4178 2005 153 -0.3300 0.4000 0.2500 50.16 50.87 46.91 0.0000 0.0000 -0.0000 46.1182 -122.8961
2005.4205 2005 154 1.1700 0.8600 1.1600 50.17 50.75 46.85 0.0000 0.0000 -0.0000 46.1182 -122.8961
2005.4233 2005 155 0.6500 1.2800 1.9100 49.97 50.47 47.02 -0.0000 0.0000 -0.0000 46.1182 -122.8961
2005.4260 2005 156 0.3500 0.0100 1.6500 49.88 50.35 47.13 -0.0000 0.0000 -0.0000 46.1182 -122.8961
2005.4288 2005 157 0.5700 0.2300 2.9900 49.59 49.96 47.48 -0.0000 -0.0000 -0.0000 46.1182 -122.8961
2005.4315 2005 158 0.3800 0.5000 1.5500 49.59 50.10 47.51 -0.0000 0.0000 -0.0000 46.1182 -122.8961
2005.4342 2005 159 0.3700 1.3700 3.7900 49.24 49.86 47.83 -0.0000 -0.0000 -0.0000 46.1182 -122.8961
2005.4370 2005 160 1.4000 0.3900 2.7100 48.99 49.47 47.61 -0.0000 -0.0000 -0.0000 46.1182 -122.8961
2005.4397 2005 161 0.2700 1.6600 1.7400 49.09 49.47 47.85 -0.0000 -0.0000 -0.0000 46.1182 -122.8961
2005.4425 2005 162 0.6800 -0.3100 -0.6100 48.80 49.50 47.71 -0.0000 -0.0000 -0.0000 46.1182 -122.8961
2005.4452 2005 163 2.1400 1.7000 0.3500 48.78 49.95 47.72 -0.0000 -0.0000 -0.0000 46.1182 -122.8961
2005.4479 2005 164 1.5000 -0.4000 0.8500 49.13 49.98 47.83 -0.0000 -0.0000 -0.0000 46.1182 -122.8961
2005.4507 2005 165 0.3900 -0.3300 0.4900 49.02 49.99 48.05 -0.0000 -0.0000 -0.0000 46.1182 -122.8961
2005.4534 2005 166 0.4400 0.0400 3.1200 49.11 49.95 48.56 -0.0000 -0.0000 -0.0000 46.1182 -122.8961
2005.4562 2005 167 -0.5400 -0.5300 6.0500 49.50 49.87 48.70 -0.0000 -0.0000 -0.0000 46.1182 -122.8961
2005.4589 2005 168 0.8200 0.5700 4.0400 49.60 49.81 48.85 -0.0000 -0.0000 -0.0000 46.1182 -122.8961
2005.4616 2005 169 -0.2200 0.0000 2.9500 49.67 49.96 49.21 -0.0000 -0.0000 -0.0000 46.1182 -122.8961
2005.4644 2005 170 0.7800 -0.2600 -2.4200 49.20 49.82 49.15 -0.0000 -0.0000 -0.0000 46.1182 -122.8961
2005.4671 2005 171 0.4400 0.5200 6.7600 48.68 49.54 49.15 -0.0000 -0.0000 -0.0000 46.1182 -122.8961
2005.4699 2005 172 0.0700 -0.1000 -0.7500 49.10 49.12 49.29 -0.0000 -0.0000 -0.0000 46.1182 -122.8961
2005.4726 2005 173 -0.0500 0.6300 -0.5100 49.35 49.35 49.46 -0.0000 -0.0000 -0.0000 46.1182 -122.8961
2005.4753 2005 174 1.1000 0.0700 0.6700 48.59 49.19 50.04 -0.0000 -0.0000 0.0000 46.1182 -122.8961
2005.4781 2005 175 0.2100 1.5100 4.9300 48.19 49.40 50.11 -0.0000 -0.0000 0.0000 46.1182 -122.8961
2005.4808 2005 176 0.9700 1.0500 4.2500 48.07 49.80 50.12 -0.0000 -0.0000 0.0000 46.1182 -122.8961
2005.4836 2005 177 0.5000 1.2900 1.3000 48.21 49.76 50.26 -0.0000 -0.0000 0.0000 46.1182 -122.8961
2005.4863 2005 178 0.7900 0.4700 2.3900 48.56 50.20 49.89 -0.0000 0.0000 -0.0000 46.1182 -122.8961
2005.4890 2005 179 0.4600 0.4500 0.8300 48.48 50.17 50.00 -0.0000 0.0000 0.0000 46.1182 -122.8961
2005.4918 2005 180 -0.6200 0.5900 -2.0300 49.11 50.47 49.60 -0.0000 0.0000 -0.0000 46.1182 -122.8961
2005.4945 2005 181 0.5600 0.2500 0.9900 49.19 50.56 50.16 -0.0000 0.0000 0.0000 46.1182 -122.8961
2005.4973 2005 182 0.6200 -0.0800 1.6100 48.92 50.70 50.02 -0.0000 0.0000 0.0000 46.1182 -122.8961
2005.5000 2005 183 0.6200 0.2500 3.0400 49.32 50.64 50.30 -0.0000 0.0000 0.0000 46.1182 -122.8961
2005.5027 2005 184 0.0600 1.4400 1.2500 49.55 50.48 50.32 -0.0000 0.0000 0.0000 46.1182 -122.8961
2005.5055 2005 185 -0.3300 0.2200 1.5900 49.22 50.49 50.39 -0.0000 0.0000 0.0000 46.1182 -122.8961
2005.5082 2005 186 -0.8300 0.7500 2.4200 49.31 50.24 50.23 -0.0000 0.0000 0.0000 46.1182 -122.8961
2005.5110 2005 187 0.6100 -1.0300 6.5900 49.20 50.29 50.19 -0.0000 0.0000 0.0000 46.1182 -122.8961
2005.5137 2005 188 -0.1000 1.0400 2.5700 49.27 49.97 50.09 -0.0000 -0.0000 0.0000 46.1182 -122.8961
2005.5164 2005 189 0.0700 0.9500 7.4100 49.29 50.04 50.17 -0.0000 0.0000 0.0000 46.1182 -122.8961
2005.5192 2005 190 2.1500 0.6900 -6.7600 49.36 50.00 50.34 -0.0000 0.0000 0.0000 46.1182 -122.8961
2005.5219 2005 191 0.7500 -0.8000 5.4200 49.66 50.04 50.75 -0.0000 0.0000 0.0000 46.1182 -122.8961
2005.5247 2005 192 -1.1100 1.7400 6.7400 49.90 49.91 50.89 -0.0000 -0.0000 0.0000 46.1182 -122.8961
2005.5274 2005 193 1.3300 -0.6300 1.5600 49.97 50.04 51.15 -0.0000 0.0000 0.0000 46.1182 -122.8961
2005.5301 2005 194 1.3400 0.9500 -1.4100 49.97 49.85 50.94 -0.0000 -0.0000 0.0000 46.1182 -122.8961
2005.5329 2005 195 0.3600 -0.2000 3.4800 50.47 49.85 50.81 0.0000 -0.0000 0.0000 46.1182 -122.8961
2005.5356 2005 196 -0.3200 0.1000 5.7300 50.91 49.81 50.68 0.0000 -0.0000 0.0000 46.1182 -122.8961
2005.5384 2005 197 0.5500 1.2200 6.6100 51.37 49.35 50.57 0.0000 -0.0000 0.0000 46.1182 -122.8961
2005.5411 2005 198 1.2400 0.0200 -2.6700 51.23 49.70 50.43 0.0000 -0.0000 0.0000 46.1182 -122.8961
2005.5438 2005 199 1.1600 1.4100 4.2800 51.11 49.47 50.52 0.0000 -0.0000 0.0000 46.1182 -122.8961
2005.5466 2005 200 1.0500 0.0100 5.8000 51.15 49.37 50.31 0.0000 -0.0000 0.0000 46.1182 -122.8961
2005.5493 2005 201 0.5100 -0.0300 3.0900 50.23 49.40 50.83 0.0000 -0.0000 0.0000 46.1182 -122.8961
2005.5521 2005 202 1.3300 -1.3200 3.1800 50.22 49.51 50.53 0.0000 -0.0000 0.0000 46.1182 -122.8961
2005.5548 2005 203 1.4800 -1.4400 10.8700 50.81 49.23 50.41 0.0000 -0.0000 0.0000 46.1182 -122.8961
2005.5575 2005 204 0.5500 -0.6700 1.2700 50.24 49.48 50.32 0.0000 -0.0000 0.0000 46.1182 -122.8961
2005.5603 2005 205 1.1300 0.9300 -2.1300 50.11 49.32 50.47 0.0000 -0.0000 0.0000 46.1182 -122.8961
2005.5630 2005 206 0.5200 1.0600 -2.6400 50.20 49.51 50.41 0.0000 -0.0000 0.0000 46.1182 -122.8961
2005.5658 2005 207 0.9000 -2.0600 1.2400 50.25 49.70 50.28 0.0000 -0.0000 0.0000 46.1182 -122.8961
2005.5685 2005 208 -0.1700 0.8900 7.2500 50.27 49.59 50.09 0.0000 -0.0000 0.0000 46.1182 -122.8961
2005.5712 2005 209 -0.4400 1.1300 0.0100 50.12 49.83 50.32 0.0000 -0.0000 0.0000 46.1182 -122.8961
2005.5740 2005 210 -0.6100 0.5400 3.7600 49.97 49.76 50.06 -0.0000 -0.0000 0.0000 46.1182 -122.8961
2005.5767 2005 211 -1.1200 2.4500 1.2100 49.78 49.74 49.87 -0.0000 -0.0000 -0.0000 46.1182 -122.8961
2005.5795 2005 212 0.6400 -0.4700 3.2700 49.71 49.99 49.69 -0.0000 -0.0000 -0.0000 46.1182 -122.8961
2005.5822 2005 213 1.0000 0.4400 2.3500 49.59 50.32 49.52 -0.0000 0.0000 -0.0000 46.1182 -122.8961
2005.5849 2005 214 -0.9700 1.3200 1.2200 49.40 50.58 48.78 -0.0000 0.0000 -0.0000 46.1182 -122.8961
2005.5877 2005 215 1.7500 -0.3300 2.5300 49.39 50.65 48.95 -0.0000 0.0000 -0.0000 46.1182 -122.8961
2005.5904 2005 216 0.2900 1.5500 4.6600 49.34 50.80 49.28 -0.0000 0.0000 -0.0000 46.1182 -122.8961
2005.5932 2005 217 -0.4800 0.2900 2.2000 49.31 50.77 49.65 -0.0000 0.0000 -0.0000 46.1182 -122.8961
2005.5959 2005 218 0.2500 0.2000 2.9700 48.91 51.24 49.84 -0.0000 0.0000 -0.0000 46.1182 -122.8961
2005.5986 2005 219 0.9300 1.0700 0.7500 49.06 51.02 49.74 -0.0000 0.0000 -0.0000 46.1182 -122.8961
2005.6014 2005 220 0.4300 1.7600 -1.5200 49.30 51.03 49.90 -0.0000 0.0000 -0.0000 46.1182 -122.8961
2005.6041 2005 221 0.2400 -0.6900 4.3900 49.67 51.15 50.16 -0.0000 0.0000 0.0000 46.1182 -122.8961
2005.6068 2005 222 1.1800 2.1800 1.9700 50.39 50.75 50.32 0.0000 0.0000 0.0000 46.1182 -122.8961
2005.6096 2005 223 1.3000 0.8700 0.1600 50.42 50.80 50.46 0.0000 0.0000 0.0000 46.1182 -122.8961
2005.6123 2005 224 0.9600 0.0100 -2.7800 49.85 50.98 50.74 -0.0000 0.0000 0.0000 46.1182 -122.8961
2005.6151 2005 225 0.4400 -0.8900 4.6200 50.44 50.68 50.94 0.0000 0.0000 0.0000 46.1182 -122.8961
2005.6178 2005 226 1.8500 2.2800 4.2400 50.27 50.99 50.79 0.0000 0.0000 0.0000 46.1182 -122.8961
2005.6205 2005 227 1.1400 1.7300 4.1200 50.23 50.82 50.78 0.0000 0.0000 0.0000 46.1182 -122.8961
2005.6233 2005 228 -0.3700 0.6900 5.2300 50.34 50.85 51.00 0.0000 0.0000 0.0000 46.1182 -122.8961
2005.6260 2005 229 0.1200 0.2500 5.4100 50.53 50.93 51.13 0.0000 0.0000 0.0000 46.1182 -122.8961
2005.6288 2005 230 1.0500 1.3800 1.9700 50.66 50.83 51.05 0.0000 0.0000 0.0000 46.1182 -122.8961
2005.6315 2005 231 1.6300 1.4800 7.5200 50.70 50.86 51.19 0.0000 0.0000 0.0000 46.1182 -122.8961
2005.6342 2005 232 0.5600 -0.4100 8.3900 50.79 51.12 51.23 0.0000 0.0000 0.0000 46.1182 -122.8961
2005.6370 2005 233 0.7400 0.3100 4.8400 50.78 50.87 51.30 0.0000 0.0000 0.0000 46.1182 -122.8961
2005.6397 2005 234 -0.7300 1.1800 5.6100 50.74 50.79 51.36 0.0000 0.0000 0.0000 46.1182 -122.8961
2005.6425 2005 235 0.5000 -0.0100 5.0100 50.83 50.76 52.13 0.0000 0.0000 0.0000 46.1182 -122.8961
2005.6452 2005 236 1.0100 1.8400 1.9700 51.02 50.98 51.86 0.0000 0.0000 0.0000 46.1182 -122.8961
2005.6479 2005 237 -0.0500 1.4300 5.2000 50.88 50.62 51.67 0.0000 0.0000 0.0000 46.1182 -122.8961
2005.6507 2005 238 0.0800 0.7300 4.5000 51.04 50.65 51.10 0.0000 0.0000 0.0000 46.1182 -122.8961
2005.6534 2005 239 1.2000 0.1000 3.2100 51.28 50.40 50.60 0.0000 0.0000 0.0000 46.1182 -122.8961
2005.6562 2005 240 1.4700 0.9800 1.5400 51.27 50.64 50.67 0.0000 0.0000 0.0000 46.1182 -122.8961
2005.6589 2005 241 0.0300 2.4800 -3.1500 50.91 50.61 50.73 0.0000 0.0000 0.0000 46.1182 -122.8961
2005.6616 2005 242 0.1100 1.3300 4.1400 50.38 50.44 50.28 0.0000 0.0000 0.0000 46.1182 -122.8961
2005.6644 2005 243 1.7000 1.5100 2.6000 50.08 50.76 49.88 0.0000 0.0000 -0.0000 46.1182 -122.8961
2005.6671 2005 244 1.0100 1.7100 -0.7500 49.98 50.77 49.69 -0.0000 0.0000 -0.0000 46.1182 -122.8961
2005.6699 2005 245 1.1100 0.7200 3.4800 50.52 50.81 49.32 0.0000 0.0000 -0.0000 46.1182 -122.8961
2005.6726 2005 246 1.6900 0.7800 1.7200 50.37 51.33 49.03 0.0000 0.0000 -0.0000 46.1182 -122.8961
2005.6753 2005 247 1.5200 0.4700 5.5400 50.40 51.04 49.00 0.0000 0.0000 -0.0000 46.1182 -122.8961
2005.6781 2005 248 2.8700 2.3500 -3.7200 50.55 51.15 48.78 0.0000 0.0000 -0.0000 46.1182 -122.8961
2005.6808 2005 249 0.1900 0.4300 -3.2800 50.46 51.19 48.56 0.0000 0.0000 -0.0000 46.1182 -122.8961
2005.6836 2005 250 0.3700 1.8400 4.8900 50.18 51.45 48.42 0.0000 0.0000 -0.0000 46.1182 -122.8961
2005.6863 2005 251 -0.2400 1.3000 6.4500 49.79 51.46 48.38 -0.0000 0.0000 -0.0000 46.1182 -122.8961
2005.6890 2005 252 -0.0900 0.7400 -0.0800 49.89 51.20 48.60 -0.0000 0.0000 -0.0000 46.1182 -122.8961
2005.6918 2005 253 -0.1100 0.1600 7.0900 50.09 50.99 48.50 0.0000 0.0000 -0.0000 46.1182 -122.8961
2005.6945 2005 254 0.2000 0.9600 1.4500 50.00 51.10 48.45 0.0000 0.0000 -0.0000 46.1182 -122.8961
2005.6973 2005 255 1.4000 2.0000 -1.6800 50.09 50.90 48.52 0.0000 0.0000 -0.0000 46.1182 -122.8961
2005.7000 2005 256 0.7200 3.1800 1.6000 49.98 50.89 48.08 -0.0000 0.0000 -0.0000 46.1182 -122.8961
2005.7027 2005 257 0.5100 1.0900 0.2300 49.30 50.75 48.17 -0.0000 0.0000 -0.0000 46.1182 -122.8961
2005.7055 2005 258 0.5600 2.2000 -1.2000 49.15 51.18 47.90 -0.0000 0.0000 -0.0000 46.1182 -122.8961
2005.7082 2005 259 0.0300 1.4800 0.7900 48.46 50.88 48.39 -0.0000 0.0000 -0.0000 46.1182 -122.8961
2005.7110 2005 260 0.4600 2.1500 -1.1900 48.48 50.99 48.92 -0.0000 0.0000 -0.0000 46.1182 -122.8961
2005.7137 2005 261 -0.3100 0.9800 1.2900 48.52 50.85 48.90 -0.0000 0.0000 -0.0000 46.1182 -122.8961
2005.7164 2005 262 0.2700 0.9700 1.7800 48.87 50.70 48.91 -0.0000 0.0000 -0.0000 46.1182 -122.8961
2005.7192 2005 263 1.1300 1.2800 0.8300 49.43 50.71 49.72 -0.0000 0.0000 -0.0000 46.1182 -122.8961
2005.7219 2005 264 1.6300 1.7900 1.8600 49.80 50.55 49.43 -0.0000 0.0000 -0.0000 46.1182 -122.8961
2005.7247 2005 265 1.2600 0.8900 0.0900 49.98 50.62 49.40 -0.0000 0.0000 -0.0000 46.1182 -122.8961
2005.7274 2005 266 0.6200 1.2200 -0.9900 49.77 50.40 49.68 -0.0000 0.0000 -0.0000 46.1182 -122.8961
2005.7301 2005 267 -1.3000 1.2900 0.3200 49.87 49.94 49.64 -0.0000 -0.0000 -0.0000 46.1182 -122.8961
2005.7329 2005 268 0.1800 1.7900 0.0600 49.98 50.25 49.56 -0.0000 0.0000 -0.0000 46.1182 -122.8961
2005.7356 2005 269 0.2400 0.7300 0.4600 49.93 50.09 49.93 -0.0000 0.0000 -0.0000 46.1182 -122.8961
2005.7384 2005 270 0.6700 0.9600 1.1700 50.15 49.83 49.96 0.0000 -0.0000 -0.0000 46.1182 -122.8961
2005.7411 2005 271 0.7500 2.1400 4.0900 50.33 49.35 50.22 0.0000 -0.0000 0.0000 46.1182 -122.8961
2005.7438 2005 272 0.5800 0.1600 10.1400 51.06 49.42 50.10 0.0000 -0.0000 0.0000 46.1182 -122.8961
2005.7466 2005 273 1.5400 0.2600 10.3000 51.13 49.57 49.93 0.0000 -0.0000 -0.0000 46.1182 -122.8961
2005.7493 2005 274 1.2700 -0.5100 0.3500 51.00 49.73 50.08 0.0000 -0.0000 0.0000 46.1182 -122.8961
2005.7521 2005 275 0.7300 2.2200 -1.0900 50.83 49.70 49.84 0.0000 -0.0000 -0.0000 46.1182 -122.8961
2005.7548 2005 276 2.0300 1.0900 -0.6300 50.80 49.89 49.83 0.0000 -0.0000 -0.0000 46.1182 -122.8961
2005.7575 2005 277 1.4500 2.6900 -0.5500 50.90 50.08 49.97 0.0000 0.0000 -0.0000 46.1182 -122.8961
2005.7603 2005 278 0.6800 2.6200 -1.9400 51.42 49.91 50.13 0.0000 -0.0000 0.0000 46.1182 -122.8961
2005.7630 2005 279 0.8600 1.7400 1.7700 51.57 49.70 50.31 0.0000 -0.0000 0.0000 46.1182 -122.8961
2005.7658 2005 280 1.2000 0.2400 -0.6000 52.10 50.10 50.08 0.0000 0.0000 0.0000 46.1182 -122.8961
2005.7685 2005 281 0.7300 0.4700 1.0300 52.16 50.04 49.88 0.0000 0.0000 -0.0000 46.1182 -122.8961
2005.7712 2005 282 2.1400 1.4600 -0.7700 51.93 50.05 49.81 0.0000 0.0000 -0.0000 46.1182 -122.8961
2005.7740 2005 283 1.0000 0.6600 1.4300 51.76 50.48 49.21 0.0000 0.0000 -0.0000 46.1182 -122.8961
2005.7767 2005 284 1.3700 2.5000 1.5200 51.36 50.66 48.06 0.0000 0.0000 -0.0000 46.1182 -122.8961
2005.7795 2005 285 0.5900 1.9000 -3.1400 51.06 50.88 48.33 0.0000 0.0000 -0.0000 46.1182 -122.8961
2005.7822 2005 286 1.3500 1.5400 0.5200 50.85 50.72 48.31 0.0000 0.0000 -0.0000 46.1182 -122.8961
2005.7849 2005 287 0.6500 3.4400 -1.5600 50.76 50.84 48.27 0.0000 0.0000 -0.0000 46.1182 -122.8961
2005.7877 2005 288 -1.1900 0.2600 2.6000 50.44 50.79 48.25 0.0000 0.0000 -0.0000 46.1182 -122.8961
2005.7904 2005 289 -0.1500 1.4300 -0.6100 50.40 50.36 48.44 0.0000 0.0000 -0.0000 46.1182 -122.8961
2005.7932 2005 290 0.8300 2.5300 -0.4000 50.43 50.43 48.18 0.0000 0.0000 -0.0000 46.1182 -122.8961
2005.7959 2005 291 1.6600 1.1400 1.0600 50.00 50.71 48.28 -0.0000 0.0000 -0.0000 46.1182 -122.8961
2005.7986 2005 292 -0.3200 2.8300 1.7400 49.99 51.12 48.17 -0.0000 0.0000 -0.0000 46.1182 -122.8961
2005.8014 2005 293 0.5700 2.8800 1.8700 49.49 51.09 48.15 -0.0000 0.0000 -0.0000 46.1182 -122.8961
2005.8041 2005 294 0.9500 1.4000 -2.3300 49.46 51.22 47.82 -0.0000 0.0000 -0.0000 46.1182 -122.8961
2005.8068 2005 295 0.9600 0.8600 -0.6500 49.66 50.93 47.78 -0.0000 0.0000 -0.0000 46.1182 -122.8961
2005.8096 2005 296 -0.0600 2.1900 -3.8500 49.92 50.94 48.13 -0.0000 0.0000 -0.0000 46.1182 -122.8961
2005.8123 2005 297 2.1800 1.1600 -0.2600 49.67 50.93 48.15 -0.0000 0.0000 -0.0000 46.1182 -122.8961
2005.8151 2005 298 -0.0900 1.6000 -3.8500 49.61 50.42 48.56 -0.0000 0.0000 -0.0000 46.1182 -122.8961
2005.8178 2005 299 0.5800 0.5000 -0.7200 49.72 50.73 48.34 -0.0000 0.0000 -0.0000 46.1182 -122.8961
2005.8205 2005 300 1.6400 1.7700 0.0500 49.87 50.69 48.40 -0.0000 0.0000 -0.0000 46.1182 -122.8961
2005.8233 2005 301 -1.0300 1.3500 -0.2300 49.96 50.40 48.41 -0.0000 0.0000 -0.0000 46.1182 -122.8961
2005.8260 2005 302 1.2300 2.2000 1.4200 49.73 50.46 48.15 -0.0000 0.0000 -0.0000 46.1182 -122.8961
2005.8288 2005 303 1.2500 1.8500 -3.7500 49.92 50.21 48.22 -0.0000 0.0000 -0.0000 46.1182 -122.8961
2005.8315 2005 304 1.9400 1.5200 -5.8100 49.93 49.85 48.65 -0.0000 -0.0000 -0.0000 46.1182 -122.8961
2005.8342 2005 305 3.8900 1.2000 1.3600 50.03 49.54 49.28 0.0000 -0.0000 -0.0000 46.1182 -122.8961
2005.8370 2005 306 1.5900 2.1000 -1.1000 50.13 49.65 49.24 0.0000 -0.0000 -0.0000 46.1182 -122.8961
2005.8397 2005 307 -1.5400 2.1800 1.3300 50.43 49.77 49.60 0.0000 -0.0000 -0.0000 46.1182 -122.8961
2005.8425 2005 308 -0.0400 1.3600 7.6600 50.38 50.00 49.60 0.0000 -0.0000 -0.0000 46.1182 -122.8961
2005.8452 2005 309 0.3400 1.7600 -0.1400 50.54 50.26 49.74 0.0000 0.0000 -0.0000 46.1182 -122.8961
2005.8479 2005 310 0.9600 0.9000 0.0900 50.54 50.90 49.56 0.0000 0.0000 -0.0000 46.1182 -122.8961
2005.8507 2005 311 2.9900 1.7300 -1.1000 50.30 51.09 49.54 0.0000 0.0000 -0.0000 46.1182 -122.8961
2005.8534 2005 312 0.7500 1.6300 -5.9000 50.51 51.10 49.62 0.0000 0.0000 -0.0000 46.1182 -122.8961
2005.8562 2005 313 0.1600 1.7500 0.4300 50.38 51.08 49.39 0.0000 0.0000 -0.0000 46.1182 -122.8961
2005.8589 2005 314 0.7000 2.3300 1.9600 50.36 51.09 49.63 0.0000 0.0000 -0.0000 46.1182 -122.8961
2005.8616 2005 315 1.2300 0.1200 -1.6300 50.05 51.20 50.09 0.0000 0.0000 0.0000 46.1182 -122.8961
2005.8644 2005 316 1.6500 2.5800 -3.7100 49.22 51.48 50.00 -0.0000 0.0000 0.0000 46.1182 -122.8961
2005.8671 2005 317 2.2500 2.9300 2.5000 49.03 51.38 49.97 -0.0000 0.0000 -0.0000 46.1182 -122.8961
2005.8699 2005 318 1.8000 2.6600 0.3200 49.47 51.21 49.97 -0.0000 0.0000 -0.0000 46.1182 -122.8961
2005.8726 2005 319 -0.3200 2.5400 -4.3500 49.58 51.32 49.44 -0.0000 0.0000 -0.0000 46.1182 -122.8961
2005.8753 2005 320 0.4600 3.0200 -4.1900 49.37 51.07 49.39 -0.0000 0.0000 -0.0000 46.1182 -122.8961
2005.8781 2005 321 -0.0500 2.8100 -3.0800 49.04 51.20 49.37 -0.0000 0.0000 -0.0000 46.1182 -122.8961
2005.8808 2005 322 -1.1900 2.0800 3.0000 48.71 51.14 49.44 -0.0000 0.0000 -0.0000 46.1182 -122.8961
2005.8836 2005 323 0.3600 3.0700 -6.0200 48.81 50.94 50.07 -0.0000 0.0000 0.0000 46.1182 -122.8961
2005.8863 2005 324 0.1900 2.1400 -0.4100 48.74 51.00 50.10 -0.0000 0.0000 0.0000 46.1182 -122.8961
2005.8890 2005 325 -0.2500 2.7700 -1.6800 48.71 50.80 50.06 -0.0000 0.0000 0.0000 46.1182 -122.8961
2005.8918 2005 326 -1.9700 1.9800 -1.7000 48.48 51.10 50.17 -0.0000 0.0000 0.0000 46.1182 -122.8961
2005.8945 2005 327 0.5400 1.6200 0.5800 48.20 50.45 50.45 -0.0000 0.0000 0.0000 46.1182 -122.8961
2005.8973 2005 328 0.2400 1.6500 2.4000 47.78 50.07 50.09 -0.0000 0.0000 0.0000 46.1182 -122.8961
2005.9000 2005 329 0.5000 0.4600 3.5100 47.52 49.79 50.05 -0.0000 -0.0000 0.0000 46.1182 -122.8961
2005.9027 2005 330 -0.3900 1.4900 -4.6200 47.45 49.51 50.25 -0.0000 -0.0000 0.0000 46.1182 -122.8961
2005.9055 2005 331 -1.1100 1.2600 0.2100 47.24 48.83 50.47 -0.0000 -0.0000 0.0000 46.1182 -122.8961
2005.9082 2005 332 1.6300 0.6700 0.1500 47.09 48.40 50.75 -0.0014 -0.0000 0.0000 46.1182 -122.8961
2005.9110 2005 333 1.0500 0.8800 5.3600 47.02 48.00 50.64 -0.0060 -0.0000 0.0000 46.1182 -122.8961
2005.9137 2005 334 -0.1000 0.9400 -0.0800 46.79 47.57 51.20 -0.1076 -0.0000 0.0000 46.1182 -122.8961
2005.9164 2005 335 0.5500 0.5800 0.8500 46.70 47.32 51.22 -0.1327 -0.0000 0.0000 46.1182 -122.8961
2005.9192 2005 336 -0.6600 0.6500 2.4800 46.82 46.57 51.13 -0.0807 -0.0000 0.0000 46.1182 -122.8961
2005.9219 2005 337 -0.2400 0.8700 1.3700 47.47 46.36 51.35 -0.0000 -0.0000 0.0000 46.1182 -122.8961
2005.9247 2005 338 0.2100 1.7800 -1.6800 47.37 46.28 51.15 -0.0000 -0.0000 0.0000 46.1182 -122.8961
2005.9274 2005 339 -0.8000 2.4500 -0.4000 46.99 46.35 50.86 -0.0211 -0.0000 0.0000 46.1182 -122.8961
2005.9301 2005 340 -1.1000 1.9200 0.3800 46.70 46.44 50.80 -0.1352 -0.0000 0.0000 46.1182 -122.8961
2005.9329 2005 341 -1.3100 1.8700 -1.5200 46.61 46.47 51.20 -0.0904 -0.0000 0.0000 46.1182 -122.8961
2005.9356 2005 342 -2.5400 1.7500 1.4900 46.81 46.06 51.11 -0.0948 -0.0000 0.0000 46.1182 -122.8961
2005.9384 2005 343 -1.8400 0.8400 2.7800 46.66 45.94 51.41 -0.1155 -0.0000 0.0000 46.1182 -122.8961
2005.9411 2005 344 -2.0000 1.8100 1.5700 45.96 46.03 51.02 -0.0136 -0.0000 0.0000 46.1182 -122.8961
2005.9438 2005 345 -1.3200 1.2400 1.8100 45.24 46.14 51.28 -0.0451 -0.0000 0.0000 46.1182 -122.8961
2005.9466 2005 346 -0.9700 0.3000 -1.0800 44.77 46.09 51.45 -0.1676 -0.0000 0.0000 46.1182 -122.8961
2005.9493 2005 347 -1.5700 1.6000 0.9000 44.73 45.96 51.22 -0.4418 -0.0000 0.0000 46.1182 -122.8961
2005.9521 2005 348 -0.7800 0.8100 -2.5400 44.37 46.26 51.36 -0.7970 -0.0000 0.0000 46.1182 -122.8961
2005.9548 2005 349 -0.9100 1.5800 -2.9800 44.30 46.39 51.58 -0.9003 -0.0000 0.0000 46.1182 -122.8961
2005.9575 2005 350 -0.8700 0.1200 -0.7100 44.19 46.12 51.68 -0.9584 -0.0000 0.0000 46.1182 -122.8961
2005.9603 2005 351 -1.5000 1.4300 -0.2500 44.51 45.91 51.39 -0.6281 -0.0000 0.0000 46.1182 -122.8961
2005.9630 2005 352 -1.3400 -0.9400 -1.1000 44.74 45.90 51.56 -0.3040 -0.0000 0.0000 46.1182 -122.8961
2005.9658 2005 353 0.0100 -1.2000 6.9000 45.23 46.00 51.29 -0.0684 -0.0000 0.0000 46.1182 -122.8961
2005.9685 2005 354 -3.3100 0.6700 4.9400 45.42 46.17 51.34 -0.0259 -0.0000 0.0000 46.1182 -122.8961
2005.9712 2005 355 -5.2400 0.7400 3.8600 45.75 46.04 51.18 -0.0173 -0.0000 0.0000 46.1182 -122.8961
2005.9740 2005 356 -3.0700 -2.1600 3.1400 45.89 46.01 51.15 -0.0155 -0.0000 0.0000 46.1182 -122.8961
2005.9767 2005 357 -2.5300 0.4700 0.9200 45.92 46.43 51.24 -0.0146 -0.0000 0.0000 46.1182 -122.8961
2005.9795 2005 358 -4.8800 -0.1700 7.5500 45.80 46.30 51.16 -0.0166 -0.0000 0.0000 46.1182 -122.8961
2005.9822 2005 359 -2.4500 0.5200 -0.2900 45.89 46.34 51.48 -0.0157 -0.0000 0.0000 46.1182 -122.8961
2005.9849 2005 360 -4.5700 -0.4400 1.0700 45.84 46.34 52.09 -0.0161 -0.0000 0.0000 46.1182 -122.8961
2005.9877 2005 361 1.6300 -1.3300 -1.8200 45.96 46.09 52.63 -0.0127 -0.0000 0.0000 46.1182 -122.8961
2005.9904 2005 362 -1.2400 -0.7300 4.8500 46.20 45.89 52.44 -0.0117 -0.0000 0.0000 46.1182 -122.8961
2005.9932 2005 363 -0.1600 0.4600 -0.9900 46.25 46.28 52.77 -0.0124 -0.0000 0.0000 46.1182 -122.8961
2005.9959 2005 364 -0.3900 -0.2300 3.9500 46.39 46.53 52.18 -0.0174 -0.0000 0.0000 46.1182 -122.8961
2005.9986 2005 365 -1.8300 -2.4100 6.7100 47.10 46.26 52.09 -0.0006 -0.0000 0.0000 46.1182 -122.8961
2006.0014 2006 1 -2.0700 -1.3700 4.2400 48.11 46.07 51.73 -0.0000 -0.0000 0.0000 46.1182 -122.8961
2006.0041 2006 2 -1.8500 -0.9400 2.3200 48.89 46.64 51.54 -0.0000 -0.0000 0.0000 46.1182 -122.8961
2006.0068 2006 3 -2.3700 -0.5700 2.0400 49.03 46.52 51.78 -0.0000 -0.0000 0.0000 46.1182 -122.8961
2006.0096 2006 4 -2.2400 -0.3700 1.9000 49.88 46.50 51.34 -0.0000 -0.0000 0.0000 46.1182 -122.8961
2006.0123 2006 5 -3.9500 1.3700 7.0300 50.22 46.45 51.23 0.0000 -0.0000 0.0000 46.1182 -122.8961
2006.0151 2006 6 -2.1700 -3.4500 8.6900 50.85 46.69 51.23 0.0000 -0.0000 0.0000 46.1182 -122.8961
2006.0178 2006 7 -0.6400 -1.1500 1.3300 50.39 47.00 51.41 0.0000 -0.0000 0.0000 46.1182 -122.8961
2006.0205 2006 8 -1.1800 -0.4300 6.9600 50.28 47.24 51.11 0.0000 -0.0000 0.0000 46.1182 -122.8961
2006.0233 2006 9 -2.3800 -1.8600 -1.3500 49.89 47.19 51.23 -0.0000 -0.0000 0.0000 46.1182 -122.8961
2006.0260 2006 10 -2.6900 -2.7700 1.1500 49.71 47.24 51.18 -0.0000 -0.0000 0.0000 46.1182 -122.8961
2006.0288 2006 11 -1.9000 -1.8000 -0.0800 49.75 47.87 50.77 -0.0000 -0.0000 0.0000 46.1182 -122.8961
2006.0315 2006 12 0.7200 0.4400 1.3500 49.86 48.30 50.55 -0.0000 -0.0000 0.0000 46.1182 -122.8961
2006.0342 2006 13 -4.3200 -1.0200 5.9600 49.90 48.53 50.30 -0.0000 -0.0000 0.0000 46.1182 -122.8961
2006.0370 2006 14 -0.5900 -1.7100 3.7100 50.10 48.80 50.13 0.0000 -0.0000 0.0000 46.1182 -122.8961
2006.0397 2006 15 -1.9200 -1.5000 -1.6600 50.04 48.98 49.97 0.0000 -0.0000 -0.0000 46.1182 -122.8961
2006.0425 2006 16 -1.3000 -1.1700 3.4800 50.36 48.84 49.53 0.0000 -0.0000 -0.0000 46.1182 -122.8961
2006.0452 2006 17 -1.1400 -1.7400 0.7600 50.56 49.54 49.05 0.0000 -0.0000 -0.0000 46.1182 -122.8961
2006.0479 2006 18 -2.3400 -1.0500 3.8400 50.30 49.76 49.09 0.0000 -0.0000 -0.0000 46.1182 -122.8961
2006.0507 2006 19 -2.4000 -1.3400 -0.3500 50.32 49.87 48.75 0.0000 -0.0000 -0.0000 46.1182 -122.8961
2006.0534 2006 20 -1.0700 -0.8400 3.8100 50.50 49.84 49.07 0.0000 -0.0000 -0.0000 46.1182 -122.8961
2006.0562 2006 21 -1.2600 -0.1800 -0.4400 50.54 50.47 49.29 0.0000 0.0000 -0.0000 46.1182 -122.8961
2006.0589 2006 22 -1.5700 0.3200 0.2100 50.32 50.74 49.64 0.0000 0.0000 -0.0000 46.1182 -122.8961
2006.0616 2006 23 -2.1700 0.0900 -1.6400 49.98 50.41 49.62 -0.0000 0.0000 -0.0000 46.1182 -122.8961
2006.0644 2006 24 -0.7500 -0.0200 -1.6900 50.31 50.65 49.25 0.0000 0.0000 -0.0000 46.1182 -122.8961
2006.0671 2006 25 -4.4500 0.1300 2.3100 49.74 50.68 49.59 -0.0000 0.0000 -0.0000 46.1182 -122.8961
2006.0699 2006 26 -2.8400 0.0800 4.5900 49.74 51.21 49.51 -0.0000 0.0000 -0.0000 46.1182 -122.8961
2006.0726 2006 27 -0.8300 -0.8200 4.3900 49.39 51.37 49.42 -0.0000 0.0000 -0.0000 46.1182 -122.8961
2006.0753 2006 28 -3.1700 -1.0900 3.9400 49.52 51.58 49.30 -0.0000 0.0000 -0.0000 46.1182 -122.8961
2006.0781 2006 29 -0.8100 0.5100 4.5300 49.75 51.71 49.21 -0.0000 0.0000 -0.0000 46.1182 -122.8961
2006.0808 2006 30 -2.1400 -2.4500 0.2600 50.11 52.10 49.09 0.0000 0.0000 -0.0000 46.1182 -122.8961
2006.0836 2006 31 -1.5500 -0.3100 3.5700 50.19 52.38 48.86 0.0000 0.0000 -0.0000 46.1182 -122.8961
2006.0863 2006 32 -1.2900 -1.4200 5.5200 50.03 52.18 49.15 0.0000 0.0000 -0.0000 46.1182 -122.8961
2006.0890 2006 33 0.0700 -0.3200 -0.6900 49.94 51.94 49.15 -0.0000 0.0000 -0.0000 46.1182 -122.8961
2006.0918 2006 34 -1.8200 -0.3200 0.5900 50.00 51.66 49.17 -0.0000 0.0000 -0.0000 46.1182 -122.8961
2006.0945 2006 35 -3.8100 -2.4400 9.7800 49.84 51.52 49.23 -0.0000 0.0000 -0.0000 46.1182 -122.8961
2006.0973 2006 36 -1.5700 1.3700 -5.6500 50.30 51.43 49.04 0.0000 0.0000 -0.0000 46.1182 -122.8961
2006.1000 2006 37 -2.6900 -0.3000 2.8600 50.31 51.57 48.79 0.0000 0.0000 -0.0000 46.1182 -122.8961
2006.1027 2006 38 -2.4100 -0.2600 -0.5800 50.04 51.32 48.73 0.0000 0.0000 -0.0000 46.1182 -122.8961
2006.1055 2006 39 -0.7600 -0.2000 -0.0900 50.36 51.41 48.37 0.0000 0.0000 -0.0000 46.1182 -122.8961
2006.1082 2006 40 -0.6200 0.5000 -3.3500 50.16 51.21 48.26 0.0000 0.0000 -0.0000 46.1182 -122.8961
2006.1110 2006 41 -0.8100 1.1300 -3.4500 50.13 51.58 48.18 0.0000 0.0000 -0.0000 46.1182 -122.8961
2006.1137 2006 42 -2.5200 0.1300 1.4400 NaN NaN NaN 0.0000 0.0000 0.0000 46.1182 -122.8961
2006.1164 2006 43 -2.1900 -0.2200 -3.9500 NaN NaN NaN 0.0000 0.0000 0.0000 46.1182 -122.8961
2006.1192 2006 44 -1.8100 -1.4200 -5.2100 NaN NaN NaN 0.0000 0.0000 0.0000 46.1182 -122.8961
2006.1219 2006 45 -0.8400 -0.8200 -3.8600 NaN NaN NaN 0.0000 0.0000 0.0000 46.1182 -122.8961
2006.1247 2006 46 -1.4100 -0.2300 -3.1700 NaN NaN NaN 0.0000 0.0000 0.0000 46.1182 -122.8961
2006.1274 2006 47 -1.8400 -0.0500 -6.0000 NaN NaN NaN 0.0000 0.0000 0.0000 46.1182 -122.8961
2006.1301 2006 48 -2.4700 0.5900 -2.4300 NaN NaN NaN 0.0000 0.0000 0.0000 46.1182 -122.8961
2006.1329 2006 49 -2.0300 -0.1700 -4.8500 NaN NaN NaN 0.0000 0.0000 0.0000 46.1182 -122.8961
2006.1356 2006 50 -2.1600 0.1300 -2.5300 NaN NaN NaN 0.0000 0.0000 0.0000 46.1182 -122.8961
2006.1384 2006 51 -2.2300 -0.1500 -0.0300 NaN NaN NaN 0.0000 0.0000 0.0000 46.1182 -122.8961
2006.2973 2006 109 -0.5800 -0.1500 3.5200 51.84 51.22 51.20 0.0000 0.0000 0.0000 46.1182 -122.8961
2006.3000 2006 110 -0.3000 -0.6000 0.1000 51.63 51.48 51.51 0.0000 0.0000 0.0000 46.1182 -122.8961
2006.3027 2006 111 -0.3500 -0.5100 -0.1600 51.73 50.96 51.25 0.0000 0.0000 0.0000 46.1182 -122.8961
2006.3055 2006 112 -1.0300 0.3200 -1.3800 51.95 51.38 51.20 0.0000 0.0000 0.0000 46.1182 -122.8961
2006.3082 2006 113 -0.0600 0.1900 -0.2800 51.74 51.45 50.75 0.0000 0.0000 0.0000 46.1182 -122.8961
2006.3110 2006 114 -0.8100 -0.1400 2.0400 51.77 51.74 50.73 0.0000 0.0000 0.0000 46.1182 -122.8961
2006.3137 2006 115 -0.9100 -0.6800 0.3800 51.34 51.76 50.31 0.0000 0.0000 0.0000 46.1182 -122.8961
2006.3164 2006 116 -1.2200 0.9200 -0.9900 52.24 52.44 50.04 0.0000 0.0000 0.0000 46.1182 -122.8961
2006.3192 2006 117 -0.6000 0.0600 0.0200 52.67 52.48 49.65 0.0000 0.0000 -0.0000 46.1182 -122.8961
2006.3219 2006 118 -0.9900 0.1300 1.2200 52.39 52.69 49.55 0.0000 0.0000 -0.0000 46.1182 -122.8961
2006.3247 2006 119 -0.8500 0.4100 4.7600 52.53 52.57 49.86 0.0000 0.0000 -0.0000 46.1182 -122.8961
2006.3274 2006 120 -0.4500 0.6900 -4.5700 52.62 52.44 49.41 0.0000 0.0000 -0.0000 46.1182 -122.8961
2006.3301 2006 121 -1.2500 -1.4400 -2.2400 52.42 52.52 49.30 0.0000 0.0000 -0.0000 46.1182 -122.8961
2006.3329 2006 122 -0.5600 0.7300 -4.4600 52.37 52.48 49.22 0.0000 0.0000 -0.0000 46.1182 -122.8961
2006.3356 2006 123 -0.2300 0.2200 2.4600 52.65 51.96 49.49 0.0000 0.0000 -0.0000 46.1182 -122.8961
2006.3384 2006 124 -1.1100 -0.5900 4.6400 52.25 51.75 49.43 0.0000 0.0000 -0.0000 46.1182 -122.8961
2006.3411 2006 125 -0.1300 -0.4000 4.4000 51.97 51.77 49.41 0.0000 0.0000 -0.0000 46.1182 -122.8961
2006.3438 2006 126 0.6400 0.2200 1.5700 52.02 51.62 49.61 0.0000 0.0000 -0.0000 46.1182 -122.8961
2006.3466 2006 127 -0.2600 -0.6800 4.6300 52.25 51.00 49.84 0.0000 0.0000 -0.0000 46.1182 -122.8961
2006.3493 2006 128 -0.5100 0.0800 -1.5700 52.02 50.66 49.97 0.0000 0.0000 -0.0000 46.1182 -122.8961
2006.3521 2006 129 -0.1300 -0.4600 -2.0100 52.13 50.21 49.99 0.0000 0.0000 -0.0000 46.1182 -122.8961
2006.3548 2006 130 -0.4000 -0.5800 -2.5100 52.33 49.80 49.66 0.0000 -0.0000 -0.0000 46.1182 -122.8961
2006.3575 2006 131 -0.3300 0.1000 -4.7600 52.16 49.37 50.00 0.0000 -0.0000 -0.0000 46.1182 -122.8961
2006.3603 2006 132 -0.0700 0.6500 -1.7500 52.47 49.77 50.48 0.0000 -0.0000 0.0000 46.1182 -122.8961
2006.3630 2006 133 0.2200 -1.3600 0.6100 52.17 49.10 50.81 0.0000 -0.0000 0.0000 46.1182 -122.8961
2006.3658 2006 134 -0.9200 -0.6900 -2.0500 51.77 48.91 50.53 0.0000 -0.0000 0.0000 46.1182 -122.8961
2006.3685 2006 135 -0.3800 -0.0100 2.9700 51.88 49.12 49.96 0.0000 -0.0000 -0.0000 46.1182 -122.8961
2006.3712 2006 136 -0.3600 -0.5000 4.1000 51.86 48.99 49.78 0.0000 -0.0000 -0.0000 46.1182 -122.8961
2006.3740 2006 137 -0.5200 -1.1100 2.6600 51.14 48.66 49.76 0.0000 -0.0000 -0.0000 46.1182 -122.8961
2006.3767 2006 138 -1.0000 -1.0800 1.6400 50.98 48.64 49.48 0.0000 -0.0000 -0.0000 46.1182 -122.8961
2006.3795 2006 139 -0.5400 -1.9400 1.1700 50.99 48.55 49.39 0.0000 -0.0000 -0.0000 46.1182 -122.8961
2006.3822 2006 140 0.5500 -1.1700 2.4900 50.78 48.91 49.09 0.0000 -0.0000 -0.0000 46.1182 -122.8961
2006.3849 2006 141 -0.6100 -0.9000 0.5700 50.87 49.04 49.48 0.0000 -0.0000 -0.0000 46.1182 -122.8961
2006.3877 2006 142 0.4400 -0.3000 4.9700 50.89 48.97 50.02 0.0000 -0.0000 0.0000 46.1182 -122.8961
2006.3904 2006 143 -1.2800 -0.8500 -0.7600 51.13 48.53 50.26 0.0000 -0.0000 0.0000 46.1182 -122.8961
2006.3932 2006 144 -2.2300 -0.2100 -1.8500 50.85 48.79 49.91 0.0000 -0.0000 -0.0000 46.1182 -122.8961
2006.3959 2006 145 -0.0100 0.8500 -3.8900 51.07 49.00 50.19 0.0000 -0.0000 0.0000 46.1182 -122.8961
2006.3986 2006 146 0.1300 -1.0900 0.4000 51.13 48.92 50.14 0.0000 -0.0000 0.0000 46.1182 -122.8961
2006.4014 2006 147 0.1000 0.0200 0.4500 51.14 48.97 49.67 0.0000 -0.0000 -0.0000 46.1182 -122.8961
2006.4041 2006 148 0.0100 -1.1900 0.1100 51.03 49.38 49.34 0.0000 -0.0000 -0.0000 46.1182 -122.8961
2006.4068 2006 149 -0.9800 0.6200 -3.9800 51.31 49.70 49.22 0.0000 -0.0000 -0.0000 46.1182 -122.8961
2006.4096 2006 150 -0.2200 2.0400 -5.9000 51.33 50.34 49.19 0.0000 0.0000 -0.0000 46.1182 -122.8961
2006.4123 2006 151 0.3900 -0.0700 0.1500 50.99 50.67 49.26 0.0000 0.0000 -0.0000 46.1182 -122.8961
2006.4151 2006 152 -0.2400 0.5000 2.3000 51.01 51.05 48.91 0.0000 0.0000 -0.0000 46.1182 -122.8961
2006.4178 2006 153 2.0700 -1.7000 1.8800 50.77 50.80 48.49 0.0000 0.0000 -0.0000 46.1182 -122.8961
2006.4205 2006 154 0.2000 -1.2900 -5.5300 51.03 51.19 48.38 0.0000 0.0000 -0.0000 46.1182 -122.8961
2006.4233 2006 155 -0.6500 0.0800 3.3900 51.62 51.28 48.78 0.0000 0.0000 -0.0000 46.1182 -122.8961
2006.4260 2006 156 0.8400 -0.5400 2.4600 51.19 50.98 49.39 0.0000 0.0000 -0.0000 46.1182 -122.8961
2006.4288 2006 157 0.7200 0.1900 -4.3700 51.14 51.15 49.55 0.0000 0.0000 -0.0000 46.1182 -122.8961
2006.4315 2006 158 -0.0600 -0.2500 -2.2600 51.19 51.24 49.51 0.0000 0.0000 -0.0000 46.1182 -122.8961
2006.4342 2006 159 0.5800 0.1800 0.1900 51.00 51.44 49.57 0.0000 0.0000 -0.0000 46.1182 -122.8961
2006.4370 2006 160 0.4300 0.9700 0.2700 51.10 51.38 49.79 0.0000 0.0000 -0.0000 46.1182 -122.8961
2006.4397 2006 161 0.2500 -0.2300 1.8100 51.07 50.84 50.09 0.0000 0.0000 0.0000 46.1182 -122.8961
2006.4425 2006 162 -0.7300 0.4800 -2.3900 50.78 50.78 49.95 0.0000 0.0000 -0.0000 46.1182 -122.8961
2006.4452 2006 163 1.1800 -1.0100 2.6700 50.68 50.73 49.41 0.0000 0.0000 -0.0000 46.1182 -122.8961
2006.4479 2006 164 -0.2400 0.2700 0.6300 49.99 51.21 49.00 -0.0000 0.0000 -0.0000 46.1182 -122.8961
2006.4507 2006 165 -0.3300 -0.1500 3.2800 49.77 51.37 49.42 -0.0000 0.0000 -0.0000 46.1182 -122.8961
2006.4534 2006 166 -1.9100 0.4000 1.4300 49.66 51.36 48.99 -0.0000 0.0000 -0.0000 46.1182 -122.8961
2006.4562 2006 167 0.1300 -0.5000 0.0400 49.24 51.30 48.81 -0.0000 0.0000 -0.0000 46.1182 -122.8961
2006.4589 2006 168 -0.3500 0.5300 -2.0400 48.82 50.97 49.49 -0.0000 0.0000 -0.0000 46.1182 -122.8961
2006.4616 2006 169 -1.2100 -0.0200 -4.4800 48.70 50.83 49.65 -0.0000 0.0000 -0.0000 46.1182 -122.8961
2006.4644 2006 170 -0.7900 0.7600 -1.6000 48.17 50.75 49.76 -0.0000 0.0000 -0.0000 46.1182 -122.8961
2006.4671 2006 171 -0.6400 0.2900 -2.9100 47.69 50.59 49.66 -0.0000 0.0000 -0.0000 46.1182 -122.8961
2006.4699 2006 172 -0.8800 -0.0700 -0.4300 47.62 50.51 49.72 -0.0000 0.0000 -0.0000 46.1182 -122.8961
2006.4726 2006 173 -0.8900 0.5400 -3.3700 47.73 50.23 49.95 -0.0000 0.0000 -0.0000 46.1182 -122.8961
2006.4753 2006 174 -0.5800 -0.2300 -4.3400 47.14 50.51 49.79 -0.0002 0.0000 -0.0000 46.1182 -122.8961
2006.4781 2006 175 -1.2900 -0.2100 -1.8900 46.85 50.56 49.59 -0.0486 0.0000 -0.0000 46.1182 -122.8961
2006.4808 2006 176 -1.0900 0.5800 -1.1900 46.33 50.58 49.36 -0.0134 0.0000 -0.0000 46.1182 -122.8961
2006.4836 2006 177 -0.6900 -1.3800 -1.5400 46.79 50.50 49.19 -0.1162 0.0000 -0.0000 46.1182 -122.8961
2006.4863 2006 178 -0.9200 -1.4400 2.5100 46.73 50.51 49.14 -0.1312 0.0000 -0.0000 46.1182 -122.8961
2006.4890 2006 179 -0.4600 -0.5700 -2.8700 46.55 50.58 49.39 -0.0380 0.0000 -0.0000 46.1182 -122.8961
2006.4918 2006 180 -1.4100 0.6600 1.5800 46.64 50.64 49.63 -0.1076 0.0000 -0.0000 46.1182 -122.8961
2006.4945 2006 181 -1.6300 2.2300 -2.8400 46.67 50.76 49.57 -0.1296 0.0000 -0.0000 46.1182 -122.8961
2006.4973 2006 182 -0.4300 -0.1000 2.4900 46.51 51.18 49.62 -0.0270 0.0000 -0.0000 46.1182 -122.8961
2006.5000 2006 183 -0.1700 -0.4800 0.7500 46.60 51.30 49.80 -0.0811 0.0000 -0.0000 46.1182 -122.8961
2006.5027 2006 184 -1.7500 0.5000 -2.9500 46.87 51.37 50.09 -0.0335 0.0000 0.0000 46.1182 -122.8961
2006.5055 2006 185 -1.0900 1.4700 -2.6900 47.69 51.26 50.37 -0.0000 0.0000 0.0000 46.1182 -122.8961
2006.5082 2006 186 -1.9000 0.1200 2.1800 47.93 51.22 50.47 -0.0000 0.0000 0.0000 46.1182 -122.8961
2006.5110 2006 187 -0.8000 -0.6000 1.9300 48.13 51.08 50.70 -0.0000 0.0000 0.0000 46.1182 -122.8961
2006.5137 2006 188 -0.1400 0.0500 -1.5400 48.41 51.41 50.85 -0.0000 0.0000 0.0000 46.1182 -122.8961
2006.5164 2006 189 -1.6300 1.5400 2.0300 48.70 52.02 50.30 -0.0000 0.0000 0.0000 46.1182 -122.8961
2006.5192 2006 190 -1.4800 1.4800 -2.6400 48.64 52.38 50.47 -0.0000 0.0000 0.0000 46.1182 -122.8961
2006.5219 2006 191 -0.4800 1.7600 -0.9000 49.12 52.32 50.39 -0.0000 0.0000 0.0000 46.1182 -122.8961
2006.5247 2006 192 -1.9200 1.8000 0.9700 49.58 51.84 50.63 -0.0000 0.0000 0.0000 46.1182 -122.8961
2006.5274 2006 193 -1.2800 0.8000 3.6500 49.68 51.93 50.84 -0.0000 0.0000 0.0000 46.1182 -122.8961
2006.5301 2006 194 0.3800 1.1200 -1.4400 49.57 52.33 50.74 -0.0000 0.0000 0.0000 46.1182 -122.8961
2006.5329 2006 195 2.7900 0.5600 -3.2200 50.18 52.22 51.02 0.0000 0.0000 0.0000 46.1182 -122.8961
2006.5356 2006 196 -1.2000 0.7400 5.3100 50.42 51.88 51.39 0.0000 0.0000 0.0000 46.1182 -122.8961
2006.5384 2006 197 0.1000 0.1500 -0.9400 50.91 51.86 51.43 0.0000 0.0000 0.0000 46.1182 -122.8961
2006.5411 2006 198 -0.5500 0.0100 -3.1000 50.74 52.04 51.35 0.0000 0.0000 0.0000 46.1182 -122.8961
2006.5438 2006 199 -0.8900 1.0600 -3.3700 50.87 52.08 51.61 0.0000 0.0000 0.0000 46.1182 -122.8961
2006.5466 2006 200 -1.6800 1.6500 1.3900 51.39 51.40 51.33 0.0000 0.0000 0.0000 46.1182 -122.8961
2006.5493 2006 201 -0.1100 0.7000 1.3000 51.74 50.88 51.39 0.0000 0.0000 0.0000 46.1182 -122.8961
2006.5521 2006 202 -0.5100 0.2500 -0.0200 51.75 50.57 51.30 0.0000 0.0000 0.0000 46.1182 -122.8961
2006.5548 2006 203 -0.5700 0.4800 9.3600 52.26 50.02 51.11 0.0000 0.0000 0.0000 46.1182 -122.8961
2006.5575 2006 204 -0.3100 1.0300 1.5000 52.49 49.69 50.77 0.0000 -0.0000 0.0000 46.1182 -122.8961
2006.5603 2006 205 -0.7500 0.9600 -1.4700 52.32 49.58 50.73 0.0000 -0.0000 0.0000 46.1182 -122.8961
2006.5630 2006 206 -0.3700 0.6000 4.4900 51.31 49.45 50.86 0.0000 -0.0000 0.0000 46.1182 -122.8961
2006.5658 2006 207 0.1000 0.2200 2.2200 51.56 49.01 50.40 0.0000 -0.0000 0.0000 46.1182 -122.8961
2006.5685 2006 208 -0.5600 -0.3800 -0.2400 51.26 49.23 50.47 0.0000 -0.0000 0.0000 46.1182 -122.8961
2006.5712 2006 209 0.5300 0.5700 5.2200 51.39 48.83 50.63 0.0000 -0.0000 0.0000 46.1182 -122.8961
2006.5740 2006 210 0.7500 -1.0000 -2.0900 51.33 48.35 51.05 0.0000 -0.0000 0.0000 46.1182 -122.8961
2006.5767 2006 211 1.0300 -0.1300 2.2300 51.64 47.75 50.91 0.0000 -0.0000 0.0000 46.1182 -122.8961
2006.5795 2006 212 0.0500 0.8300 -3.4500 51.38 47.70 50.86 0.0000 -0.0000 0.0000 46.1182 -122.8961
2006.5822 2006 213 0.4700 -0.1000 -0.3000 51.20 47.95 50.82 0.0000 -0.0000 0.0000 46.1182 -122.8961
2006.5849 2006 214 0.0100 -0.3500 -2.7900 51.11 47.82 50.22 0.0000 -0.0000 0.0000 46.1182 -122.8961
2006.5877 2006 215 0.4700 0.9000 -0.2300 51.13 47.29 50.18 0.0000 -0.0000 0.0000 46.1182 -122.8961
2006.5904 2006 216 -1.2700 0.4700 3.0000 51.22 46.97 50.14 0.0000 -0.0000 0.0000 46.1182 -122.8961
2006.5932 2006 217 0.4400 -1.2000 -2.4000 51.14 47.04 49.79 0.0000 -0.0000 -0.0000 46.1182 -122.8961
2006.5959 2006 218 -1.0300 1.2700 1.9600 50.68 47.17 49.70 0.0000 -0.0000 -0.0000 46.1182 -122.8961
2006.5986 2006 219 0.4400 -1.5400 0.9200 50.70 47.11 49.82 0.0000 -0.0000 -0.0000 46.1182 -122.8961
2006.6014 2006 220 -1.3400 -0.0100 4.6600 50.52 46.99 49.41 0.0000 -0.0000 -0.0000 46.1182 -122.8961
2006.6041 2006 221 -0.2600 -0.6400 1.5000 50.14 47.44 49.66 0.0000 -0.0000 -0.0000 46.1182 -122.8961
2006.6068 2006 222 -1.0400 0.3300 -0.8900 49.63 47.72 49.51 -0.0000 -0.0000 -0.0000 46.1182 -122.8961
2006.6096 2006 223 -1.0100 -0.3500 2.4700 49.49 47.81 49.83 -0.0000 -0.0000 -0.0000 46.1182 -122.8961
2006.6123 2006 224 -1.2400 0.3300 -3.7700 49.01 48.28 49.88 -0.0000 -0.0000 -0.0000 46.1182 -122.8961
2006.6151 2006 225 -0.3200 -1.3700 1.1000 48.81 48.52 50.10 -0.0000 -0.0000 0.0000 46.1182 -122.8961
2006.6178 2006 226 0.7600 -1.1100 -1.3300 48.76 48.53 50.14 -0.0000 -0.0000 0.0000 46.1182 -122.8961
2006.6205 2006 227 -0.4000 -0.4200 0.0400 49.35 48.51 49.91 -0.0000 -0.0000 -0.0000 46.1182 -122.8961
2006.6233 2006 228 -1.7800 1.7100 -0.4700 49.03 48.91 50.33 -0.0000 -0.0000 0.0000 46.1182 -122.8961
2006.6260 2006 229 -0.2200 -0.4400 1.3900 49.44 48.64 50.00 -0.0000 -0.0000 0.0000 46.1182 -122.8961
2006.6288 2006 230 -0.3000 0.4800 -1.2600 49.13 48.88 49.81 -0.0000 -0.0000 -0.0000 46.1182 -122.8961
2006.6315 2006 231 -0.0200 -2.0900 1.9100 49.66 48.92 49.18 -0.0000 -0.0000 -0.0000 46.1182 -122.8961
2006.6342 2006 232 -0.7400 -0.6900 1.8300 49.55 49.22 49.08 -0.0000 -0.0000 -0.0000 46.1182 -122.8961
2006.6370 2006 233 -0.5400 -0.1400 2.8400 49.85 49.37 49.11 -0.0000 -0.0000 -0.0000 46.1182 -122.8961
2006.6397 2006 234 -1.0100 1.3100 -0.0100 50.00 49.55 48.98 -0.0000 -0.0000 -0.0000 46.1182 -122.8961
2006.6425 2006 235 -0.2600 -0.0600 -1.5100 50.20 49.61 49.48 0.0000 -0.0000 -0.0000 46.1182 -122.8961
2006.6452 2006 236 0.1400 0.5800 1.4100 50.15 50.07 49.71 0.0000 0.0000 -0.0000 46.1182 -122.8961
2006.6479 2006 237 -1.0700 -0.0200 1.6900 49.92 50.14 50.11 -0.0000 0.0000 0.0000 46.1182 -122.8961
2006.6507 2006 238 0.0100 -0.2200 1.8600 49.90 50.37 50.21 -0.0000 0.0000 0.0000 46.1182 -122.8961
2006.6534 2006 239 0.6500 0.2100 -3.3200 50.36 49.96 50.45 0.0000 -0.0000 0.0000 46.1182 -122.8961
2006.6562 2006 240 -0.7000 -1.1300 -0.7100 50.30 50.02 50.34 0.0000 0.0000 0.0000 46.1182 -122.8961
2006.6589 2006 241 2.1900 -0.7900 -4.2900 50.55 50.01 50.66 0.0000 0.0000 0.0000 46.1182 -122.8961
2006.6616 2006 242 0.4600 -0.3600 -0.7100 50.71 50.38 50.60 0.0000 0.0000 0.0000 46.1182 -122.8961
2006.6644 2006 243 0.2000 1.3100 -1.3500 51.22 50.45 50.48 0.0000 0.0000 0.0000 46.1182 -122.8961
2006.6671 2006 244 -0.4000 0.6700 1.1100 51.52 50.45 50.04 0.0000 0.0000 0.0000 46.1182 -122.8961
2006.6699 2006 245 -0.3800 0.6700 -1.3100 51.79 50.18 50.06 0.0000 0.0000 0.0000 46.1182 -122.8961
2006.6726 2006 246 -0.7100 0.3200 5.6400 51.83 50.11 50.09 0.0000 0.0000 0.0000 46.1182 -122.8961
2006.6753 2006 247 0.5000 -2.6200 6.6000 52.23 49.97 49.97 0.0000 -0.0000 -0.0000 46.1182 -122.8961
2006.6781 2006 248 -0.5300 0.8700 -0.8100 52.29 50.19 49.85 0.0000 0.0000 -0.0000 46.1182 -122.8961
2006.6808 2006 249 -0.1400 -1.0600 3.0700 52.33 50.28 49.74 0.0000 0.0000 -0.0000 46.1182 -122.8961
2006.6836 2006 250 -0.3800 0.1700 0.0900 51.97 50.40 50.05 0.0000 0.0000 0.0000 46.1182 -122.8961
2006.6863 2006 251 0.7700 0.2400 1.2300 52.26 50.59 50.26 0.0000 0.0000 0.0000 46.1182 -122.8961
2006.6890 2006 252 0.4300 0.3800 3.8200 51.47 50.85 50.83 0.0000 0.0000 0.0000 46.1182 -122.8961
2006.6918 2006 253 1.4600 -0.5400 -1.6600 51.31 50.85 50.94 0.0000 0.0000 0.0000 46.1182 -122.8961
2006.6945 2006 254 1.0800 -0.8900 -1.9300 51.53 50.72 50.89 0.0000 0.0000 0.0000 46.1182 -122.8961
2006.6973 2006 255 -0.3500 0.0500 0.8800 51.55 50.70 50.79 0.0000 0.0000 0.0000 46.1182 -122.8961
2006.7000 2006 256 -0.1800 -0.3600 0.4800 51.56 50.56 50.66 0.0000 0.0000 0.0000 46.1182 -122.8961
2006.7027 2006 257 3.2600 -0.8000 0.2300 51.65 50.17 50.21 0.0000 0.0000 0.0000 46.1182 -122.8961
2006.7055 2006 258 -0.1900 1.5500 -2.6300 51.62 50.58 49.44 0.0000 0.0000 -0.0000 46.1182 -122.8961
2006.7082 2006 259 -0.2000 1.3500 4.3700 51.59 50.45 49.40 0.0000 0.0000 -0.0000 46.1182 -122.8961
2006.7110 2006 260 -0.5100 0.3300 -1.5000 51.09 50.80 49.25 0.0000 0.0000 -0.0000 46.1182 -122.8961
2006.7137 2006 261 0.5300 0.8400 3.0700 51.09 50.54 49.15 0.0000 0.0000 -0.0000 46.1182 -122.8961
2006.7164 2006 262 -0.5200 0.7200 0.1800 50.74 50.63 49.03 0.0000 0.0000 -0.0000 46.1182 -122.8961
2006.7192 2006 263 -0.0900 -0.0900 -0.2200 50.57 50.31 48.79 0.0000 0.0000 -0.0000 46.1182 -122.8961
2006.7219 2006 264 3.6300 1.1200 -3.4100 50.06 50.40 48.85 0.0000 0.0000 -0.0000 46.1182 -122.8961
2006.7247 2006 265 0.5900 1.3300 -3.2800 49.82 50.60 49.13 -0.0000 0.0000 -0.0000 46.1182 -122.8961
2006.7274 2006 266 0.9300 -0.1800 -1.3900 49.70 50.91 49.12 -0.0000 0.0000 -0.0000 46.1182 -122.8961
2006.7301 2006 267 -0.3100 -1.4800 -0.1100 49.68 51.13 48.96 -0.0000 0.0000 -0.0000 46.1182 -122.8961
2006.7329 2006 268 -0.2100 -0.4300 -2.4500 48.97 51.50 49.22 -0.0000 0.0000 -0.0000 46.1182 -122.8961
2006.7356 2006 269 -0.9400 0.7800 -2.4400 48.97 51.16 49.49 -0.0000 0.0000 -0.0000 46.1182 -122.8961
2006.7384 2006 270 -3.2000 -0.4100 2.9600 48.95 50.85 49.28 -0.0000 0.0000 -0.0000 46.1182 -122.8961
2006.7411 2006 271 -0.6600 -1.2900 -3.5800 49.23 51.06 49.25 -0.0000 0.0000 -0.0000 46.1182 -122.8961
2006.7438 2006 272 -1.5100 0.7800 0.7700 49.07 50.87 49.03 -0.0000 0.0000 -0.0000 46.1182 -122.8961
2006.7466 2006 273 -0.8600 0.0300 0.0800 49.39 50.69 48.85 -0.0000 0.0000 -0.0000 46.1182 -122.8961
2006.7493 2006 274 -0.8500 0.3300 -3.5300 49.47 50.83 49.04 -0.0000 0.0000 -0.0000 46.1182 -122.8961
2006.7521 2006 275 0.7400 -0.0200 0.3700 48.66 50.76 49.30 -0.0000 0.0000 -0.0000 46.1182 -122.8961
2006.7548 2006 276 -0.7500 1.3400 1.5500 48.52 50.55 49.68 -0.0000 0.0000 -0.0000 46.1182 -122.8961
2006.7575 2006 277 -0.3100 1.1200 -1.6600 48.33 50.60 49.87 -0.0000 0.0000 -0.0000 46.1182 -122.8961
2006.7603 2006 278 -0.5500 0.7600 6.3400 48.37 51.12 50.35 -0.0000 0.0000 0.0000 46.1182 -122.8961
2006.7630 2006 279 0.7700 0.4400 0.3300 48.69 51.15 50.91 -0.0000 0.0000 0.0000 46.1182 -122.8961
2006.7658 2006 280 -0.6500 0.4300 0.9400 48.88 51.23 51.06 -0.0000 0.0000 0.0000 46.1182 -122.8961
2006.7685 2006 281 1.2200 1.9900 -0.5600 49.49 51.35 51.00 -0.0000 0.0000 0.0000 46.1182 -122.8961
2006.7712 2006 282 0.1900 1.0700 1.0300 49.64 51.66 51.48 -0.0000 0.0000 0.0000 46.1182 -122.8961
2006.7740 2006 283 -0.5900 0.7600 -0.4300 50.09 51.73 51.26 0.0000 0.0000 0.0000 46.1182 -122.8961
2006.7767 2006 284 0.0500 1.1600 5.3600 50.29 52.01 51.26 0.0000 0.0000 0.0000 46.1182 -122.8961
2006.7795 2006 285 -0.6400 0.4300 1.5100 50.51 52.00 51.43 0.0000 0.0000 0.0000 46.1182 -122.8961
2006.7822 2006 286 0.1900 0.4600 2.5700 50.41 52.00 51.18 0.0000 0.0000 0.0000 46.1182 -122.8961
2006.7849 2006 287 0.3500 -0.5400 3.6800 50.55 51.83 51.07 0.0000 0.0000 0.0000 46.1182 -122.8961
2006.7877 2006 288 0.3600 0.7400 6.5700 50.57 51.60 51.06 0.0000 0.0000 0.0000 46.1182 -122.8961
2006.7904 2006 289 2.0500 1.5300 2.8800 50.92 51.35 50.55 0.0000 0.0000 0.0000 46.1182 -122.8961
2006.7932 2006 290 0.4100 1.2000 -0.0600 50.76 51.37 50.40 0.0000 0.0000 0.0000 46.1182 -122.8961
2006.7959 2006 291 -0.3700 0.8800 1.1600 50.91 51.56 50.36 0.0000 0.0000 0.0000 46.1182 -122.8961
2006.7986 2006 292 0.3600 -0.6500 4.8600 50.54 51.32 50.34 0.0000 0.0000 0.0000 46.1182 -122.8961
2006.8014 2006 293 0.4700 1.6500 -6.1300 50.67 51.26 50.21 0.0000 0.0000 0.0000 46.1182 -122.8961
2006.8041 2006 294 -0.1600 1.5200 -4.1800 50.89 51.27 50.15 0.0000 0.0000 0.0000 46.1182 -122.8961
2006.8068 2006 295 -0.7700 0.9000 -0.9400 50.94 51.05 49.67 0.0000 0.0000 -0.0000 46.1182 -122.8961
2006.8096 2006 296 -0.1800 0.6600 -4.3100 51.55 51.30 49.51 0.0000 0.0000 -0.0000 46.1182 -122.8961
2006.8123 2006 297 -0.0100 1.2900 -0.8800 51.15 51.45 49.16 0.0000 0.0000 -0.0000 46.1182 -122.8961
2006.8151 2006 298 -0.2600 0.8900 -4.3700 50.92 51.72 48.76 0.0000 0.0000 -0.0000 46.1182 -122.8961
2006.8178 2006 299 -0.5900 0.3900 -2.2200 51.08 51.42 48.32 0.0000 0.0000 -0.0000 46.1182 -122.8961
2006.8205 2006 300 0.3600 -0.4200 -0.9000 50.47 50.88 48.12 0.0000 0.0000 -0.0000 46.1182 -122.8961
2006.8233 2006 301 -0.0100 0.8800 -3.4000 50.35 50.43 48.16 0.0000 0.0000 -0.0000 46.1182 -122.8961
2006.8260 2006 302 0.0400 1.9100 -0.1300 50.37 50.20 48.21 0.0000 0.0000 -0.0000 46.1182 -122.8961
2006.8288 2006 303 0.7200 0.8700 -5.1900 50.35 50.35 47.71 0.0000 0.0000 -0.0000 46.1182 -122.8961
2006.8315 2006 304 0.5100 0.8800 -2.9100 49.90 50.17 48.24 -0.0000 0.0000 -0.0000 46.1182 -122.8961
2006.8342 2006 305 0.3900 0.7900 -1.7500 49.84 49.69 48.77 -0.0000 -0.0000 -0.0000 46.1182 -122.8961
2006.8370 2006 306 0.1300 1.4200 2.1100 49.81 49.65 48.78 -0.0000 -0.0000 -0.0000 46.1182 -122.8961
2006.8397 2006 307 -2.1300 0.6300 -1.0400 49.67 49.12 49.26 -0.0000 -0.0000 -0.0000 46.1182 -122.8961
2006.8425 2006 308 -1.3300 0.8800 -2.2300 49.55 49.11 49.39 -0.0000 -0.0000 -0.0000 46.1182 -122.8961
2006.8452 2006 309 2.1000 0.8300 1.0200 49.44 49.20 49.88 -0.0000 -0.0000 -0.0000 46.1182 -122.8961
2006.8479 2006 310 -0.6100 0.1300 2.5100 49.38 49.30 50.15 -0.0000 -0.0000 0.0000 46.1182 -122.8961
2006.8507 2006 311 0.5700 -1.2100 3.2400 49.33 49.61 50.01 -0.0000 -0.0000 0.0000 46.1182 -122.8961
2006.8534 2006 312 2.2500 0.8000 0.7200 49.22 49.54 50.05 -0.0000 -0.0000 0.0000 46.1182 -122.8961
2006.8562 2006 313 1.2500 0.9600 0.1600 49.32 49.41 50.20 -0.0000 -0.0000 0.0000 46.1182 -122.8961
2006.8589 2006 314 -1.1900 1.3900 0.0800 49.16 49.28 50.52 -0.0000 -0.0000 0.0000 46.1182 -122.8961
2006.8616 2006 315 0.1200 0.1100 4.3200 48.77 48.93 50.65 -0.0000 -0.0000 0.0000 46.1182 -122.8961
2006.8644 2006 316 -0.9900 1.2000 1.1900 48.39 48.93 50.96 -0.0000 -0.0000 0.0000 46.1182 -122.8961
2006.8671 2006 317 -2.7200 -2.5700 2.4200 48.07 48.57 50.75 -0.0000 -0.0000 0.0000 46.1182 -122.8961
2006.8699 2006 318 -0.1400 1.1500 0.1700 48.71 48.57 50.77 -0.0000 -0.0000 0.0000 46.1182 -122.8961
2006.8726 2006 319 -1.3900 1.3600 3.8200 49.08 48.32 50.86 -0.0000 -0.0000 0.0000 46.1182 -122.8961
2006.8753 2006 320 -1.2900 0.7000 -2.9900 48.68 48.34 51.04 -0.0000 -0.0000 0.0000 46.1182 -122.8961
2006.8781 2006 321 -0.8700 1.1500 -5.2800 49.15 48.63 51.06 -0.0000 -0.0000 0.0000 46.1182 -122.8961
2006.8808 2006 322 -0.0600 0.7800 -6.2600 48.99 49.36 50.69 -0.0000 -0.0000 0.0000 46.1182 -122.8961
2006.8836 2006 323 -1.3000 0.8000 4.1200 48.39 49.46 50.41 -0.0000 -0.0000 0.0000 46.1182 -122.8961
2006.8863 2006 324 -0.0700 -0.4500 -2.5300 48.19 49.30 50.65 -0.0000 -0.0000 0.0000 46.1182 -122.8961
2006.8890 2006 325 -1.5600 -1.9400 -1.5600 48.52 49.39 50.25 -0.0000 -0.0000 0.0000 46.1182 -122.8961
2006.8918 2006 326 -3.6200 0.1600 -0.5100 48.46 49.81 49.57 -0.0000 -0.0000 -0.0000 46.1182 -122.8961
2006.8945 2006 327 -2.0300 -0.4900 -2.7400 48.54 49.75 49.26 -0.0000 -0.0000 -0.0000 46.1182 -122.8961
2006.8973 2006 328 0.6800 0.9000 -3.6000 48.95 50.58 48.71 -0.0000 0.0000 -0.0000 46.1182 -122.8961
2006.9000 2006 329 -0.3800 0.6400 -4.9700 48.80 50.59 48.62 -0.0000 0.0000 -0.0000 46.1182 -122.8961
2006.9027 2006 330 0.1900 1.1600 0.4800 48.98 50.54 48.02 -0.0000 0.0000 -0.0000 46.1182 -122.8961
2006.9055 2006 331 0.6700 0.6200 2.6900 48.96 50.52 48.11 -0.0000 0.0000 -0.0000 46.1182 -122.8961
2006.9082 2006 332 -1.0700 2.1900 -3.2500 48.99 50.65 48.61 -0.0000 0.0000 -0.0000 46.1182 -122.8961
2006.9110 2006 333 -0.7300 1.6700 -7.5800 48.80 50.55 49.02 -0.0000 0.0000 -0.0000 46.1182 -122.8961
2006.9137 2006 334 0.2800 1.8200 1.7200 48.82 50.67 48.61 -0.0000 0.0000 -0.0000 46.1182 -122.8961
2006.9164 2006 335 0.2900 1.7600 -3.2700 48.46 51.03 48.56 -0.0000 0.0000 -0.0000 46.1182 -122.8961
2006.9192 2006 336 -0.1600 1.7300 -5.3300 48.74 51.62 48.64 -0.0000 0.0000 -0.0000 46.1182 -122.8961
2006.9219 2006 337 -0.5000 1.1600 -5.5500 49.34 51.63 48.61 -0.0000 0.0000 -0.0000 46.1182 -122.8961
2006.9247 2006 338 -1.2800 0.3700 -4.9600 49.76 52.07 49.01 -0.0000 0.0000 -0.0000 46.1182 -122.8961
2006.9274 2006 339 -1.5300 1.1500 -0.8000 49.14 52.03 49.29 -0.0000 0.0000 -0.0000 46.1182 -122.8961
2006.9301 2006 340 -0.7400 1.3200 -2.7300 48.99 52.13 49.45 -0.0000 0.0000 -0.0000 46.1182 -122.8961
2006.9329 2006 341 -2.0200 0.8400 -1.2800 49.11 52.16 49.42 -0.0000 0.0000 -0.0000 46.1182 -122.8961
2006.9356 2006 342 -1.6100 3.1700 4.0600 48.80 52.29 49.27 -0.0000 0.0000 -0.0000 46.1182 -122.8961
2006.9384 2006 343 -1.6700 -0.1000 2.4400 48.92 51.69 49.69 -0.0000 0.0000 -0.0000 46.1182 -122.8961
2006.9411 2006 344 -2.0300 0.6800 -2.6600 49.33 51.63 50.39 -0.0000 0.0000 0.0000 46.1182 -122.8961
2006.9438 2006 345 -3.5700 1.0800 -1.1500 49.11 51.42 50.16 -0.0000 0.0000 0.0000 46.1182 -122.8961
2006.9466 2006 346 -0.6400 0.1400 1.9100 48.89 51.34 50.31 -0.0000 0.0000 0.0000 46.1182 -122.8961
2006.9493 2006 347 -1.2100 -0.2400 -0.1100 48.98 51.01 50.94 -0.0000 0.0000 0.0000 46.1182 -122.8961
2006.9521 2006 348 0.0600 1.2600 3.2500 48.87 51.12 51.29 -0.0000 0.0000 0.0000 46.1182 -122.8961
2006.9548 2006 349 -2.6500 0.8500 1.2500 48.74 50.65 51.87 -0.0000 0.0000 0.0000 46.1182 -122.8961
2006.9575 2006 350 -1.0600 1.1200 -3.6400 49.06 50.60 51.95 -0.0000 0.0000 0.0000 46.1182 -122.8961
2006.9603 2006 351 -0.0500 1.6200 -0.9500 49.11 50.45 52.35 -0.0000 0.0000 0.0000 46.1182 -122.8961
2006.9630 2006 352 -1.0400 1.8000 -1.3300 49.40 50.45 52.12 -0.0000 0.0000 0.0000 46.1182 -122.8961
2006.9658 2006 353 -1.1900 0.4900 1.5900 49.66 49.93 51.57 -0.0000 -0.0000 0.0000 46.1182 -122.8961
2006.9685 2006 354 0.4800 1.8900 2.5100 50.01 50.30 51.10 0.0000 0.0000 0.0000 46.1182 -122.8961
2006.9712 2006 355 -2.5200 0.9200 -2.4300 50.26 50.46 51.24 0.0000 0.0000 0.0000 46.1182 -122.8961
2006.9740 2006 356 -0.4700 1.4500 -2.2500 51.00 50.37 51.11 0.0000 0.0000 0.0000 46.1182 -122.8961
2006.9767 2006 357 0.4500 0.5900 2.2500 50.84 50.01 50.76 0.0000 0.0000 0.0000 46.1182 -122.8961
2006.9795 2006 358 -1.1000 2.0500 -2.0900 50.79 50.15 50.88 0.0000 0.0000 0.0000 46.1182 -122.8961
2006.9822 2006 359 -1.1200 -0.2500 4.0500 50.47 50.02 50.52 0.0000 0.0000 0.0000 46.1182 -122.8961
2006.9849 2006 360 0.2100 0.7000 0.7300 51.22 50.03 50.23 0.0000 0.0000 0.0000 46.1182 -122.8961
2006.9877 2006 361 0.6700 -0.0500 2.0800 51.60 50.06 50.29 0.0000 0.0000 0.0000 46.1182 -122.8961
2006.9904 2006 362 0.1300 1.0300 -6.0200 51.65 49.86 50.34 0.0000 -0.0000 0.0000 46.1182 -122.8961
2006.9932 2006 363 0.1900 1.2800 -2.8800 52.00 49.65 50.45 0.0000 -0.0000 0.0000 46.1182 -122.8961
2006.9959 2006 364 -0.0300 1.8400 -2.7200 52.07 49.96 50.10 0.0000 -0.0000 0.0000 46.1182 -122.8961
2006.9986 2006 365 -0.3300 1.6800 -5.1300 51.98 49.97 49.66 0.0000 -0.0000 -0.0000 46.1182 -122.8961
2007.0014 2007 1 -0.5200 1.8700 -3.3300 52.60 50.25 49.69 0.0000 0.0000 -0.0000 46.1182 -122.8961
2007.0041 2007 2 -1.0800 -0.5600 -3.5600 52.72 50.39 49.54 0.0000 0.0000 -0.0000 46.1182 -122.8961
2007.0068 2007 3 1.0700 0.3800 3.5400 52.61 50.66 49.06 0.0000 0.0000 -0.0000 46.1182 -122.8961
2007.0096 2007 4 -0.4700 2.1500 -0.8300 52.86 50.50 48.81 0.0000 0.0000 -0.0000 46.1182 -122.8961
2007.0123 2007 5 0.3200 0.9000 -1.8700 52.98 50.84 48.22 0.0000 0.0000 -0.0000 46.1182 -122.8961
2007.0151 2007 6 1.4600 1.9900 -0.9900 52.99 51.00 48.08 0.0000 0.0000 -0.0000 46.1182 -122.8961
2007.0178 2007 7 0.1600 0.3800 -1.0400 52.91 51.43 47.71 0.0000 0.0000 -0.0000 46.1182 -122.8961
2007.0205 2007 8 0.2600 1.4900 -2.1400 52.71 51.60 48.09 0.0000 0.0000 -0.0000 46.1182 -122.8961
2007.0233 2007 9 -0.7500 0.9700 -2.5400 52.60 51.84 48.44 0.0000 0.0000 -0.0000 46.1182 -122.8961
2007.0260 2007 10 0.9800 2.2800 1.4500 52.51 51.60 48.69 0.0000 0.0000 -0.0000 46.1182 -122.8961
2007.0288 2007 11 -0.0100 2.3400 -6.1700 52.44 51.53 48.80 0.0000 0.0000 -0.0000 46.1182 -122.8961
2007.0315 2007 12 -0.1400 2.3000 -4.8900 52.25 51.30 49.00 0.0000 0.0000 -0.0000 46.1182 -122.8961
2007.0342 2007 13 0.1300 1.6900 -1.6300 52.55 51.67 49.49 0.0000 0.0000 -0.0000 46.1182 -122.8961
2007.0370 2007 14 0.1200 1.5900 -4.8900 52.11 51.75 49.01 0.0000 0.0000 -0.0000 46.1182 -122.8961
2007.0397 2007 15 -0.2700 1.7000 -2.0300 52.28 51.49 49.04 0.0000 0.0000 -0.0000 46.1182 -122.8961
2007.0425 2007 16 1.2700 1.4100 -1.0400 52.20 51.53 48.92 0.0000 0.0000 -0.0000 46.1182 -122.8961
2007.0452 2007 17 1.0200 1.8700 -2.3400 51.69 51.49 48.68 0.0000 0.0000 -0.0000 46.1182 -122.8961
2007.0479 2007 18 0.1200 2.2200 -1.6100 51.61 51.78 48.61 0.0000 0.0000 -0.0000 46.1182 -122.8961
2007.0507 2007 19 0.6600 1.4300 -0.9100 51.41 51.79 48.61 0.0000 0.0000 -0.0000 46.1182 -122.8961
2007.0534 2007 20 0.4200 1.9600 -1.6400 51.62 51.96 48.69 0.0000 0.0000 -0.0000 46.1182 -122.8961
2007.0562 2007 21 0.2500 2.1500 -4.8700 51.40 51.61 48.57 0.0000 0.0000 -0.0000 46.1182 -122.8961
2007.0589 2007 22 0.3000 1.0000 -0.7200 51.08 51.40 48.80 0.0000 0.0000 -0.0000 46.1182 -122.8961
2007.0616 2007 23 0.5600 1.1200 2.2700 51.10 51.30 49.04 0.0000 0.0000 -0.0000 46.1182 -122.8961
2007.0644 2007 24 -0.1300 1.3200 -3.8000 51.26 51.20 49.26 0.0000 0.0000 -0.0000 46.1182 -122.8961
2007.0671 2007 25 0.1200 1.3900 -3.2500 51.10 51.37 49.26 0.0000 0.0000 -0.0000 46.1182 -122.8961
2007.0699 2007 26 1.8100 1.1000 -6.8100 51.12 50.95 49.47 0.0000 0.0000 -0.0000 46.1182 -122.8961
2007.0726 2007 27 0.1700 2.2900 -3.8300 50.90 50.84 49.43 0.0000 0.0000 -0.0000 46.1182 -122.8961
2007.0753 2007 28 -0.1900 1.0600 -2.8000 50.77 50.42 49.69 0.0000 0.0000 -0.0000 46.1182 -122.8961
2007.0781 2007 29 0.0300 1.4000 -2.7800 50.95 50.01 49.51 0.0000 0.0000 -0.0000 46.1182 -122.8961
2007.0808 2007 30 0.6600 1.9000 -4.6600 50.59 50.07 49.48 0.0000 0.0000 -0.0000 46.1182 -122.8961
2007.0836 2007 31 0.2000 1.0700 -1.9800 50.56 49.98 49.50 0.0000 -0.0000 -0.0000 46.1182 -122.8961
2007.0863 2007 32 -0.0400 2.0900 -4.5200 50.45 49.66 49.60 0.0000 -0.0000 -0.0000 46.1182 -122.8961
2007.0890 2007 33 0.1600 2.3000 -2.1100 50.21 49.83 49.44 0.0000 -0.0000 -0.0000 46.1182 -122.8961
2007.0918 2007 34 0.6800 1.8300 -0.1700 49.89 49.53 48.90 -0.0000 -0.0000 -0.0000 46.1182 -122.8961
2007.0945 2007 35 0.2500 2.0600 -7.2300 50.03 49.30 49.39 0.0000 -0.0000 -0.0000 46.1182 -122.8961
2007.0973 2007 36 0.5100 1.0300 -2.8800 50.05 49.20 49.83 0.0000 -0.0000 -0.0000 46.1182 -122.8961
2007.1000 2007 37 1.0000 1.3800 -3.6700 49.53 49.15 50.42 -0.0000 -0.0000 0.0000 46.1182 -122.8961
2007.1027 2007 38 0.6900 1.2400 -0.6800 49.77 49.21 50.79 -0.0000 -0.0000 0.0000 46.1182 -122.8961
2007.1055 2007 39 0.8500 1.1700 -0.8700 49.74 48.87 50.99 -0.0000 -0.0000 0.0000 46.1182 -122.8961
2007.1082 2007 40 -0.6300 1.8300 0.8000 49.78 48.64 51.30 -0.0000 -0.0000 0.0000 46.1182 -122.8961
2007.1110 2007 41 0.5700 1.6200 0.0900 49.21 47.99 51.74 -0.0000 -0.0000 0.0000 46.1182 -122.8961
2007.1137 2007 42 0.1500 1.0100 -2.2500 49.42 48.42 52.13 -0.0000 -0.0000 0.0000 46.1182 -122.8961
2007.1164 2007 43 -0.2900 1.1900 -1.4300 49.72 48.19 52.32 -0.0000 -0.0000 0.0000 46.1182 -122.8961
2007.1192 2007 44 0.1700 1.0500 -3.2500 49.78 48.12 52.21 -0.0000 -0.0000 0.0000 46.1182 -122.8961
2007.1219 2007 45 -0.4300 1.0500 -1.1900 49.31 47.98 52.04 -0.0000 -0.0000 0.0000 46.1182 -122.8961
2007.1247 2007 46 0.8200 0.2900 3.1400 49.20 47.68 52.66 -0.0000 -0.0000 0.0000 46.1182 -122.8961
2007.1274 2007 47 0.5000 1.0700 0.3800 48.96 47.86 52.88 -0.0000 -0.0000 0.0000 46.1182 -122.8961
2007.1301 2007 48 0.2900 2.8800 0.6400 48.76 47.87 53.08 -0.0000 -0.0000 0.0000 46.1182 -122.8961
2007.1329 2007 49 -0.6400 0.0100 -0.6200 48.96 48.06 52.83 -0.0000 -0.0000 0.0000 46.1182 -122.8961
2007.1356 2007 50 0.0400 0.0200 3.0100 48.79 48.52 52.40 -0.0000 -0.0000 0.0000 46.1182 -122.8961
2007.1384 2007 51 -0.9000 -0.3500 2.2500 49.11 48.41 52.31 -0.0000 -0.0000 0.0000 46.1182 -122.8961
2007.1411 2007 52 0.4500 1.7800 2.3700 48.96 48.42 52.31 -0.0000 -0.0000 0.0000 46.1182 -122.8961
2007.1438 2007 53 1.6600 0.3200 0.5800 48.90 48.75 52.24 -0.0000 -0.0000 0.0000 46.1182 -122.8961
2007.1466 2007 54 0.9200 1.8400 -1.7000 49.15 48.79 52.36 -0.0000 -0.0000 0.0000 46.1182 -122.8961
2007.1493 2007 55 -1.7800 1.1000 -1.7800 49.15 48.96 52.74 -0.0000 -0.0000 0.0000 46.1182 -122.8961
2007.1521 2007 56 -0.3700 0.7700 0.8600 49.10 49.12 52.78 -0.0000 -0.0000 0.0000 46.1182 -122.8961
2007.1548 2007 57 -0.0300 1.3300 -0.2700 48.77 49.62 52.41 -0.0000 -0.0000 0.0000 46.1182 -122.8961
2007.1575 2007 58 -1.0000 1.3900 -2.5600 48.97 49.60 52.19 -0.0000 -0.0000 0.0000 46.1182 -122.8961
2007.1603 2007 59 1.7100 1.5600 -3.1200 48.86 49.39 52.04 -0.0000 -0.0000 0.0000 46.1182 -122.8961
2007.1630 2007 60 0.9200 2.8400 -7.1700 48.67 49.44 51.79 -0.0000 -0.0000 0.0000 46.1182 -122.8961
2007.1658 2007 61 -0.2600 1.6800 0.5600 48.83 49.74 51.52 -0.0000 -0.0000 0.0000 46.1182 -122.8961
2007.1685 2007 62 -0.4300 1.1100 1.5800 49.29 50.37 50.93 -0.0000 0.0000 0.0000 46.1182 -122.8961
2007.1712 2007 63 -0.5000 1.6100 -1.4400 49.24 50.24 50.51 -0.0000 0.0000 0.0000 46.1182 -122.8961
2007.1740 2007 64 0.8800 1.8100 0.3100 48.80 50.79 50.10 -0.0000 0.0000 0.0000 46.1182 -122.8961
2007.1767 2007 65 -0.5100 2.2100 -1.2900 48.55 50.90 50.01 -0.0000 0.0000 0.0000 46.1182 -122.8961
2007.1795 2007 66 -1.3900 1.7400 2.4800 49.02 51.18 50.20 -0.0000 0.0000 0.0000 46.1182 -122.8961
2007.1822 2007 67 -1.0300 2.1600 2.0000 49.08 51.50 49.72 -0.0000 0.0000 -0.0000 46.1182 -122.8961
2007.1849 2007 68 0.0200 0.8600 2.9000 49.03 51.37 49.44 -0.0000 0.0000 -0.0000 46.1182 -122.8961
2007.1877 2007 69 -0.4900 2.2100 2.1700 49.29 51.29 49.52 -0.0000 0.0000 -0.0000 46.1182 -122.8961
2007.1904 2007 70 -3.5600 -1.0800 -3.1300 48.85 51.29 49.78 -0.0000 0.0000 -0.0000 46.1182 -122.8961
2007.1932 2007 71 2.0900 0.4000 3.3500 48.70 50.74 50.56 -0.0000 0.0000 0.0000 46.1182 -122.8961
2007.1959 2007 72 0.9000 1.4400 -3.4600 48.67 50.84 50.61 -0.0000 0.0000 0.0000 46.1182 -122.8961
2007.1986 2007 73 0.4600 1.7500 -1.9900 48.84 50.93 50.73 -0.0000 0.0000 0.0000 46.1182 -122.8961
2007.2014 2007 74 -0.0900 2.2200 -2.5200 49.04 50.82 50.75 -0.0000 0.0000 0.0000 46.1182 -122.8961
2007.2041 2007 75 -0.4800 2.1100 -3.2600 48.86 50.69 50.58 -0.0000 0.0000 0.0000 46.1182 -122.8961
2007.2068 2007 76 -0.6100 2.2500 0.5900 48.97 50.55 50.60 -0.0000 0.0000 0.0000 46.1182 -122.8961
2007.2096 2007 77 -0.5500 1.6400 1.5600 49.20 50.50 50.30 -0.0000 0.0000 0.0000 46.1182 -122.8961
2007.2123 2007 78 -1.2700 0.7600 -2.6600 49.65 50.33 50.19 -0.0000 0.0000 0.0000 46.1182 -122.8961
2007.2151 2007 79 -1.0600 0.8000 1.4100 49.57 50.63 49.94 -0.0000 0.0000 -0.0000 46.1182 -122.8961
2007.2178 2007 80 -1.0000 1.9600 -0.9000 49.82 50.54 49.67 -0.0000 0.0000 -0.0000 46.1182 -122.8961
2007.2205 2007 81 -0.3300 0.6000 2.4800 50.75 51.11 49.74 0.0000 0.0000 -0.0000 46.1182 -122.8961
2007.2233 2007 82 -0.1300 2.2100 1.4000 50.22 51.40 49.36 0.0000 0.0000 -0.0000 46.1182 -122.8961
2007.2260 2007 83 0.0000 1.3000 6.4400 50.05 51.26 49.57 0.0000 0.0000 -0.0000 46.1182 -122.8961
2007.2288 2007 84 0.4800 1.3900 0.2700 49.97 51.31 49.86 -0.0000 0.0000 -0.0000 46.1182 -122.8961
2007.2315 2007 85 0.5600 1.4900 -1.8000 50.21 50.87 50.19 0.0000 0.0000 0.0000 46.1182 -122.8961
2007.2342 2007 86 -0.3200 2.3100 2.0900 50.61 50.72 50.22 0.0000 0.0000 0.0000 46.1182 -122.8961
2007.2370 2007 87 -0.4400 2.0300 -0.4500 50.80 50.49 50.12 0.0000 0.0000 0.0000 46.1182 -122.8961
2007.2397 2007 88 0.6900 2.7900 -2.6900 51.23 50.75 49.98 0.0000 0.0000 -0.0000 46.1182 -122.8961
2007.2425 2007 89 -0.9700 2.8200 -0.0900 51.21 50.83 50.42 0.0000 0.0000 0.0000 46.1182 -122.8961
2007.2452 2007 90 0.8000 0.8700 -3.1500 51.37 51.02 50.29 0.0000 0.0000 0.0000 46.1182 -122.8961
2007.2479 2007 91 0.9000 1.6000 -4.6600 51.84 50.93 50.12 0.0000 0.0000 0.0000 46.1182 -122.8961
2007.2507 2007 92 0.3600 2.3700 -5.9400 51.99 51.45 49.64 0.0000 0.0000 -0.0000 46.1182 -122.8961
2007.2534 2007 93 0.7900 1.8600 -4.1600 52.15 51.33 49.61 0.0000 0.0000 -0.0000 46.1182 -122.8961
2007.2562 2007 94 0.1000 2.0000 0.5700 52.26 51.24 49.29 0.0000 0.0000 -0.0000 46.1182 -122.8961
2007.2589 2007 95 0.3000 1.1700 2.3300 52.09 51.35 49.21 0.0000 0.0000 -0.0000 46.1182 -122.8961
2007.2616 2007 96 0.7800 1.4700 -4.5100 52.12 51.38 49.31 0.0000 0.0000 -0.0000 46.1182 -122.8961
2007.2644 2007 97 0.7600 1.9100 0.7000 52.27 51.28 49.05 0.0000 0.0000 -0.0000 46.1182 -122.8961
2007.2671 2007 98 1.3700 4.3000 -1.7700 52.19 51.27 49.04 0.0000 0.0000 -0.0000 46.1182 -122.8961
2007.2699 2007 99 -2.0900 0.7100 7.9700 51.88 50.99 49.23 0.0000 0.0000 -0.0000 46.1182 -122.8961
2007.2726 2007 100 -0.0700 1.6500 2.3400 52.26 50.57 49.31 0.0000 0.0000 -0.0000 46.1182 -122.8961
2007.2753 2007 101 0.0000 1.7000 -3.6400 51.98 50.78 49.66 0.0000 0.0000 -0.0000 46.1182 -122.8961
2007.2781 2007 102 -0.3100 2.1500 -0.8600 51.22 50.39 49.81 0.0000 0.0000 -0.0000 46.1182 -122.8961
2007.2808 2007 103 1.1100 1.8500 1.3800 51.52 50.02 50.32 0.0000 0.0000 0.0000 46.1182 -122.8961
2007.2836 2007 104 1.1000 0.8600 2.6800 51.37 49.98 50.38 0.0000 -0.0000 0.0000 46.1182 -122.8961
2007.2863 2007 105 0.1100 1.9800 -0.0900 51.29 49.91 50.21 0.0000 -0.0000 0.0000 46.1182 -122.8961
2007.2890 2007 106 0.5000 1.4200 -1.4300 51.05 50.28 50.01 0.0000 0.0000 0.0000 46.1182 -122.8961
2007.2918 2007 107 0.9300 1.6400 -1.7100 50.79 50.61 50.40 0.0000 0.0000 0.0000 46.1182 -122.8961
2007.2945 2007 108 -0.0500 2.3000 -3.8300 50.33 50.56 50.40 0.0000 0.0000 0.0000 46.1182 -122.8961
2007.2973 2007 109 0.1400 1.2400 -2.1200 49.68 49.73 50.47 -0.0000 -0.0000 0.0000 46.1182 -122.8961
2007.3000 2007 110 0.6400 1.7600 -0.9100 50.36 50.04 49.72 0.0000 0.0000 -0.0000 46.1182 -122.8961
2007.3027 2007 111 0.0800 1.0200 1.2400 50.24 49.82 49.61 0.0000 -0.0000 -0.0000 46.1182 -122.8961
2007.3055 2007 112 0.2000 1.8900 -1.8800 49.79 49.58 49.62 -0.0000 -0.0000 -0.0000 46.1182 -122.8961
2007.3082 2007 113 -0.0300 2.1400 -2.2600 49.90 49.43 49.71 -0.0000 -0.0000 -0.0000 46.1182 -122.8961
2007.3110 2007 114 -0.2200 2.0900 -3.1500 49.39 49.31 49.61 -0.0000 -0.0000 -0.0000 46.1182 -122.8961
2007.3137 2007 115 -0.8300 1.8300 -1.2200 49.09 49.64 49.44 -0.0000 -0.0000 -0.0000 46.1182 -122.8961
2007.3164 2007 116 -0.5500 2.4400 2.2100 49.10 49.53 49.34 -0.0000 -0.0000 -0.0000 46.1182 -122.8961
2007.3192 2007 117 0.8800 3.0000 3.8600 49.07 49.59 49.27 -0.0000 -0.0000 -0.0000 46.1182 -122.8961
2007.3219 2007 118 -0.2400 1.1600 0.8900 48.81 49.53 49.50 -0.0000 -0.0000 -0.0000 46.1182 -122.8961
2007.3247 2007 119 -0.2200 1.3600 -2.9800 48.89 49.41 49.58 -0.0000 -0.0000 -0.0000 46.1182 -122.8961
2007.3274 2007 120 0.8800 2.4100 -0.5400 49.07 49.54 49.76 -0.0000 -0.0000 -0.0000 46.1182 -122.8961
2007.3301 2007 121 0.0500 0.9800 0.8400 48.84 49.68 49.70 -0.0000 -0.0000 -0.0000 46.1182 -122.8961
2007.3329 2007 122 -1.6900 -0.0100 -5.1100 48.91 49.69 49.33 -0.0000 -0.0000 -0.0000 46.1182 -122.8961
2007.3356 2007 123 0.4300 2.6000 -1.0500 49.11 49.69 49.22 -0.0000 -0.0000 -0.0000 46.1182 -122.8961
2007.3384 2007 124 -1.0200 0.5000 -0.6000 49.11 49.74 49.11 -0.0000 -0.0000 -0.0000 46.1182 -122.8961
2007.3411 2007 125 0.1200 3.1200 -2.8100 49.36 49.70 49.08 -0.0000 -0.0000 -0.0000 46.1182 -122.8961
2007.3438 2007 126 -0.1300 1.7200 -2.2400 49.57 49.65 49.12 -0.0000 -0.0000 -0.0000 46.1182 -122.8961
2007.3466 2007 127 0.2100 1.8000 -2.5300 49.86 49.34 48.94 -0.0000 -0.0000 -0.0000 46.1182 -122.8961
2007.3493 2007 128 0.4200 0.3500 0.1500 49.84 48.91 48.37 -0.0000 -0.0000 -0.0000 46.1182 -122.8961
2007.3521 2007 129 0.7700 1.5300 -4.5300 50.24 49.06 48.35 0.0000 -0.0000 -0.0000 46.1182 -122.8961
2007.3548 2007 130 0.7300 0.5400 2.4000 50.66 49.52 48.55 0.0000 -0.0000 -0.0000 46.1182 -122.8961
2007.3575 2007 131 0.7300 1.7300 -3.2600 50.09 49.09 48.88 0.0000 -0.0000 -0.0000 46.1182 -122.8961
2007.3603 2007 132 -0.2100 1.3600 -3.4600 50.14 49.27 48.91 0.0000 -0.0000 -0.0000 46.1182 -122.8961
2007.3630 2007 133 0.7500 2.2600 -2.1400 50.72 49.74 49.28 0.0000 -0.0000 -0.0000 46.1182 -122.8961
2007.3658 2007 134 -0.4500 2.2900 -1.7200 50.77 49.65 49.14 0.0000 -0.0000 -0.0000 46.1182 -122.8961
2007.3685 2007 135 0.3200 1.9900 -2.9500 51.22 50.04 49.38 0.0000 0.0000 -0.0000 46.1182 -122.8961
2007.3712 2007 136 -0.4800 1.1400 -2.0700 51.52 49.52 49.86 0.0000 -0.0000 -0.0000 46.1182 -122.8961
2007.3740 2007 137 0.5000 1.3200 -1.5800 51.56 49.45 50.16 0.0000 -0.0000 0.0000 46.1182 -122.8961
2007.3767 2007 138 0.8600 1.0400 -0.8800 51.57 49.34 50.33 0.0000 -0.0000 0.0000 46.1182 -122.8961
2007.3795 2007 139 1.4400 1.5800 0.5600 51.54 49.67 50.19 0.0000 -0.0000 0.0000 46.1182 -122.8961
2007.3822 2007 140 1.0000 1.4900 -0.0400 51.24 49.88 50.49 0.0000 -0.0000 0.0000 46.1182 -122.8961
2007.3849 2007 141 0.7600 1.3800 -1.9100 50.88 50.44 50.10 0.0000 0.0000 0.0000 46.1182 -122.8961
2007.3877 2007 142 0.4800 1.4900 -0.1400 50.98 50.53 50.60 0.0000 0.0000 0.0000 46.1182 -122.8961
2007.3904 2007 143 0.0000 1.4300 -0.2400 51.25 50.18 51.36 0.0000 0.0000 0.0000 46.1182 -122.8961
2007.3932 2007 144 1.3300 2.3900 -3.5100 51.01 50.08 51.70 0.0000 0.0000 0.0000 46.1182 -122.8961
2007.3959 2007 145 -0.3700 1.8300 1.8800 51.10 49.88 52.00 0.0000 -0.0000 0.0000 46.1182 -122.8961
2007.3986 2007 146 1.0000 1.8600 0.6200 51.11 49.88 52.34 0.0000 -0.0000 0.0000 46.1182 -122.8961
2007.4014 2007 147 -0.1100 1.2800 0.9700 51.10 49.99 52.37 0.0000 -0.0000 0.0000 46.1182 -122.8961
2007.4041 2007 148 0.0600 1.4700 -0.5100 50.96 50.03 52.83 0.0000 0.0000 0.0000 46.1182 -122.8961
2007.4068 2007 149 -0.2600 1.1200 -0.5700 50.81 50.21 53.15 0.0000 0.0000 0.0000 46.1182 -122.8961
2007.4096 2007 150 -0.2100 2.0400 -0.6500 50.42 50.34 53.38 0.0000 0.0000 0.0000 46.1182 -122.8961
2007.4123 2007 151 -0.9500 2.3400 0.0800 50.21 50.26 53.41 0.0000 0.0000 0.0000 46.1182 -122.8961
2007.4151 2007 152 1.6100 2.0300 0.9500 50.11 50.41 53.57 0.0000 0.0000 0.0000 46.1182 -122.8961
2007.4178 2007 153 1.3300 0.1100 2.6700 50.11 50.52 53.40 0.0000 0.0000 0.0000 46.1182 -122.8961
2007.4205 2007 154 -0.4100 1.9800 1.3700 49.90 50.24 53.34 -0.0000 0.0000 0.0000 46.1182 -122.8961
2007.4233 2007 155 -0.2500 1.4600 1.8800 49.72 50.13 53.53 -0.0000 0.0000 0.0000 46.1182 -122.8961
2007.4260 2007 156 0.9500 1.9400 0.8300 49.68 49.74 53.20 -0.0000 -0.0000 0.0000 46.1182 -122.8961
2007.4288 2007 157 -0.1900 1.3200 -2.2100 49.32 49.76 52.68 -0.0000 -0.0000 0.0000 46.1182 -122.8961
2007.4315 2007 158 0.5300 0.9400 2.3300 49.24 49.88 52.34 -0.0000 -0.0000 0.0000 46.1182 -122.8961
2007.4342 2007 159 -0.3100 0.8800 0.3900 49.32 49.98 52.36 -0.0000 -0.0000 0.0000 46.1182 -122.8961
2007.4370 2007 160 0.4300 2.4600 3.7000 49.48 49.81 52.33 -0.0000 -0.0000 0.0000 46.1182 -122.8961
2007.4397 2007 161 0.6900 1.1300 2.6800 49.58 49.61 52.12 -0.0000 -0.0000 0.0000 46.1182 -122.8961
2007.4425 2007 162 -0.0900 1.5600 -0.4600 49.83 48.96 52.35 -0.0000 -0.0000 0.0000 46.1182 -122.8961
2007.4452 2007 163 0.9700 2.5600 -3.9000 49.39 48.53 51.88 -0.0000 -0.0000 0.0000 46.1182 -122.8961
2007.4479 2007 164 0.6200 0.8400 4.5800 48.92 49.00 51.20 -0.0000 -0.0000 0.0000 46.1182 -122.8961
2007.4507 2007 165 1.2400 1.4800 -2.7200 49.18 48.82 50.81 -0.0000 -0.0000 0.0000 46.1182 -122.8961
2007.4534 2007 166 0.1700 0.6800 -1.9300 49.22 48.76 50.24 -0.0000 -0.0000 0.0000 46.1182 -122.8961
2007.4562 2007 167 -0.4500 0.2500 -6.0300 48.84 48.57 49.70 -0.0000 -0.0000 -0.0000 46.1182 -122.8961
2007.4589 2007 168 -0.5900 1.4400 -2.5000 48.66 48.40 49.66 -0.0000 -0.0000 -0.0000 46.1182 -122.8961
2007.4616 2007 169 0.3900 1.6300 2.5800 48.58 48.39 49.25 -0.0000 -0.0000 -0.0000 46.1182 -122.8961
2007.4644 2007 170 0.0800 1.2500 -2.4900 48.94 48.48 48.99 -0.0000 -0.0000 -0.0000 46.1182 -122.8961
2007.4671 2007 171 -0.6700 1.5100 0.9200 48.83 47.95 48.39 -0.0000 -0.0000 -0.0000 46.1182 -122.8961
2007.4699 2007 172 -1.0600 1.1800 0.9900 48.55 47.92 48.00 -0.0000 -0.0000 -0.0000 46.1182 -122.8961
2007.4726 2007 173 -0.3700 -0.4900 -0.7000 48.46 47.83 47.70 -0.0000 -0.0000 -0.0000 46.1182 -122.8961
2007.4753 2007 174 -0.2300 1.3200 -0.4800 48.13 47.27 48.00 -0.0000 -0.0000 -0.0000 46.1182 -122.8961
2007.4781 2007 175 0.1400 0.2100 -0.3900 47.67 47.32 47.44 -0.0000 -0.0000 -0.0000 46.1182 -122.8961
2007.4808 2007 176 0.1600 -0.2400 -4.5800 47.15 47.20 47.64 -0.0001 -0.0000 -0.0000 46.1182 -122.8961
2007.4836 2007 177 -0.6500 0.5400 -4.5300 47.00 47.19 47.68 -0.0102 -0.0000 -0.0000 46.1182 -122.8961
2007.4863 2007 178 -0.8900 0.3500 -3.4500 47.04 47.55 48.15 -0.0031 -0.0000 -0.0000 46.1182 -122.8961
2007.4890 2007 179 0.1700 0.3600 -0.8900 47.16 47.38 48.24 -0.0000 -0.0000 -0.0000 46.1182 -122.8961
2007.4918 2007 180 0.7000 1.2900 -3.9800 46.84 47.10 48.08 -0.0649 -0.0000 -0.0000 46.1182 -122.8961
2007.4945 2007 181 -0.9200 -0.1400 -6.0100 46.60 46.76 48.37 -0.0711 -0.0000 -0.0000 46.1182 -122.8961
2007.4973 2007 182 -1.0400 0.5200 -2.9600 46.56 46.57 48.23 -0.0451 -0.0000 -0.0000 46.1182 -122.8961
2007.5000 2007 183 -1.1100 1.1400 -5.8200 46.35 46.79 48.29 -0.0153 -0.0000 -0.0000 46.1182 -122.8961
2007.5027 2007 184 -0.3200 -0.1700 -2.1500 46.49 47.27 48.39 -0.0225 -0.0000 -0.0000 46.1182 -122.8961
2007.5055 2007 185 -1.3900 0.6100 -2.6300 46.73 46.81 48.53 -0.1339 -0.0000 -0.0000 46.1182 -122.8961
2007.5082 2007 186 -1.4000 -0.3200 2.5800 46.59 47.08 48.52 -0.0617 -0.0000 -0.0000 46.1182 -122.8961
2007.5110 2007 187 -0.1700 -0.4600 -5.9900 46.51 47.52 49.16 -0.0323 -0.0000 -0.0000 46.1182 -122.8961
2007.5137 2007 188 -1.3400 1.1000 -2.0600 46.62 47.85 49.61 -0.0993 -0.0000 -0.0000 46.1182 -122.8961
2007.5164 2007 189 -0.3600 0.4300 -4.4000 46.67 47.93 49.83 -0.1236 -0.0000 -0.0000 46.1182 -122.8961
2007.5192 2007 190 -1.1200 -0.1700 2.0500 46.40 48.18 49.96 -0.0200 -0.0000 -0.0000 46.1182 -122.8961
2007.5219 2007 191 -0.9300 -1.0300 2.3900 46.11 48.07 50.25 -0.0113 -0.0000 0.0000 46.1182 -122.8961
2007.5247 2007 192 -1.2100 -0.4600 -0.8900 46.13 48.54 50.92 -0.0117 -0.0000 0.0000 46.1182 -122.8961
2007.5274 2007 193 -2.3200 1.6100 3.2300 46.58 48.75 51.26 -0.0530 -0.0000 0.0000 46.1182 -122.8961
2007.5301 2007 194 -1.3900 0.6200 0.3600 46.76 48.73 51.63 -0.1245 -0.0000 0.0000 46.1182 -122.8961
2007.5329 2007 195 -0.3200 -0.9600 0.0500 46.99 49.19 51.59 -0.0154 -0.0000 0.0000 46.1182 -122.8961
2007.5356 2007 196 -0.1000 0.3900 -2.5000 47.38 49.15 51.97 -0.0000 -0.0000 0.0000 46.1182 -122.8961
2007.5384 2007 197 0.1500 1.3600 7.0700 47.90 49.57 51.67 -0.0000 -0.0000 0.0000 46.1182 -122.8961
2007.5411 2007 198 -1.9100 1.5300 3.2200 47.84 49.84 51.87 -0.0000 -0.0000 0.0000 46.1182 -122.8961
2007.5438 2007 199 -1.5000 -0.1100 1.9000 47.95 49.67 51.77 -0.0000 -0.0000 0.0000 46.1182 -122.8961
2007.5466 2007 200 -2.0600 1.8700 -0.8700 47.92 49.80 52.00 -0.0000 -0.0000 0.0000 46.1182 -122.8961
2007.5493 2007 201 0.1300 0.8100 -0.3300 48.20 50.28 51.76 -0.0000 0.0000 0.0000 46.1182 -122.8961
2007.5521 2007 202 -2.7600 0.8000 2.3600 48.25 50.92 51.49 -0.0000 0.0000 0.0000 46.1182 -122.8961
2007.5548 2007 203 0.0500 1.6000 0.7500 48.50 51.25 51.81 -0.0000 0.0000 0.0000 46.1182 -122.8961
2007.5575 2007 204 -1.3100 0.3600 -1.1900 49.02 50.96 51.64 -0.0000 0.0000 0.0000 46.1182 -122.8961
2007.5603 2007 205 -0.5700 0.4800 -1.3200 49.27 50.82 51.67 -0.0000 0.0000 0.0000 46.1182 -122.8961
2007.5630 2007 206 -1.3800 0.0200 -0.8700 49.28 51.24 51.60 -0.0000 0.0000 0.0000 46.1182 -122.8961
2007.5658 2007 207 -1.4900 1.0000 1.1300 49.28 51.17 51.75 -0.0000 0.0000 0.0000 46.1182 -122.8961
2007.5685 2007 208 -1.3600 0.3200 -5.1000 49.08 50.87 50.92 -0.0000 0.0000 0.0000 46.1182 -122.8961
2007.5712 2007 209 -1.8100 0.7400 -0.5500 49.37 50.59 50.68 -0.0000 0.0000 0.0000 46.1182 -122.8961
2007.5740 2007 210 -0.2400 0.2600 -0.7900 49.58 50.66 50.45 -0.0000 0.0000 0.0000 46.1182 -122.8961
2007.5767 2007 211 -1.0800 1.6500 -3.7700 50.17 50.24 50.47 0.0000 0.0000 0.0000 46.1182 -122.8961
2007.5795 2007 212 -2.1500 1.5800 0.7300 50.10 50.24 50.33 0.0000 0.0000 0.0000 46.1182 -122.8961
2007.5822 2007 213 0.2600 0.0700 5.3000 50.63 50.16 49.75 0.0000 0.0000 -0.0000 46.1182 -122.8961
2007.5849 2007 214 0.4800 -0.2100 1.2200 50.33 49.82 49.59 0.0000 -0.0000 -0.0000 46.1182 -122.8961
2007.5877 2007 215 -0.6800 0.6400 2.1100 50.61 50.11 49.40 0.0000 0.0000 -0.0000 46.1182 -122.8961
2007.5904 2007 216 -0.3700 -0.0700 -1.2100 50.54 49.90 49.49 0.0000 -0.0000 -0.0000 46.1182 -122.8961
2007.5932 2007 217 -0.4700 0.0500 -0.7600 50.57 49.99 49.50 0.0000 -0.0000 -0.0000 46.1182 -122.8961
2007.5959 2007 218 -1.8200 0.7300 -1.9600 50.58 49.61 49.60 0.0000 -0.0000 -0.0000 46.1182 -122.8961
2007.5986 2007 219 -1.0300 0.5300 3.5300 50.73 49.72 49.68 0.0000 -0.0000 -0.0000 46.1182 -122.8961
2007.6014 2007 220 -0.3400 -0.0200 0.6800 50.91 49.90 49.69 0.0000 -0.0000 -0.0000 46.1182 -122.8961
2007.6041 2007 221 0.3000 0.4600 -0.3900 50.84 49.87 49.53 0.0000 -0.0000 -0.0000 46.1182 -122.8961
2007.6068 2007 222 -1.2300 0.5500 -0.6000 50.99 49.26 50.03 0.0000 -0.0000 0.0000 46.1182 -122.8961
2007.6096 2007 223 -0.3400 0.9500 -4.3000 51.37 48.68 49.84 0.0000 -0.0000 -0.0000 46.1182 -122.8961
2007.6123 2007 224 -1.3100 0.4700 0.0800 51.15 48.68 49.19 0.0000 -0.0000 -0.0000 46.1182 -122.8961
2007.6151 2007 225 0.7000 1.3700 -2.0400 50.62 48.90 49.14 0.0000 -0.0000 -0.0000 46.1182 -122.8961
2007.6178 2007 226 -1.3500 -0.2600 1.8000 50.47 48.83 49.00 0.0000 -0.0000 -0.0000 46.1182 -122.8961
2007.6205 2007 227 -1.1000 0.1600 1.0500 50.15 48.96 49.24 0.0000 -0.0000 -0.0000 46.1182 -122.8961
2007.6233 2007 228 -1.5000 -0.1700 2.2100 50.17 49.12 49.13 0.0000 -0.0000 -0.0000 46.1182 -122.8961
2007.6260 2007 229 -1.2400 1.4700 -2.3200 50.58 49.25 49.52 0.0000 -0.0000 -0.0000 46.1182 -122.8961
2007.6288 2007 230 -0.7800 1.4600 1.0900 50.54 49.38 49.25 0.0000 -0.0000 -0.0000 46.1182 -122.8961
2007.6315 2007 231 -0.6700 -0.0500 -1.2400 50.44 49.45 49.12 0.0000 -0.0000 -0.0000 46.1182 -122.8961
2007.6342 2007 232 0.1300 -0.5400 2.4500 49.92 49.51 49.13 -0.0000 -0.0000 -0.0000 46.1182 -122.8961
2007.6370 2007 233 -0.3300 0.1300 -6.2800 50.18 49.41 48.94 0.0000 -0.0000 -0.0000 46.1182 -122.8961
2007.6397 2007 234 -0.2200 0.3600 -4.7000 49.95 49.12 49.25 -0.0000 -0.0000 -0.0000 46.1182 -122.8961
2007.6425 2007 235 -1.1300 -0.2800 -1.9700 50.25 49.29 49.11 0.0000 -0.0000 -0.0000 46.1182 -122.8961
2007.6452 2007 236 -1.2200 0.2700 0.3000 49.96 48.77 48.98 -0.0000 -0.0000 -0.0000 46.1182 -122.8961
2007.6479 2007 237 -2.5200 1.3200 3.5600 50.19 48.50 48.61 0.0000 -0.0000 -0.0000 46.1182 -122.8961
2007.6507 2007 238 -0.6300 0.6900 -1.7800 50.40 48.51 48.45 0.0000 -0.0000 -0.0000 46.1182 -122.8961
2007.6534 2007 239 -0.3000 0.9000 -2.9600 50.67 48.67 48.29 0.0000 -0.0000 -0.0000 46.1182 -122.8961
2007.6562 2007 240 -0.7200 0.4400 -2.7200 50.91 48.21 48.08 0.0000 -0.0000 -0.0000 46.1182 -122.8961
2007.6589 2007 241 -0.1400 0.4300 -3.9300 51.14 47.89 47.88 0.0000 -0.0000 -0.0000 46.1182 -122.8961
2007.6616 2007 242 -1.7000 -0.6600 0.3800 51.40 47.97 47.87 0.0000 -0.0000 -0.0000 46.1182 -122.8961
2007.6644 2007 243 -0.4500 -0.3500 -6.1700 51.32 48.28 47.31 0.0000 -0.0000 -0.0000 46.1182 -122.8961
2007.6671 2007 244 0.1000 -0.4900 -4.0400 NaN NaN NaN 0.0000 0.0000 0.0000 46.1182 -122.8961
2007.6699 2007 245 -0.4800 0.1700 -4.2400 NaN NaN NaN 0.0000 0.0000 0.0000 46.1182 -122.8961
2007.6726 2007 246 0.5000 -0.3800 -6.3500 NaN NaN NaN 0.0000 0.0000 0.0000 46.1182 -122.8961
2007.6753 2007 247 -0.5500 -2.5800 -4.5300 NaN NaN NaN 0.0000 0.0000 0.0000 46.1182 -122.8961
2007.6781 2007 248 0.4900 0.3500 -1.0400 NaN NaN NaN 0.0000 0.0000 0.0000 46.1182 -122.8961
2007.6808 2007 249 0.1700 -0.5900 -0.7800 NaN NaN NaN 0.0000 0.0000 0.0000 46.1182 -122.8961
2007.6836 2007 250 0.3500 -0.1900 -4.7100 NaN NaN NaN 0.0000 0.0000 0.0000 46.1182 -122.8961
2007.6863 2007 251 1.5300 0.1300 -2.2300 NaN NaN NaN 0.0000 0.0000 0.0000 46.1182 -122.8961
2007.6890 2007 252 0.7600 0.1600 -1.9200 NaN NaN NaN 0.0000 0.0000 0.0000 46.1182 -122.8961
2007.6918 2007 253 0.6400 -1.0500 -4.8400 NaN NaN NaN 0.0000 0.0000 0.0000 46.1182 -122.8961
