2005.0863 2005 32 0.9400 1.0600 -4.5700 49.01 50.57 51.45 -0.0000 0.0000 0.0000 44.5850 -124.0619
2005.0890 2005 33 2.1700 2.1900 -2.4000 49.01 50.35 51.18 -0.0000 0.0000 0.0000 44.5850 -124.0619
2005.0918 2005 34 0.5200 1.7900 -2.3200 48.84 50.24 50.36 -0.0000 0.0000 0.0000 44.5850 -124.0619
2005.0945 2005 35 2.7300 1.9100 0.3100 49.10 50.40 50.45 -0.0000 0.0000 0.0000 44.5850 -124.0619
2005.0973 2005 36 2.8300 1.7900 0.6000 48.82 50.86 50.17 -0.0000 0.0000 0.0000 44.5850 -124.0619
2005.1000 2005 37 0.4400 1.1400 5.6600 48.61 51.17 49.94 -0.0000 0.0000 -0.0000 44.5850 -124.0619
2005.1027 2005 38 1.5400 0.6000 4.0100 49.46 51.29 49.77 -0.0000 0.0000 -0.0000 44.5850 -124.0619
2005.1055 2005 39 1.6600 1.9300 -3.4700 49.85 51.47 49.91 -0.0000 0.0000 -0.0000 44.5850 -124.0619
2005.1082 2005 40 1.7900 0.8600 -2.7500 50.17 50.73 49.79 0.0000 0.0000 -0.0000 44.5850 -124.0619
2005.1110 2005 41 0.3500 2.3600 -1.7900 50.51 50.23 50.02 0.0000 0.0000 0.0000 44.5850 -124.0619
2005.1137 2005 42 0.3400 1.5200 0.4600 50.43 50.19 50.22 0.0000 0.0000 0.0000 44.5850 -124.0619
2005.1164 2005 43 -1.6400 0.9200 1.5400 50.58 50.25 50.59 0.0000 0.0000 0.0000 44.5850 -124.0619
2005.1192 2005 44 -2.0900 0.4900 -6.6400 50.23 50.07 50.54 0.0000 0.0000 0.0000 44.5850 -124.0619
2005.1219 2005 45 -2.1200 1.9500 -1.3200 50.22 50.06 50.64 0.0000 0.0000 0.0000 44.5850 -124.0619
2005.1247 2005 46 0.4500 2.1400 -7.0000 49.93 50.05 50.46 -0.0000 0.0000 0.0000 44.5850 -124.0619
2005.1274 2005 47 1.9200 2.7200 -3.0000 49.62 49.81 50.52 -0.0000 -0.0000 0.0000 44.5850 -124.0619
2005.1301 2005 48 2.2600 1.7300 -0.9200 49.40 49.91 49.85 -0.0000 -0.0000 -0.0000 44.5850 -124.0619
2005.1329 2005 49 0.7100 2.2300 4.2800 49.17 50.16 49.62 -0.0000 0.0000 -0.0000 44.5850 -124.0619
2005.1356 2005 50 1.5700 0.2600 -6.0300 48.52 50.40 49.79 -0.0000 0.0000 -0.0000 44.5850 -124.0619
2005.1384 2005 51 2.3000 -1.1000 -0.7800 48.27 50.43 49.72 -0.0000 0.0000 -0.0000 44.5850 -124.0619
2005.1411 2005 52 -0.5400 1.6800 -2.8700 48.24 50.08 49.91 -0.0000 0.0000 -0.0000 44.5850 -124.0619
2005.1438 2005 53 0.6900 1.9100 -1.2200 48.32 50.01 49.95 -0.0000 0.0000 -0.0000 44.5850 -124.0619
2005.1466 2005 54 -1.3200 1.9300 -1.8000 48.35 50.04 50.01 -0.0000 0.0000 0.0000 44.5850 -124.0619
2005.1493 2005 55 -0.6100 2.5600 3.4300 48.62 50.46 50.68 -0.0000 0.0000 0.0000 44.5850 -124.0619
2005.1521 2005 56 0.2100 1.6100 -1.6500 48.80 50.17 50.45 -0.0000 0.0000 0.0000 44.5850 -124.0619
2005.1548 2005 57 -0.2500 1.5500 4.2500 49.03 49.71 50.94 -0.0000 -0.0000 0.0000 44.5850 -124.0619
2005.1575 2005 58 -2.3600 0.2300 0.8300 48.98 49.20 51.26 -0.0000 -0.0000 0.0000 44.5850 -124.0619
2005.1603 2005 59 -0.0600 0.1400 2.2100 48.47 49.04 51.26 -0.0000 -0.0000 0.0000 44.5850 -124.0619
2005.1630 2005 60 -2.8800 0.7300 4.5800 48.17 48.59 50.95 -0.0000 -0.0000 0.0000 44.5850 -124.0619
2005.1658 2005 61 -0.1600 1.0900 -1.9600 47.79 49.14 51.29 -0.0000 -0.0000 0.0000 44.5850 -124.0619
2005.1685 2005 62 -0.7300 1.5900 -0.2100 47.50 50.00 51.22 -0.0000 -0.0000 0.0000 44.5850 -124.0619
2005.1712 2005 63 1.0200 1.1300 3.5600 47.72 49.99 51.19 -0.0000 -0.0000 0.0000 44.5850 -124.0619
2005.1740 2005 64 -1.7900 0.9100 -0.7200 47.91 49.74 51.14 -0.0000 -0.0000 0.0000 44.5850 -124.0619
2005.1767 2005 65 -1.7300 3.0800 -0.3200 48.58 49.55 51.11 -0.0000 -0.0000 0.0000 44.5850 -124.0619
2005.1795 2005 66 -0.8900 0.9500 -5.7400 48.89 49.16 51.04 -0.0000 -0.0000 0.0000 44.5850 -124.0619
2005.1822 2005 67 -0.0400 0.6200 2.9100 49.42 49.16 51.23 -0.0000 -0.0000 0.0000 44.5850 -124.0619
2005.1849 2005 68 0.9400 0.6700 3.4700 49.97 48.87 51.35 -0.0000 -0.0000 0.0000 44.5850 -124.0619
2005.1877 2005 69 2.6800 1.2000 -0.9100 50.60 49.02 51.68 0.0000 -0.0000 0.0000 44.5850 -124.0619
2005.1904 2005 70 -0.7200 1.1700 -3.8900 51.01 48.99 51.73 0.0000 -0.0000 0.0000 44.5850 -124.0619
2005.1932 2005 71 -0.4700 2.0300 0.7200 51.72 48.94 51.47 0.0000 -0.0000 0.0000 44.5850 -124.0619
2005.1959 2005 72 1.3700 2.0500 2.8400 51.86 48.97 51.53 0.0000 -0.0000 0.0000 44.5850 -124.0619
2005.1986 2005 73 0.9000 1.8300 -0.1500 52.17 48.97 51.52 0.0000 -0.0000 0.0000 44.5850 -124.0619
2005.2014 2005 74 2.8400 1.2100 0.4000 52.17 49.09 51.16 0.0000 -0.0000 0.0000 44.5850 -124.0619
2005.2041 2005 75 2.9000 0.7200 -2.0800 52.31 48.99 51.40 0.0000 -0.0000 0.0000 44.5850 -124.0619
2005.2068 2005 76 1.8800 1.0600 7.1100 52.42 48.12 51.37 0.0000 -0.0000 0.0000 44.5850 -124.0619
2005.2096 2005 77 3.7100 1.4500 2.5100 52.32 48.16 51.90 0.0000 -0.0000 0.0000 44.5850 -124.0619
2005.2123 2005 78 2.8300 -0.2900 12.0900 52.33 48.33 51.67 0.0000 -0.0000 0.0000 44.5850 -124.0619
2005.2151 2005 79 1.8800 0.4200 7.4000 52.40 48.75 51.39 0.0000 -0.0000 0.0000 44.5850 -124.0619
2005.2178 2005 80 2.9800 -0.3300 2.2400 52.42 48.97 51.33 0.0000 -0.0000 0.0000 44.5850 -124.0619
2005.2205 2005 81 0.7500 -0.3900 3.9500 52.82 49.01 51.67 0.0000 -0.0000 0.0000 44.5850 -124.0619
2005.2233 2005 82 -0.3500 1.4400 0.9100 53.07 48.65 51.60 0.0000 -0.0000 0.0000 44.5850 -124.0619
2005.2260 2005 83 1.8900 0.9100 0.8900 53.02 47.89 51.58 0.0000 -0.0000 0.0000 44.5850 -124.0619
2005.2288 2005 84 1.6700 1.5300 -6.2100 52.91 47.78 51.64 0.0000 -0.0000 0.0000 44.5850 -124.0619
2005.2315 2005 85 -0.3600 0.2400 6.4100 52.48 48.09 51.65 0.0000 -0.0000 0.0000 44.5850 -124.0619
2005.2342 2005 86 -0.2600 0.1300 5.6000 52.05 48.29 51.86 0.0000 -0.0000 0.0000 44.5850 -124.0619
2005.2370 2005 87 -0.9200 0.4600 9.8700 51.69 48.60 51.67 0.0000 -0.0000 0.0000 44.5850 -124.0619
2005.2397 2005 88 -0.4500 0.4900 4.6100 51.05 48.57 51.63 0.0000 -0.0000 0.0000 44.5850 -124.0619
2005.2425 2005 89 0.8700 1.4200 0.0700 50.76 49.27 51.14 0.0000 -0.0000 0.0000 44.5850 -124.0619
2005.2452 2005 90 3.2900 1.9600 -3.3700 50.40 49.34 50.71 0.0000 -0.0000 0.0000 44.5850 -124.0619
2005.2479 2005 91 2.2800 0.5600 0.1600 49.99 49.43 50.73 -0.0000 -0.0000 0.0000 44.5850 -124.0619
2005.2507 2005 92 0.5600 1.4700 6.1900 49.58 49.88 50.56 -0.0000 -0.0000 0.0000 44.5850 -124.0619
2005.2534 2005 93 0.1900 0.6100 6.6800 49.52 49.68 50.48 -0.0000 -0.0000 0.0000 44.5850 -124.0619
2005.2562 2005 94 0.9700 1.3000 5.4000 49.16 49.98 50.11 -0.0000 -0.0000 0.0000 44.5850 -124.0619
2005.2589 2005 95 0.1700 2.3900 2.9800 49.06 49.71 50.45 -0.0000 -0.0000 0.0000 44.5850 -124.0619
2005.2616 2005 96 1.9700 0.5300 5.4900 48.95 49.97 50.05 -0.0000 -0.0000 0.0000 44.5850 -124.0619
2005.2644 2005 97 0.0800 1.2100 4.4600 48.88 50.54 49.53 -0.0000 0.0000 -0.0000 44.5850 -124.0619
2005.2671 2005 98 0.0300 1.0100 5.4300 48.95 50.62 48.78 -0.0000 0.0000 -0.0000 44.5850 -124.0619
2005.2699 2005 99 2.2600 2.2700 4.1600 48.95 50.83 48.48 -0.0000 0.0000 -0.0000 44.5850 -124.0619
2005.2726 2005 100 1.5900 1.2100 0.0400 49.03 50.69 48.43 -0.0000 0.0000 -0.0000 44.5850 -124.0619
2005.2753 2005 101 1.3700 -0.2900 2.7000 48.77 50.55 48.49 -0.0000 0.0000 -0.0000 44.5850 -124.0619
2005.2781 2005 102 -0.3600 1.6400 -1.4400 48.36 50.73 48.14 -0.0000 0.0000 -0.0000 44.5850 -124.0619
2005.2808 2005 103 -1.0300 0.2600 0.8400 48.40 50.75 47.63 -0.0000 0.0000 -0.0000 44.5850 -124.0619
2005.2836 2005 104 0.5100 2.5600 -10.6900 48.59 51.02 47.14 -0.0000 0.0000 -0.0000 44.5850 -124.0619
2005.2863 2005 105 1.2600 -0.4200 -3.9400 48.41 50.97 46.67 -0.0000 0.0000 -0.0000 44.5850 -124.0619
2005.2890 2005 106 -0.1600 1.8800 -0.3100 48.80 50.63 46.26 -0.0000 0.0000 -0.0000 44.5850 -124.0619
2005.2918 2005 107 0.3400 0.6700 -6.4700 49.10 50.69 45.69 -0.0000 0.0000 -0.0000 44.5850 -124.0619
2005.2945 2005 108 -0.2300 0.2400 -1.5700 49.37 50.52 45.58 -0.0000 0.0000 -0.0000 44.5850 -124.0619
2005.2973 2005 109 -0.8700 2.6900 -3.6800 49.98 50.60 45.18 -0.0000 0.0000 -0.0000 44.5850 -124.0619
2005.3000 2005 110 1.6600 1.4300 -3.8700 50.02 50.00 45.16 0.0000 -0.0000 -0.0000 44.5850 -124.0619
2005.3027 2005 111 1.4100 2.0000 -3.7200 50.11 49.86 45.20 0.0000 -0.0000 -0.0000 44.5850 -124.0619
2005.3055 2005 112 1.2000 1.4200 -6.6500 50.36 50.06 44.75 0.0000 0.0000 -0.0000 44.5850 -124.0619
2005.3082 2005 113 1.7200 0.6100 -3.8400 50.73 49.77 44.71 0.0000 -0.0000 -0.0000 44.5850 -124.0619
2005.3110 2005 114 0.8700 1.0400 -3.7200 51.11 50.06 44.83 0.0000 0.0000 -0.0000 44.5850 -124.0619
2005.3137 2005 115 -0.6000 -0.1900 -3.3700 51.36 49.80 45.45 0.0000 -0.0000 -0.0000 44.5850 -124.0619
2005.3164 2005 116 1.2200 0.4900 -5.9600 51.39 50.18 45.51 0.0000 0.0000 -0.0000 44.5850 -124.0619
2005.3192 2005 117 4.1300 0.8900 -4.3600 51.31 50.02 45.60 0.0000 0.0000 -0.0000 44.5850 -124.0619
2005.3219 2005 118 1.1500 -0.3500 -0.6700 51.20 49.86 45.97 0.0000 -0.0000 -0.0000 44.5850 -124.0619
2005.3247 2005 119 2.6500 1.2100 -3.3200 51.36 50.03 46.47 0.0000 0.0000 -0.0000 44.5850 -124.0619
2005.3274 2005 120 2.1600 -0.5500 -3.4600 51.50 49.67 46.82 0.0000 -0.0000 -0.0000 44.5850 -124.0619
2005.3301 2005 121 2.1700 0.9400 -5.6000 51.39 49.76 46.93 0.0000 -0.0000 -0.0000 44.5850 -124.0619
2005.3329 2005 122 2.2800 2.0900 -9.0200 51.72 49.77 47.07 0.0000 -0.0000 -0.0000 44.5850 -124.0619
2005.3356 2005 123 2.0600 1.1400 -7.1600 51.74 49.70 47.51 0.0000 -0.0000 -0.0000 44.5850 -124.0619
2005.3384 2005 124 1.8300 1.8300 4.5600 51.66 49.84 47.93 0.0000 -0.0000 -0.0000 44.5850 -124.0619
2005.3411 2005 125 1.3900 1.8400 -2.8200 51.77 49.65 48.40 0.0000 -0.0000 -0.0000 44.5850 -124.0619
2005.3438 2005 126 1.1300 1.2300 -0.6400 52.07 49.82 48.97 0.0000 -0.0000 -0.0000 44.5850 -124.0619
2005.3466 2005 127 -0.6100 1.8900 -3.5600 52.12 49.96 49.55 0.0000 -0.0000 -0.0000 44.5850 -124.0619
2005.3493 2005 128 -0.1400 -0.2800 -6.4300 51.72 49.99 50.14 0.0000 -0.0000 0.0000 44.5850 -124.0619
2005.3521 2005 129 1.9600 1.6700 2.6100 51.94 50.44 50.45 0.0000 0.0000 0.0000 44.5850 -124.0619
2005.3548 2005 130 0.0100 1.1800 -1.4200 51.74 50.49 50.59 0.0000 0.0000 0.0000 44.5850 -124.0619
2005.3575 2005 131 1.3500 2.1700 -4.4900 51.96 51.08 50.73 0.0000 0.0000 0.0000 44.5850 -124.0619
2005.3603 2005 132 2.6500 2.1000 0.4300 52.06 51.38 50.81 0.0000 0.0000 0.0000 44.5850 -124.0619
2005.3630 2005 133 0.1700 1.4900 -0.8300 52.01 51.00 51.18 0.0000 0.0000 0.0000 44.5850 -124.0619
2005.3658 2005 134 2.3000 1.1300 -2.4700 51.83 51.22 51.37 0.0000 0.0000 0.0000 44.5850 -124.0619
2005.3685 2005 135 3.0100 -0.2300 -1.1900 51.59 51.11 50.72 0.0000 0.0000 0.0000 44.5850 -124.0619
2005.3712 2005 136 0.8400 0.1300 4.0400 51.65 51.14 50.13 0.0000 0.0000 0.0000 44.5850 -124.0619
2005.3740 2005 137 3.1800 0.3100 1.7800 51.89 50.97 49.65 0.0000 0.0000 -0.0000 44.5850 -124.0619
2005.3767 2005 138 2.0600 1.4200 2.5400 52.15 50.77 49.63 0.0000 0.0000 -0.0000 44.5850 -124.0619
2005.3795 2005 139 4.7500 2.1400 2.7400 52.48 51.35 49.54 0.0000 0.0000 -0.0000 44.5850 -124.0619
2005.3822 2005 140 3.0900 1.7200 -9.0200 52.25 51.14 48.83 0.0000 0.0000 -0.0000 44.5850 -124.0619
2005.3849 2005 141 4.5000 1.8500 -8.2400 52.43 51.29 48.51 0.0000 0.0000 -0.0000 44.5850 -124.0619
2005.3877 2005 142 3.9600 2.7800 -9.7900 52.66 51.11 48.42 0.0000 0.0000 -0.0000 44.5850 -124.0619
2005.3904 2005 143 2.8000 0.8300 -11.0700 52.43 51.05 48.04 0.0000 0.0000 -0.0000 44.5850 -124.0619
2005.3932 2005 144 3.0200 2.4500 -8.4100 52.85 51.05 47.75 0.0000 0.0000 -0.0000 44.5850 -124.0619
2005.3959 2005 145 2.7200 2.0400 -10.5800 52.88 50.96 47.65 0.0000 0.0000 -0.0000 44.5850 -124.0619
2005.3986 2005 146 3.3500 1.5200 -10.8900 52.53 51.38 47.43 0.0000 0.0000 -0.0000 44.5850 -124.0619
2005.4014 2005 147 3.9400 1.3000 -9.9000 52.35 51.62 46.80 0.0000 0.0000 -0.0000 44.5850 -124.0619
2005.4041 2005 148 1.9500 0.4700 -7.3000 52.19 51.86 46.55 0.0000 0.0000 -0.0000 44.5850 -124.0619
2005.4068 2005 149 3.3200 3.3500 -8.4300 52.39 51.60 46.03 0.0000 0.0000 -0.0000 44.5850 -124.0619
2005.4096 2005 150 2.1000 1.1800 -9.0700 51.90 51.25 45.41 0.0000 0.0000 -0.0000 44.5850 -124.0619
2005.4123 2005 151 3.2500 1.0000 -6.3200 51.91 51.04 45.82 0.0000 0.0000 -0.0000 44.5850 -124.0619
2005.4151 2005 152 3.5500 1.4500 -6.7700 51.39 50.67 46.15 0.0000 0.0000 -0.0000 44.5850 -124.0619
2005.4178 2005 153 1.4400 1.7400 -4.0300 51.26 50.31 46.17 0.0000 0.0000 -0.0000 44.5850 -124.0619
2005.4205 2005 154 4.0800 1.5900 -2.7500 51.26 50.58 46.17 0.0000 0.0000 -0.0000 44.5850 -124.0619
2005.4233 2005 155 3.2100 0.9400 -3.3400 51.23 50.33 46.33 0.0000 0.0000 -0.0000 44.5850 -124.0619
2005.4260 2005 156 1.0600 1.7100 -3.6400 51.12 50.10 47.11 0.0000 0.0000 -0.0000 44.5850 -124.0619
2005.4288 2005 157 0.3000 2.1400 -2.3300 50.71 49.84 47.71 0.0000 -0.0000 -0.0000 44.5850 -124.0619
2005.4315 2005 158 3.2300 1.8100 1.6900 50.35 49.71 48.47 0.0000 -0.0000 -0.0000 44.5850 -124.0619
2005.4342 2005 159 2.1300 -0.0100 -3.0000 50.09 49.70 48.61 0.0000 -0.0000 -0.0000 44.5850 -124.0619
2005.4370 2005 160 3.0400 1.7900 -7.5400 49.67 48.99 48.73 -0.0000 -0.0000 -0.0000 44.5850 -124.0619
2005.4397 2005 161 3.6400 0.5000 -5.1300 49.37 48.90 49.29 -0.0000 -0.0000 -0.0000 44.5850 -124.0619
2005.4425 2005 162 1.1100 1.6900 -5.1400 48.85 48.91 49.24 -0.0000 -0.0000 -0.0000 44.5850 -124.0619
2005.4452 2005 163 4.2400 2.0300 -11.7500 48.49 49.05 49.26 -0.0000 -0.0000 -0.0000 44.5850 -124.0619
2005.4479 2005 164 3.3500 1.6000 -12.1400 48.62 49.02 49.33 -0.0000 -0.0000 -0.0000 44.5850 -124.0619
2005.4507 2005 165 3.6000 1.9300 -6.0400 48.04 48.93 49.18 -0.0000 -0.0000 -0.0000 44.5850 -124.0619
2005.4534 2005 166 2.2700 0.4200 -5.7900 47.78 49.06 49.18 -0.0000 -0.0000 -0.0000 44.5850 -124.0619
2005.4562 2005 167 0.1000 -0.9200 -5.4500 47.96 48.75 49.42 -0.0000 -0.0000 -0.0000 44.5850 -124.0619
2005.4589 2005 168 2.1800 0.2400 -2.1800 48.05 48.38 49.85 -0.0000 -0.0000 -0.0000 44.5850 -124.0619
2005.4616 2005 169 1.2900 -1.2800 -7.3700 47.91 48.09 49.47 -0.0000 -0.0000 -0.0000 44.5850 -124.0619
2005.4644 2005 170 1.4200 1.3300 -7.8000 47.67 48.52 49.77 -0.0000 -0.0000 -0.0000 44.5850 -124.0619
2005.4671 2005 171 -1.7200 -0.1800 -8.7200 47.58 48.34 50.34 -0.0000 -0.0000 0.0000 44.5850 -124.0619
2005.4699 2005 172 -0.2300 0.8800 -12.3300 47.41 48.45 50.23 -0.0000 -0.0000 0.0000 44.5850 -124.0619
2005.4726 2005 173 1.2700 1.8900 -8.8700 47.60 48.38 49.96 -0.0000 -0.0000 -0.0000 44.5850 -124.0619
2005.4753 2005 174 1.7800 0.9700 -7.7300 47.38 48.25 50.46 -0.0000 -0.0000 0.0000 44.5850 -124.0619
2005.4781 2005 175 0.8800 0.8500 -8.1100 47.09 48.04 50.64 -0.0000 -0.0000 0.0000 44.5850 -124.0619
2005.4808 2005 176 1.0000 1.9900 -4.2400 46.68 48.18 50.71 -0.0000 -0.0000 0.0000 44.5850 -124.0619
2005.4836 2005 177 1.2400 1.3400 -1.3500 46.51 48.46 50.65 -0.0000 -0.0000 0.0000 44.5850 -124.0619
2005.4863 2005 178 0.8000 1.3000 -1.4100 46.89 49.05 50.35 -0.0000 -0.0000 0.0000 44.5850 -124.0619
2005.4890 2005 179 1.7400 1.0500 -7.6200 46.66 49.29 49.93 -0.0000 -0.0000 -0.0000 44.5850 -124.0619
2005.4918 2005 180 -0.4200 2.1600 -3.0100 46.68 49.74 50.10 -0.0000 -0.0000 0.0000 44.5850 -124.0619
2005.4945 2005 181 0.2900 -0.2600 -5.9100 46.68 49.68 50.33 -0.0000 -0.0000 0.0000 44.5850 -124.0619
2005.4973 2005 182 2.3300 0.1200 -2.0700 46.93 50.02 50.62 -0.0000 0.0000 0.0000 44.5850 -124.0619
2005.5000 2005 183 -0.3500 0.9200 -7.1400 47.36 49.95 51.08 -0.0000 -0.0000 0.0000 44.5850 -124.0619
2005.5027 2005 184 2.0100 0.1200 -2.0200 47.36 49.87 51.42 -0.0000 -0.0000 0.0000 44.5850 -124.0619
2005.5055 2005 185 0.5700 0.6500 -8.7600 47.09 50.12 51.76 -0.0000 0.0000 0.0000 44.5850 -124.0619
2005.5082 2005 186 -0.7900 2.5500 -0.5200 47.09 50.14 52.39 -0.0000 0.0000 0.0000 44.5850 -124.0619
2005.5110 2005 187 -0.1500 1.1500 0.1100 47.27 49.85 52.33 -0.0000 -0.0000 0.0000 44.5850 -124.0619
2005.5137 2005 188 1.6200 1.6800 -5.7100 47.16 49.93 52.18 -0.0000 -0.0000 0.0000 44.5850 -124.0619
2005.5164 2005 189 -2.2000 1.3000 -3.0900 47.08 50.04 52.22 -0.0000 0.0000 0.0000 44.5850 -124.0619
2005.5192 2005 190 0.9500 0.8000 -2.5300 47.05 50.27 53.05 -0.0000 0.0000 0.0000 44.5850 -124.0619
2005.5219 2005 191 -0.7100 -1.0300 0.1500 47.22 49.91 53.15 -0.0000 -0.0000 0.0000 44.5850 -124.0619
2005.5247 2005 192 -2.2200 1.3800 0.3300 47.44 50.30 53.15 -0.0000 0.0000 0.0000 44.5850 -124.0619
2005.5274 2005 193 2.3800 0.1200 -6.8000 47.31 50.60 53.11 -0.0000 0.0000 0.0000 44.5850 -124.0619
2005.5301 2005 194 -1.2100 1.6100 -1.1100 47.43 50.72 53.39 -0.0000 0.0000 0.0000 44.5850 -124.0619
2005.5329 2005 195 -2.0700 2.4700 -2.3000 47.50 51.14 53.03 -0.0000 0.0000 0.0000 44.5850 -124.0619
2005.5356 2005 196 -2.9700 0.2300 4.8000 47.64 51.39 53.07 -0.0000 0.0000 0.0000 44.5850 -124.0619
2005.5384 2005 197 1.0100 0.3800 -8.0600 48.13 51.24 52.66 -0.0000 0.0000 0.0000 44.5850 -124.0619
2005.5411 2005 198 -0.5000 1.7600 -3.5100 48.29 51.11 52.29 -0.0000 0.0000 0.0000 44.5850 -124.0619
2005.5438 2005 199 0.2500 1.4300 1.9400 48.13 50.69 52.29 -0.0000 0.0000 0.0000 44.5850 -124.0619
2005.5466 2005 200 -1.5300 2.6000 11.2800 48.45 50.62 52.35 -0.0000 0.0000 0.0000 44.5850 -124.0619
2005.5493 2005 201 -1.3400 0.9000 1.5000 48.39 50.46 52.01 -0.0000 0.0000 0.0000 44.5850 -124.0619
2005.5521 2005 202 -0.2100 1.3100 -2.4400 48.35 51.09 51.62 -0.0000 0.0000 0.0000 44.5850 -124.0619
2005.5548 2005 203 -1.9400 2.6500 1.8100 48.46 51.06 51.15 -0.0000 0.0000 0.0000 44.5850 -124.0619
2005.5575 2005 204 -0.4000 1.2200 1.8900 48.13 51.56 50.94 -0.0000 0.0000 0.0000 44.5850 -124.0619
2005.5603 2005 205 -0.1500 2.2900 -1.0100 48.34 51.81 50.72 -0.0000 0.0000 0.0000 44.5850 -124.0619
2005.5630 2005 206 -1.0000 2.0800 -2.2100 48.59 51.59 50.63 -0.0000 0.0000 0.0000 44.5850 -124.0619
2005.5658 2005 207 1.2500 1.7400 -9.5500 48.94 52.11 50.23 -0.0000 0.0000 0.0000 44.5850 -124.0619
2005.5685 2005 208 -0.9600 0.6100 -6.6700 48.78 52.48 50.53 -0.0000 0.0000 0.0000 44.5850 -124.0619
2005.5712 2005 209 1.1900 0.4400 -5.9800 48.74 52.37 50.43 -0.0000 0.0000 0.0000 44.5850 -124.0619
2005.5740 2005 210 -2.8400 1.8000 -1.9500 48.77 52.47 50.09 -0.0000 0.0000 0.0000 44.5850 -124.0619
2005.5767 2005 211 -0.4000 1.6400 -9.6300 49.00 52.16 49.26 -0.0000 0.0000 -0.0000 44.5850 -124.0619
2005.5795 2005 212 -4.1900 1.9300 -5.2800 49.20 52.45 49.01 -0.0000 0.0000 -0.0000 44.5850 -124.0619
2005.5822 2005 213 -0.8800 2.5700 -6.6900 49.25 52.56 48.93 -0.0000 0.0000 -0.0000 44.5850 -124.0619
2005.5849 2005 214 -0.1700 3.3900 -8.3700 49.69 52.16 48.69 -0.0000 0.0000 -0.0000 44.5850 -124.0619
2005.5877 2005 215 -0.4000 3.1600 -0.3000 49.69 52.13 48.42 -0.0000 0.0000 -0.0000 44.5850 -124.0619
2005.5904 2005 216 -2.0100 2.1800 1.2200 49.92 51.90 48.39 -0.0000 0.0000 -0.0000 44.5850 -124.0619
2005.5932 2005 217 -1.4800 3.3200 3.6400 50.21 51.73 48.26 0.0000 0.0000 -0.0000 44.5850 -124.0619
2005.5959 2005 218 -1.2500 1.8300 -0.6000 50.03 51.93 48.97 0.0000 0.0000 -0.0000 44.5850 -124.0619
2005.5986 2005 219 -2.3900 1.3100 -9.6600 50.13 52.39 49.28 0.0000 0.0000 -0.0000 44.5850 -124.0619
2005.6014 2005 220 0.3000 2.2500 -7.6800 50.04 52.79 49.53 0.0000 0.0000 -0.0000 44.5850 -124.0619
2005.6041 2005 221 -0.7800 1.4800 -2.5400 50.37 52.71 49.68 0.0000 0.0000 -0.0000 44.5850 -124.0619
2005.6068 2005 222 0.7400 2.0500 -3.3600 50.43 52.60 50.40 0.0000 0.0000 0.0000 44.5850 -124.0619
2005.6096 2005 223 0.1100 3.2700 -2.5700 51.11 52.18 50.74 0.0000 0.0000 0.0000 44.5850 -124.0619
2005.6123 2005 224 0.8200 1.6200 -2.6600 50.98 52.22 51.29 0.0000 0.0000 0.0000 44.5850 -124.0619
2005.6151 2005 225 -0.4200 1.2300 0.0600 51.15 51.53 51.46 0.0000 0.0000 0.0000 44.5850 -124.0619
2005.6178 2005 226 1.2800 2.1800 -1.1400 51.17 51.27 51.25 0.0000 0.0000 0.0000 44.5850 -124.0619
2005.6205 2005 227 1.8100 1.8900 -1.2200 51.26 51.21 51.16 0.0000 0.0000 0.0000 44.5850 -124.0619
2005.6233 2005 228 0.4800 2.5100 3.6100 51.32 50.59 51.04 0.0000 0.0000 0.0000 44.5850 -124.0619
2005.6260 2005 229 -0.2300 3.2800 -2.5500 51.59 50.51 50.90 0.0000 0.0000 0.0000 44.5850 -124.0619
2005.6288 2005 230 -0.3600 2.3200 1.6100 52.01 50.54 51.54 0.0000 0.0000 0.0000 44.5850 -124.0619
2005.6315 2005 231 0.5800 1.6200 3.2200 52.30 50.41 52.06 0.0000 0.0000 0.0000 44.5850 -124.0619
2005.6342 2005 232 -0.6500 1.4900 5.2700 52.37 50.56 52.54 0.0000 0.0000 0.0000 44.5850 -124.0619
2005.6370 2005 233 0.5600 1.3700 0.5000 52.13 50.50 52.69 0.0000 0.0000 0.0000 44.5850 -124.0619
2005.6397 2005 234 -1.4700 3.9800 4.3700 52.19 50.09 52.90 0.0000 0.0000 0.0000 44.5850 -124.0619
2005.6425 2005 235 0.0500 1.0800 -4.2700 51.95 50.11 53.22 0.0000 0.0000 0.0000 44.5850 -124.0619
2005.6452 2005 236 0.3100 2.7500 -5.6200 52.22 50.16 53.35 0.0000 0.0000 0.0000 44.5850 -124.0619
2005.6479 2005 237 -1.1000 1.2800 0.8900 52.10 50.19 53.38 0.0000 0.0000 0.0000 44.5850 -124.0619
2005.6507 2005 238 0.0500 1.8100 -0.8900 51.94 50.15 53.26 0.0000 0.0000 0.0000 44.5850 -124.0619
2005.6534 2005 239 -0.2400 2.8400 1.4100 52.20 49.90 52.35 0.0000 -0.0000 0.0000 44.5850 -124.0619
2005.6562 2005 240 0.3400 0.9200 2.9800 52.12 49.33 52.30 0.0000 -0.0000 0.0000 44.5850 -124.0619
2005.6589 2005 241 3.1800 2.1400 -0.6800 52.08 49.37 52.15 0.0000 -0.0000 0.0000 44.5850 -124.0619
2005.6616 2005 242 0.5000 1.4400 -0.2900 51.94 49.31 51.65 0.0000 -0.0000 0.0000 44.5850 -124.0619
2005.6644 2005 243 -0.3400 3.0900 -3.3200 52.09 49.36 51.02 0.0000 -0.0000 0.0000 44.5850 -124.0619
2005.6671 2005 244 1.0000 2.0200 3.0200 51.69 49.37 50.78 0.0000 -0.0000 0.0000 44.5850 -124.0619
2005.6699 2005 245 0.3300 0.3300 2.2400 52.04 49.01 50.16 0.0000 -0.0000 0.0000 44.5850 -124.0619
2005.6726 2005 246 2.4900 1.7700 1.8900 52.05 49.46 50.16 0.0000 -0.0000 0.0000 44.5850 -124.0619
2005.6753 2005 247 0.9900 2.3800 -0.3700 52.02 49.45 50.48 0.0000 -0.0000 0.0000 44.5850 -124.0619
2005.6781 2005 248 2.1700 1.1000 -3.7600 52.09 49.58 50.46 0.0000 -0.0000 0.0000 44.5850 -124.0619
2005.6808 2005 249 2.6400 1.1300 -9.3900 52.01 49.68 50.52 0.0000 -0.0000 0.0000 44.5850 -124.0619
2005.6836 2005 250 -0.4800 1.5600 0.3200 52.10 49.50 50.18 0.0000 -0.0000 0.0000 44.5850 -124.0619
2005.6863 2005 251 -2.4000 5.8800 4.7200 51.74 49.54 49.55 0.0000 -0.0000 -0.0000 44.5850 -124.0619
2005.6890 2005 252 2.8900 0.4400 -8.3200 51.20 49.50 49.23 0.0000 -0.0000 -0.0000 44.5850 -124.0619
2005.6918 2005 253 1.1100 1.8700 2.2400 51.32 49.50 49.11 0.0000 -0.0000 -0.0000 44.5850 -124.0619
2005.6945 2005 254 1.8000 0.3100 -0.9100 51.71 49.15 49.21 0.0000 -0.0000 -0.0000 44.5850 -124.0619
2005.6973 2005 255 2.4300 1.5400 -4.0900 51.83 49.23 48.73 0.0000 -0.0000 -0.0000 44.5850 -124.0619
2005.7000 2005 256 0.4600 3.4600 0.3700 52.32 49.44 48.37 0.0000 -0.0000 -0.0000 44.5850 -124.0619
2005.7027 2005 257 0.9200 2.0100 -0.8600 52.01 49.42 48.25 0.0000 -0.0000 -0.0000 44.5850 -124.0619
2005.7055 2005 258 1.1200 1.6400 0.1000 52.03 49.35 48.28 0.0000 -0.0000 -0.0000 44.5850 -124.0619
2005.7082 2005 259 1.0100 0.9200 -4.3800 51.92 49.43 48.55 0.0000 -0.0000 -0.0000 44.5850 -124.0619
2005.7110 2005 260 2.3400 2.0000 -8.2400 51.63 49.58 49.22 0.0000 -0.0000 -0.0000 44.5850 -124.0619
2005.7137 2005 261 -0.6900 0.8500 -2.6200 51.90 49.69 48.98 0.0000 -0.0000 -0.0000 44.5850 -124.0619
2005.7164 2005 262 -0.1400 1.5700 -3.0700 52.11 48.92 48.92 0.0000 -0.0000 -0.0000 44.5850 -124.0619
2005.7192 2005 263 3.9200 1.3300 -1.3700 51.64 49.24 49.72 0.0000 -0.0000 -0.0000 44.5850 -124.0619
2005.7219 2005 264 3.5300 0.0000 0.6500 51.60 49.08 49.72 0.0000 -0.0000 -0.0000 44.5850 -124.0619
2005.7247 2005 265 3.8300 1.4200 -7.6400 51.44 49.33 49.63 0.0000 -0.0000 -0.0000 44.5850 -124.0619
2005.7274 2005 266 6.5900 1.2800 -5.0300 51.18 49.38 50.04 0.0000 -0.0000 0.0000 44.5850 -124.0619
2005.7301 2005 267 1.9700 2.1700 -0.1900 51.39 49.03 49.76 0.0000 -0.0000 -0.0000 44.5850 -124.0619
2005.7329 2005 268 0.7600 1.8600 1.9700 51.54 49.11 49.62 0.0000 -0.0000 -0.0000 44.5850 -124.0619
2005.7356 2005 269 1.0500 1.1200 3.3200 51.52 49.03 49.61 0.0000 -0.0000 -0.0000 44.5850 -124.0619
2005.7384 2005 270 1.4800 1.3200 -0.5800 51.45 49.10 49.81 0.0000 -0.0000 -0.0000 44.5850 -124.0619
2005.7411 2005 271 2.9200 0.8700 -4.9900 51.07 49.18 50.42 0.0000 -0.0000 0.0000 44.5850 -124.0619
2005.7438 2005 272 -1.7300 1.3700 6.4900 51.19 49.23 50.60 0.0000 -0.0000 0.0000 44.5850 -124.0619
2005.7466 2005 273 -1.1600 2.2700 7.9700 51.53 49.11 50.87 0.0000 -0.0000 0.0000 44.5850 -124.0619
2005.7493 2005 274 2.2600 0.8300 -0.3400 51.12 49.17 50.93 0.0000 -0.0000 0.0000 44.5850 -124.0619
2005.7521 2005 275 0.7200 1.6100 -4.9800 50.61 49.51 50.70 0.0000 -0.0000 0.0000 44.5850 -124.0619
2005.7548 2005 276 2.9600 0.6900 2.5900 50.26 49.33 51.12 0.0000 -0.0000 0.0000 44.5850 -124.0619
2005.7575 2005 277 3.9000 2.1800 -5.4300 49.46 49.42 51.37 -0.0000 -0.0000 0.0000 44.5850 -124.0619
2005.7603 2005 278 3.6700 2.1300 -1.2900 49.68 49.26 51.45 -0.0000 -0.0000 0.0000 44.5850 -124.0619
2005.7630 2005 279 3.3200 1.2800 -0.9800 49.72 49.38 51.34 -0.0000 -0.0000 0.0000 44.5850 -124.0619
2005.7658 2005 280 1.0000 0.9400 -0.7400 49.81 49.41 51.06 -0.0000 -0.0000 0.0000 44.5850 -124.0619
2005.7685 2005 281 -0.4500 2.1400 4.5400 49.89 49.38 50.86 -0.0000 -0.0000 0.0000 44.5850 -124.0619
2005.7712 2005 282 -0.0300 1.1200 -1.2200 49.60 49.66 51.07 -0.0000 -0.0000 0.0000 44.5850 -124.0619
2005.7740 2005 283 1.1400 0.4700 5.0100 49.96 50.21 50.74 -0.0000 0.0000 0.0000 44.5850 -124.0619
2005.7767 2005 284 1.7500 1.7100 -0.2400 50.60 49.86 49.82 0.0000 -0.0000 -0.0000 44.5850 -124.0619
2005.7795 2005 285 0.4800 0.6400 -4.1200 50.40 50.13 49.52 0.0000 0.0000 -0.0000 44.5850 -124.0619
2005.7822 2005 286 1.9100 -0.0900 -2.6200 50.39 49.93 49.79 0.0000 -0.0000 -0.0000 44.5850 -124.0619
2005.7849 2005 287 1.8900 2.6200 -2.5400 50.26 50.06 49.42 0.0000 0.0000 -0.0000 44.5850 -124.0619
2005.7877 2005 288 4.1600 1.1000 0.7600 49.95 50.16 49.46 -0.0000 0.0000 -0.0000 44.5850 -124.0619
2005.7904 2005 289 1.0600 2.5100 0.2900 49.39 50.01 49.31 -0.0000 0.0000 -0.0000 44.5850 -124.0619
2005.7932 2005 290 1.3500 1.4500 -0.3000 49.24 49.95 49.06 -0.0000 -0.0000 -0.0000 44.5850 -124.0619
2005.7959 2005 291 1.4300 1.1500 0.2500 49.57 50.13 48.86 -0.0000 0.0000 -0.0000 44.5850 -124.0619
2005.7986 2005 292 2.3200 2.9200 -2.8300 49.99 50.04 48.23 -0.0000 0.0000 -0.0000 44.5850 -124.0619
2005.8014 2005 293 2.4400 2.2100 -2.0900 50.09 50.15 48.06 0.0000 0.0000 -0.0000 44.5850 -124.0619
2005.8041 2005 294 2.2600 1.1100 -5.8400 50.23 50.37 47.56 0.0000 0.0000 -0.0000 44.5850 -124.0619
2005.8068 2005 295 1.2300 2.1300 -11.5800 50.67 50.32 47.50 0.0000 0.0000 -0.0000 44.5850 -124.0619
2005.8096 2005 296 -0.1200 1.3700 0.1000 51.15 50.35 47.64 0.0000 0.0000 -0.0000 44.5850 -124.0619
2005.8123 2005 297 2.1700 0.8600 -3.1100 51.43 50.66 47.71 0.0000 0.0000 -0.0000 44.5850 -124.0619
2005.8151 2005 298 3.1700 1.5100 -8.8900 51.95 50.31 47.61 0.0000 0.0000 -0.0000 44.5850 -124.0619
2005.8178 2005 299 -0.2200 0.9200 -6.0900 51.79 50.50 47.55 0.0000 0.0000 -0.0000 44.5850 -124.0619
2005.8205 2005 300 3.3600 0.3100 -9.7200 52.13 50.35 47.41 0.0000 0.0000 -0.0000 44.5850 -124.0619
2005.8233 2005 301 4.8400 2.6800 -3.9600 52.55 50.30 47.39 0.0000 0.0000 -0.0000 44.5850 -124.0619
2005.8260 2005 302 2.3700 1.4800 -4.6000 52.75 50.54 47.17 0.0000 0.0000 -0.0000 44.5850 -124.0619
2005.8288 2005 303 1.7500 2.6200 -4.9200 52.89 50.32 47.09 0.0000 0.0000 -0.0000 44.5850 -124.0619
2005.8315 2005 304 4.0200 0.9500 -3.0900 52.61 50.25 47.46 0.0000 0.0000 -0.0000 44.5850 -124.0619
2005.8342 2005 305 5.2400 1.7700 -1.0500 52.50 50.34 48.01 0.0000 0.0000 -0.0000 44.5850 -124.0619
2005.8370 2005 306 3.7400 1.7900 -3.3600 52.97 50.07 48.56 0.0000 0.0000 -0.0000 44.5850 -124.0619
2005.8397 2005 307 3.6200 0.7300 2.6300 53.57 50.42 48.15 0.0000 0.0000 -0.0000 44.5850 -124.0619
2005.8425 2005 308 3.7700 1.0700 -3.6700 53.84 50.58 48.11 0.0000 0.0000 -0.0000 44.5850 -124.0619
2005.8452 2005 309 4.5100 1.5600 -0.1500 54.02 50.86 48.09 0.0000 0.0000 -0.0000 44.5850 -124.0619
2005.8479 2005 310 4.9400 1.9500 -5.7100 54.79 51.21 47.71 0.0000 0.0000 -0.0000 44.5850 -124.0619
2005.8507 2005 311 6.2400 1.3700 -4.0300 54.47 51.71 47.64 0.0000 0.0000 -0.0000 44.5850 -124.0619
2005.8534 2005 312 3.6900 2.9000 -6.2300 53.94 51.62 47.52 0.0000 0.0000 -0.0000 44.5850 -124.0619
2005.8562 2005 313 3.4800 2.9700 -3.5100 53.55 51.85 47.74 0.0000 0.0000 -0.0000 44.5850 -124.0619
2005.8589 2005 314 3.8400 2.3300 0.6600 53.33 51.63 47.82 0.0000 0.0000 -0.0000 44.5850 -124.0619
2005.8616 2005 315 5.0700 0.8800 -2.2600 53.17 51.59 47.95 0.0000 0.0000 -0.0000 44.5850 -124.0619
2005.8644 2005 316 5.4900 1.2100 -5.8700 52.90 51.52 47.69 0.0000 0.0000 -0.0000 44.5850 -124.0619
2005.8671 2005 317 5.7700 3.9600 -7.0300 52.53 51.14 47.54 0.0000 0.0000 -0.0000 44.5850 -124.0619
2005.8699 2005 318 4.2600 2.4100 -9.4700 52.19 50.69 47.02 0.0000 0.0000 -0.0000 44.5850 -124.0619
2005.8726 2005 319 4.2600 3.2200 -12.7000 51.56 50.43 47.13 0.0000 0.0000 -0.0000 44.5850 -124.0619
2005.8753 2005 320 3.6600 2.7600 -22.1600 50.94 49.87 46.98 0.0000 -0.0000 -0.0000 44.5850 -124.0619
2005.8781 2005 321 0.3400 3.6400 -20.2700 50.16 49.38 47.14 0.0000 -0.0000 -0.0000 44.5850 -124.0619
2005.8808 2005 322 2.8300 3.4200 -10.6000 49.34 48.94 46.90 -0.0000 -0.0000 -0.0000 44.5850 -124.0619
2005.8836 2005 323 0.9200 2.6800 -6.9000 48.91 47.91 47.06 -0.0000 -0.0000 -0.0000 44.5850 -124.0619
2005.8863 2005 324 1.0300 2.1900 -6.5300 48.53 47.33 46.91 -0.0000 -0.0000 -0.0000 44.5850 -124.0619
2005.8890 2005 325 4.7100 0.9900 -8.4900 48.20 46.75 46.67 -0.0000 -0.0281 -0.0000 44.5850 -124.0619
2005.8918 2005 326 5.3000 1.3200 -10.5900 47.77 46.18 46.47 -0.0000 -0.9872 -0.0000 44.5850 -124.0619
2005.8945 2005 327 2.5600 -0.1400 -7.3100 46.94 45.92 46.24 -0.0000 -1.0000 -0.0000 44.5850 -124.0619
2005.8973 2005 328 1.3600 -2.1900 -7.2200 46.15 44.84 46.37 -0.0000 -1.0000 -0.0000 44.5850 -124.0619
2005.9000 2005 329 -2.0500 -2.3600 -1.4400 45.82 44.36 46.41 -0.0000 -1.0000 -0.0000 44.5850 -124.0619
2005.9027 2005 330 -2.5900 -2.2400 -5.4800 45.53 43.56 46.72 -0.0000 -1.0000 -0.0000 44.5850 -124.0619
2005.9055 2005 331 -0.4000 -2.2800 -6.5600 44.92 42.71 47.92 -0.0000 -1.0000 -0.0000 44.5850 -124.0619
2005.9082 2005 332 1.3600 -1.9700 -15.1700 45.25 41.62 48.77 -0.0000 -1.0000 -0.0000 44.5850 -124.0619
2005.9110 2005 333 0.6900 -2.9300 -7.5100 45.37 40.92 49.33 -0.0000 -1.0000 -0.0000 44.5850 -124.0619
2005.9137 2005 334 0.0200 -1.4900 -9.0400 45.57 40.63 49.71 -0.0000 -1.0000 -0.0000 44.5850 -124.0619
2005.9164 2005 335 1.1300 -1.9900 -4.8200 45.71 40.26 50.08 -0.0000 -1.0000 0.0000 44.5850 -124.0619
2005.9192 2005 336 2.4000 -3.7700 -5.1400 45.38 39.87 50.52 -0.0000 -1.0000 0.0000 44.5850 -124.0619
2005.9219 2005 337 -1.2700 -2.0800 -7.5900 45.11 39.64 51.24 -0.0000 -1.0000 0.0000 44.5850 -124.0619
2005.9247 2005 338 1.5300 -1.6500 -10.8800 45.03 39.82 51.41 -0.0000 -1.0000 0.0000 44.5850 -124.0619
2005.9274 2005 339 2.1400 0.1600 -15.6600 45.12 40.18 51.80 -0.0000 -1.0000 0.0000 44.5850 -124.0619
2005.9301 2005 340 1.3100 -1.4600 -6.6900 45.72 40.65 51.68 -0.0000 -1.0000 0.0000 44.5850 -124.0619
2005.9329 2005 341 0.5800 -2.2800 1.3200 46.52 41.12 51.89 -0.0000 -1.0000 0.0000 44.5850 -124.0619
2005.9356 2005 342 0.5500 -1.9100 -2.6000 46.60 41.64 51.90 -0.0000 -1.0000 0.0000 44.5850 -124.0619
2005.9384 2005 343 1.7500 -1.3200 0.8300 46.79 41.87 52.75 -0.0000 -1.0000 0.0000 44.5850 -124.0619
2005.9411 2005 344 1.5300 1.4800 3.3000 46.75 42.62 52.86 -0.0000 -1.0000 0.0000 44.5850 -124.0619
2005.9438 2005 345 1.8900 -2.1200 3.8800 46.93 42.93 53.16 -0.0000 -1.0000 0.0000 44.5850 -124.0619
2005.9466 2005 346 1.6600 -2.9000 0.6400 47.24 43.46 53.47 -0.0000 -1.0000 0.0000 44.5850 -124.0619
2005.9493 2005 347 2.3600 -1.7200 4.1200 47.28 44.24 53.66 -0.0000 -1.0000 0.0000 44.5850 -124.0619
2005.9521 2005 348 0.4700 -0.8900 -5.4700 47.49 44.73 53.84 -0.0000 -1.0000 0.0000 44.5850 -124.0619
2005.9548 2005 349 0.1300 -2.2600 -4.7700 47.35 45.37 54.25 -0.0000 -1.0000 0.0000 44.5850 -124.0619
2005.9575 2005 350 -0.8700 -2.0500 -3.2900 46.94 45.31 54.93 -0.0000 -1.0000 0.0000 44.5850 -124.0619
2005.9603 2005 351 -0.5900 -2.5900 -4.1700 46.89 45.73 55.03 -0.0000 -1.0000 0.0001 44.5850 -124.0619
2005.9630 2005 352 -3.6800 -2.6600 -7.4200 46.86 46.33 54.42 -0.0000 -0.5944 0.0000 44.5850 -124.0619
2005.9658 2005 353 -0.5800 -4.3200 2.5200 46.66 47.07 53.82 -0.0000 -0.0001 0.0000 44.5850 -124.0619
2005.9685 2005 354 -2.4700 -3.5800 -5.2600 46.46 47.52 53.65 -0.0000 -0.0000 0.0000 44.5850 -124.0619
2005.9712 2005 355 -1.0800 -4.2000 -4.1400 46.15 47.04 53.63 -0.0000 -0.0013 0.0000 44.5850 -124.0619
2005.9740 2005 356 2.3900 -2.3800 0.0300 45.76 47.37 53.16 -0.0000 -0.0000 0.0000 44.5850 -124.0619
2005.9767 2005 357 0.2800 -1.8500 -1.3600 45.78 47.91 52.95 -0.0000 -0.0000 0.0000 44.5850 -124.0619
2005.9795 2005 358 -4.7400 -1.1900 -3.1200 45.73 48.15 52.36 -0.0000 -0.0000 0.0000 44.5850 -124.0619
2005.9822 2005 359 -3.6600 -2.8600 -0.9500 45.77 48.03 52.20 -0.0000 -0.0000 0.0000 44.5850 -124.0619
2005.9849 2005 360 -4.8800 -3.2700 1.1000 45.69 48.52 52.15 -0.0000 -0.0000 0.0000 44.5850 -124.0619
2005.9877 2005 361 -1.9900 -3.0600 1.3100 45.52 48.53 52.28 -0.0000 -0.0000 0.0000 44.5850 -124.0619
2005.9904 2005 362 -2.6100 -2.5600 2.9800 45.12 48.62 52.34 -0.0000 -0.0000 0.0000 44.5850 -124.0619
2005.9932 2005 363 -1.9900 -1.5800 -5.7200 45.69 48.70 52.51 -0.0000 -0.0000 0.0000 44.5850 -124.0619
2005.9959 2005 364 -1.9500 -2.7700 6.2600 45.75 49.26 51.83 -0.0000 -0.0000 0.0000 44.5850 -124.0619
2005.9986 2005 365 -1.9400 -3.8400 13.5400 46.16 49.41 51.84 -0.0000 -0.0000 0.0000 44.5850 -124.0619
2006.0014 2006 1 -2.2800 -2.8300 -2.2200 46.31 49.95 51.77 -0.0000 -0.0000 0.0000 44.5850 -124.0619
2006.0041 2006 2 -1.7900 -1.8000 2.9600 46.08 50.01 51.71 -0.0000 0.0000 0.0000 44.5850 -124.0619
2006.0068 2006 3 -1.5700 -2.1000 -2.5300 46.13 49.76 51.57 -0.0000 -0.0000 0.0000 44.5850 -124.0619
2006.0096 2006 4 -1.4900 -2.2200 -10.2200 46.97 49.46 51.44 -0.0000 -0.0000 0.0000 44.5850 -124.0619
2006.0123 2006 5 -2.3200 1.5800 -3.9500 47.77 49.79 50.93 -0.0000 -0.0000 0.0000 44.5850 -124.0619
2006.0151 2006 6 -1.4000 -1.6700 0.1800 48.64 50.23 50.20 -0.0000 0.0000 0.0000 44.5850 -124.0619
2006.0178 2006 7 -3.1300 -2.0300 0.1400 48.94 50.44 49.91 -0.0000 0.0000 -0.0000 44.5850 -124.0619
2006.0205 2006 8 -0.5800 -2.2700 -0.8000 49.09 50.62 49.74 -0.0000 0.0000 -0.0000 44.5850 -124.0619
2006.0233 2006 9 -2.1000 -1.3500 -5.1600 49.39 50.64 49.92 -0.0000 0.0000 -0.0000 44.5850 -124.0619
2006.0260 2006 10 -1.1000 -2.7800 -2.1700 49.93 50.83 49.60 -0.0000 0.0000 -0.0000 44.5850 -124.0619
2006.0288 2006 11 -0.4700 -1.5200 -1.5500 50.46 51.68 48.92 0.0000 0.0000 -0.0000 44.5850 -124.0619
2006.0315 2006 12 1.0600 -2.2500 3.3300 51.15 52.03 49.07 0.0000 0.0000 -0.0000 44.5850 -124.0619
2006.0342 2006 13 -0.9300 -2.3600 -2.9000 51.65 52.01 48.70 0.0000 0.0000 -0.0000 44.5850 -124.0619
2006.0370 2006 14 0.4300 -3.0600 -3.3500 51.96 52.17 48.93 0.0000 0.0000 -0.0000 44.5850 -124.0619
2006.0397 2006 15 -0.2200 -0.9000 -10.9100 52.10 52.45 49.41 0.0000 0.0000 -0.0000 44.5850 -124.0619
2006.0425 2006 16 -2.0100 -2.4600 -8.8800 52.44 51.48 49.37 0.0000 0.0000 -0.0000 44.5850 -124.0619
2006.0452 2006 17 -1.5100 -2.7300 -0.0900 52.59 51.30 49.29 0.0000 0.0000 -0.0000 44.5850 -124.0619
2006.0479 2006 18 -3.3300 -1.0300 -1.9400 53.10 51.14 48.92 0.0000 0.0000 -0.0000 44.5850 -124.0619
2006.0507 2006 19 -0.9000 -1.1000 -2.6300 52.86 51.22 48.68 0.0000 0.0000 -0.0000 44.5850 -124.0619
2006.0534 2006 20 0.6000 -2.3700 0.2100 53.03 50.73 49.06 0.0000 0.0000 -0.0000 44.5850 -124.0619
2006.0562 2006 21 0.7800 -1.6100 -1.3400 52.86 50.88 49.10 0.0000 0.0000 -0.0000 44.5850 -124.0619
2006.0589 2006 22 1.5700 -0.2700 -2.0200 52.80 50.57 49.11 0.0000 0.0000 -0.0000 44.5850 -124.0619
2006.0616 2006 23 0.7300 -0.6800 -7.0400 53.04 50.66 48.97 0.0000 0.0000 -0.0000 44.5850 -124.0619
2006.0644 2006 24 -1.4900 -1.0600 -0.2700 53.29 50.92 49.19 0.0000 0.0000 -0.0000 44.5850 -124.0619
2006.0671 2006 25 -1.7200 -1.3500 0.7900 52.72 51.30 49.19 0.0000 0.0000 -0.0000 44.5850 -124.0619
2006.0699 2006 26 -0.6500 -2.6300 -4.7900 52.48 51.06 49.56 0.0000 0.0000 -0.0000 44.5850 -124.0619
2006.0726 2006 27 -0.2300 -2.6300 0.0700 52.31 51.17 49.78 0.0000 0.0000 -0.0000 44.5850 -124.0619
2006.0753 2006 28 0.2400 -2.7700 -9.0200 52.27 51.38 49.65 0.0000 0.0000 -0.0000 44.5850 -124.0619
2006.0781 2006 29 -0.5600 -1.3400 -3.8200 52.52 51.28 49.60 0.0000 0.0000 -0.0000 44.5850 -124.0619
2006.0808 2006 30 -1.6700 -2.6100 1.7000 52.46 51.15 49.29 0.0000 0.0000 -0.0000 44.5850 -124.0619
2006.0836 2006 31 -1.5600 -0.8700 1.8600 52.00 51.30 49.26 0.0000 0.0000 -0.0000 44.5850 -124.0619
2006.0863 2006 32 -0.5900 -1.7700 1.1700 51.75 51.33 49.44 0.0000 0.0000 -0.0000 44.5850 -124.0619
2006.0890 2006 33 2.3100 -1.4900 1.4400 51.15 50.90 49.26 0.0000 0.0000 -0.0000 44.5850 -124.0619
2006.0918 2006 34 0.4000 -0.7400 2.4800 50.66 50.56 49.58 0.0000 0.0000 -0.0000 44.5850 -124.0619
2006.0945 2006 35 0.4500 -1.6800 -3.3600 50.71 50.45 49.66 0.0000 0.0000 -0.0000 44.5850 -124.0619
2006.0973 2006 36 1.1500 -1.1100 -6.5700 50.74 50.42 49.45 0.0000 0.0000 -0.0000 44.5850 -124.0619
2006.1000 2006 37 -0.6500 -1.1900 -9.2100 50.75 51.10 49.53 0.0000 0.0000 -0.0000 44.5850 -124.0619
2006.1027 2006 38 -1.2700 -1.0700 -4.6300 50.52 51.41 49.32 0.0000 0.0000 -0.0000 44.5850 -124.0619
2006.1055 2006 39 -1.8700 -0.7300 -6.4800 50.22 51.83 49.87 0.0000 0.0000 -0.0000 44.5850 -124.0619
2006.1082 2006 40 -0.4300 -1.6500 -9.6300 50.34 51.66 50.04 0.0000 0.0000 0.0000 44.5850 -124.0619
2006.1110 2006 41 -1.1200 -1.2200 -5.4200 50.61 52.01 49.70 0.0000 0.0000 -0.0000 44.5850 -124.0619
2006.1137 2006 42 0.9900 0.0600 -8.0900 NaN NaN NaN 0.0000 0.0000 0.0000 44.5850 -124.0619
2006.1164 2006 43 -0.5700 -1.3600 -7.2100 NaN NaN NaN 0.0000 0.0000 0.0000 44.5850 -124.0619
2006.1192 2006 44 -1.6200 -2.0900 -6.9200 NaN NaN NaN 0.0000 0.0000 0.0000 44.5850 -124.0619
2006.1219 2006 45 -0.9900 -1.0800 4.3500 NaN NaN NaN 0.0000 0.0000 0.0000 44.5850 -124.0619
2006.1247 2006 46 -1.6600 -0.9800 5.8200 NaN NaN NaN 0.0000 0.0000 0.0000 44.5850 -124.0619
2006.1274 2006 47 0.8900 -1.4000 -2.9500 NaN NaN NaN 0.0000 0.0000 0.0000 44.5850 -124.0619
2006.1301 2006 48 -1.6200 -1.5600 -6.9200 NaN NaN NaN 0.0000 0.0000 0.0000 44.5850 -124.0619
2006.1329 2006 49 0.4900 -0.6800 -0.5000 NaN NaN NaN 0.0000 0.0000 0.0000 44.5850 -124.0619
2006.1356 2006 50 0.8000 -1.6200 -1.4700 NaN NaN NaN 0.0000 0.0000 0.0000 44.5850 -124.0619
2006.1384 2006 51 1.6700 -1.5100 -2.2900 NaN NaN NaN 0.0000 0.0000 0.0000 44.5850 -124.0619
2006.2534 2006 93 0.0800 -2.3900 -6.3200 48.81 48.15 48.46 -0.0000 -0.0000 -0.0000 44.5850 -124.0619
2006.2562 2006 94 -0.1800 -1.5300 -3.0100 48.26 48.42 48.15 -0.0000 -0.0000 -0.0000 44.5850 -124.0619
2006.2589 2006 95 -0.9300 -2.9500 1.6000 48.42 48.73 48.00 -0.0000 -0.0000 -0.0000 44.5850 -124.0619
2006.2616 2006 96 -0.7300 -1.8800 -4.4800 47.98 48.59 48.01 -0.0000 -0.0000 -0.0000 44.5850 -124.0619
2006.2644 2006 97 -0.2400 -1.9800 -4.3500 47.79 48.98 47.46 -0.0000 -0.0000 -0.0000 44.5850 -124.0619
2006.2671 2006 98 -1.3100 -1.8600 -8.8200 48.19 49.14 47.11 -0.0000 -0.0000 -0.0000 44.5850 -124.0619
2006.2699 2006 99 -2.3500 -2.4200 -8.3900 48.50 49.06 46.52 -0.0000 -0.0000 -0.0000 44.5850 -124.0619
2006.2726 2006 100 -1.3200 -4.3700 -2.0300 48.14 48.86 46.50 -0.0000 -0.0000 -0.0000 44.5850 -124.0619
2006.2753 2006 101 -0.2300 -3.3100 -4.9900 48.47 48.98 46.63 -0.0000 -0.0000 -0.0000 44.5850 -124.0619
2006.2781 2006 102 -0.3800 -2.3300 -6.3800 48.73 48.99 47.05 -0.0000 -0.0000 -0.0000 44.5850 -124.0619
2006.2808 2006 103 -3.6000 -1.6200 -10.4400 48.87 49.49 47.10 -0.0000 -0.0000 -0.0000 44.5850 -124.0619
2006.2836 2006 104 -2.8500 -2.4200 0.4600 49.01 49.62 47.33 -0.0000 -0.0000 -0.0000 44.5850 -124.0619
2006.2863 2006 105 -0.9800 -2.8200 -0.9300 49.07 49.45 47.69 -0.0000 -0.0000 -0.0000 44.5850 -124.0619
2006.2890 2006 106 0.1900 -2.7100 0.4300 49.36 49.90 47.52 -0.0000 -0.0000 -0.0000 44.5850 -124.0619
2006.2918 2006 107 -1.2400 -0.8500 -6.8900 49.70 50.07 47.81 -0.0000 0.0000 -0.0000 44.5850 -124.0619
2006.2945 2006 108 2.5200 -2.3500 -8.6600 49.85 50.11 47.91 -0.0000 0.0000 -0.0000 44.5850 -124.0619
2006.2973 2006 109 1.0700 -0.6000 -13.7300 50.21 50.25 48.26 0.0000 0.0000 -0.0000 44.5850 -124.0619
2006.3000 2006 110 0.1100 -3.0600 -8.5900 50.72 50.44 48.68 0.0000 0.0000 -0.0000 44.5850 -124.0619
2006.3027 2006 111 1.2700 -2.8600 -3.0300 51.29 51.18 48.68 0.0000 0.0000 -0.0000 44.5850 -124.0619
2006.3055 2006 112 0.8700 -2.6200 -2.8700 51.27 51.66 48.94 0.0000 0.0000 -0.0000 44.5850 -124.0619
2006.3082 2006 113 2.0600 -0.7600 -6.2300 51.56 52.20 49.24 0.0000 0.0000 -0.0000 44.5850 -124.0619
2006.3110 2006 114 1.6200 -1.7500 -5.4600 52.24 52.31 49.71 0.0000 0.0000 -0.0000 44.5850 -124.0619
2006.3137 2006 115 0.0000 -1.3600 -0.8100 52.93 52.17 49.63 0.0000 0.0000 -0.0000 44.5850 -124.0619
2006.3164 2006 116 -0.0300 -0.8600 0.8600 52.92 52.23 49.57 0.0000 0.0000 -0.0000 44.5850 -124.0619
2006.3192 2006 117 0.0200 -1.2400 1.6300 53.18 52.33 49.45 0.0000 0.0000 -0.0000 44.5850 -124.0619
2006.3219 2006 118 -0.6000 -2.1600 -1.4800 53.44 51.99 49.97 0.0000 0.0000 -0.0000 44.5850 -124.0619
2006.3247 2006 119 -0.8000 -0.6700 -7.6200 52.98 51.98 50.40 0.0000 0.0000 0.0000 44.5850 -124.0619
2006.3274 2006 120 0.7700 -1.3100 -5.3400 52.53 51.75 51.15 0.0000 0.0000 0.0000 44.5850 -124.0619
2006.3301 2006 121 2.8500 -2.3600 -3.6000 52.67 52.13 51.33 0.0000 0.0000 0.0000 44.5850 -124.0619
2006.3329 2006 122 0.1400 -0.9500 -6.2100 52.31 52.08 51.12 0.0000 0.0000 0.0000 44.5850 -124.0619
2006.3356 2006 123 2.0400 1.9400 1.5200 52.23 52.05 50.84 0.0000 0.0000 0.0000 44.5850 -124.0619
2006.3384 2006 124 -0.1000 -1.9800 -0.6500 51.99 51.68 50.87 0.0000 0.0000 0.0000 44.5850 -124.0619
2006.3411 2006 125 1.8600 -3.0200 -4.5400 51.82 51.34 50.91 0.0000 0.0000 0.0000 44.5850 -124.0619
2006.3438 2006 126 0.2400 -0.9400 -3.8800 51.69 51.26 50.64 0.0000 0.0000 0.0000 44.5850 -124.0619
2006.3466 2006 127 0.6300 -2.4000 0.3400 51.51 50.83 50.59 0.0000 0.0000 0.0000 44.5850 -124.0619
2006.3493 2006 128 0.1300 -1.7100 -1.3500 51.42 50.64 50.31 0.0000 0.0000 0.0000 44.5850 -124.0619
2006.3521 2006 129 1.3700 -2.2200 -4.0200 51.42 50.47 50.00 0.0000 0.0000 0.0000 44.5850 -124.0619
2006.3548 2006 130 -0.5800 -2.0200 -5.7000 51.33 50.09 50.11 0.0000 0.0000 0.0000 44.5850 -124.0619
2006.3575 2006 131 1.5400 -0.4300 -9.7300 50.62 49.92 50.23 0.0000 -0.0000 0.0000 44.5850 -124.0619
2006.3603 2006 132 0.9900 -2.7100 -8.1600 49.71 49.63 50.26 -0.0000 -0.0000 0.0000 44.5850 -124.0619
2006.3630 2006 133 1.4200 -2.5400 -7.2000 49.66 49.24 50.38 -0.0000 -0.0000 0.0000 44.5850 -124.0619
2006.3658 2006 134 0.6600 -2.0500 -7.6000 49.31 48.54 49.77 -0.0000 -0.0000 -0.0000 44.5850 -124.0619
2006.3685 2006 135 1.4300 -4.7700 -3.7700 49.08 48.63 49.09 -0.0000 -0.0000 -0.0000 44.5850 -124.0619
2006.3712 2006 136 -1.2000 -2.1300 -5.6100 48.53 48.69 49.24 -0.0000 -0.0000 -0.0000 44.5850 -124.0619
2006.3740 2006 137 -1.0800 -2.9600 -0.9500 48.35 48.41 49.54 -0.0000 -0.0000 -0.0000 44.5850 -124.0619
2006.3767 2006 138 -0.1400 -2.6000 -0.0200 48.30 48.39 49.33 -0.0000 -0.0000 -0.0000 44.5850 -124.0619
2006.3795 2006 139 -1.0500 -4.6300 -7.1400 48.08 48.48 48.93 -0.0000 -0.0000 -0.0000 44.5850 -124.0619
2006.3822 2006 140 -1.2700 -3.7200 -3.9200 48.04 48.52 48.69 -0.0000 -0.0000 -0.0000 44.5850 -124.0619
2006.3849 2006 141 -4.0300 -1.9500 0.2700 48.23 48.54 48.44 -0.0000 -0.0000 -0.0000 44.5850 -124.0619
2006.3877 2006 142 -3.1000 -3.0500 -4.2500 47.94 48.10 48.63 -0.0000 -0.0000 -0.0000 44.5850 -124.0619
2006.3904 2006 143 -0.0900 -2.5200 -4.2400 47.93 48.00 49.10 -0.0000 -0.0000 -0.0000 44.5850 -124.0619
2006.3932 2006 144 0.3900 -1.0400 -7.3700 47.92 47.94 49.25 -0.0000 -0.0000 -0.0000 44.5850 -124.0619
2006.3959 2006 145 0.6500 -1.3200 -9.5400 48.04 48.07 49.56 -0.0000 -0.0000 -0.0000 44.5850 -124.0619
2006.3986 2006 146 0.2900 -2.9800 -5.1800 48.00 48.63 49.54 -0.0000 -0.0000 -0.0000 44.5850 -124.0619
2006.4014 2006 147 -0.4800 -2.1600 1.3600 48.47 48.58 49.76 -0.0000 -0.0000 -0.0000 44.5850 -124.0619
2006.4041 2006 148 0.5500 -2.3700 -5.3400 48.87 48.87 49.68 -0.0000 -0.0000 -0.0000 44.5850 -124.0619
2006.4068 2006 149 -0.8900 -1.5900 -7.0500 49.16 49.01 49.63 -0.0000 -0.0000 -0.0000 44.5850 -124.0619
2006.4096 2006 150 -0.1300 -1.7000 -5.8700 49.38 49.57 50.08 -0.0000 -0.0000 0.0000 44.5850 -124.0619
2006.4123 2006 151 -0.2700 -3.1500 -4.3000 49.71 49.96 50.10 -0.0000 -0.0000 0.0000 44.5850 -124.0619
2006.4151 2006 152 0.2500 -2.2500 -5.8100 50.88 49.73 49.97 0.0000 -0.0000 -0.0000 44.5850 -124.0619
2006.4178 2006 153 0.6600 -3.5400 -1.0800 51.65 49.52 50.10 0.0000 -0.0000 0.0000 44.5850 -124.0619
2006.4205 2006 154 1.7800 -3.0700 -8.1800 51.74 49.79 49.98 0.0000 -0.0000 -0.0000 44.5850 -124.0619
2006.4233 2006 155 0.5200 -1.9300 0.8000 51.66 50.04 50.69 0.0000 0.0000 0.0000 44.5850 -124.0619
2006.4260 2006 156 0.9900 -2.1800 -1.9000 51.25 49.94 51.50 0.0000 -0.0000 0.0000 44.5850 -124.0619
2006.4288 2006 157 1.5600 -3.0800 -5.2000 51.18 50.10 51.73 0.0000 0.0000 0.0000 44.5850 -124.0619
2006.4315 2006 158 1.3500 -1.9900 -5.8300 51.21 50.16 51.40 0.0000 0.0000 0.0000 44.5850 -124.0619
2006.4342 2006 159 1.9300 -2.3600 -3.7300 51.03 50.20 51.77 0.0000 0.0000 0.0000 44.5850 -124.0619
2006.4370 2006 160 0.3900 -1.8200 0.0700 51.21 50.20 52.32 0.0000 0.0000 0.0000 44.5850 -124.0619
2006.4397 2006 161 1.1100 -2.6300 1.0400 51.45 50.27 52.57 0.0000 0.0000 0.0000 44.5850 -124.0619
2006.4425 2006 162 1.3800 -3.9700 2.9500 51.38 50.75 52.61 0.0000 0.0000 0.0000 44.5850 -124.0619
2006.4452 2006 163 -1.0900 -4.9900 -1.3700 51.65 51.04 52.55 0.0000 0.0000 0.0000 44.5850 -124.0619
2006.4479 2006 164 0.4200 -1.2300 -5.4800 51.59 51.45 52.06 0.0000 0.0000 0.0000 44.5850 -124.0619
2006.4507 2006 165 -1.3700 -0.9900 3.9200 51.09 51.81 52.18 0.0000 0.0000 0.0000 44.5850 -124.0619
2006.4534 2006 166 -1.9900 -1.6400 5.3700 50.80 51.95 51.68 0.0000 0.0000 0.0000 44.5850 -124.0619
2006.4562 2006 167 -1.5400 -1.7400 1.4700 50.44 51.66 51.65 0.0000 0.0000 0.0000 44.5850 -124.0619
2006.4589 2006 168 -0.8700 -2.6300 -2.9000 49.77 51.77 52.01 -0.0000 0.0000 0.0000 44.5850 -124.0619
2006.4616 2006 169 -0.7900 -2.0100 -0.3000 49.36 51.40 52.38 -0.0000 0.0000 0.0000 44.5850 -124.0619
2006.4644 2006 170 -0.4000 -1.5300 3.7800 48.74 51.51 52.73 -0.0000 0.0000 0.0000 44.5850 -124.0619
2006.4671 2006 171 0.4700 -0.6800 0.0500 48.65 51.08 52.41 -0.0000 0.0000 0.0000 44.5850 -124.0619
2006.4699 2006 172 -0.5200 -0.3500 -1.3900 48.27 50.91 52.10 -0.0000 0.0000 0.0000 44.5850 -124.0619
2006.4726 2006 173 1.1800 -1.4800 -2.9300 47.34 51.44 51.83 -0.0000 0.0000 0.0000 44.5850 -124.0619
2006.4753 2006 174 -0.1800 -1.1400 -8.7100 47.04 52.20 51.65 -0.0000 0.0000 0.0000 44.5850 -124.0619
2006.4781 2006 175 -2.1100 -0.8800 -5.5600 46.89 51.99 51.89 -0.0000 0.0000 0.0000 44.5850 -124.0619
2006.4808 2006 176 -2.0200 -0.9400 -5.8800 46.87 51.59 51.49 -0.0000 0.0000 0.0000 44.5850 -124.0619
2006.4836 2006 177 -2.2600 -2.1500 -1.2000 47.22 51.79 50.73 -0.0000 0.0000 0.0000 44.5850 -124.0619
2006.4863 2006 178 -1.0400 -3.1100 6.0000 47.60 51.81 50.48 -0.0000 0.0000 0.0000 44.5850 -124.0619
2006.4890 2006 179 0.4800 -3.7500 0.9200 47.70 52.04 50.72 -0.0000 0.0000 0.0000 44.5850 -124.0619
2006.4918 2006 180 -1.3600 -1.2800 4.1100 47.78 51.95 50.31 -0.0000 0.0000 0.0000 44.5850 -124.0619
2006.4945 2006 181 1.3500 -2.3000 -3.2200 47.65 51.98 49.90 -0.0000 0.0000 -0.0000 44.5850 -124.0619
2006.4973 2006 182 0.1600 -2.8600 -3.8300 47.35 51.86 49.58 -0.0000 0.0000 -0.0000 44.5850 -124.0619
2006.5000 2006 183 -0.2600 -1.9700 -2.8900 47.42 51.27 49.57 -0.0000 0.0000 -0.0000 44.5850 -124.0619
2006.5027 2006 184 -1.4700 -1.2000 -4.0300 47.13 51.16 49.59 -0.0000 0.0000 -0.0000 44.5850 -124.0619
2006.5055 2006 185 -0.3400 -1.6200 1.2200 47.14 50.85 49.93 -0.0000 0.0000 -0.0000 44.5850 -124.0619
2006.5082 2006 186 -3.8500 -3.7500 2.1300 47.78 50.52 50.13 -0.0000 0.0000 0.0000 44.5850 -124.0619
2006.5110 2006 187 -1.8600 -0.2700 -4.5700 48.32 50.43 50.51 -0.0000 0.0000 0.0000 44.5850 -124.0619
2006.5137 2006 188 0.0900 -0.2900 0.1300 48.84 50.59 50.52 -0.0000 0.0000 0.0000 44.5850 -124.0619
2006.5164 2006 189 -0.3700 -1.2300 0.3400 49.26 50.83 50.16 -0.0000 0.0000 0.0000 44.5850 -124.0619
2006.5192 2006 190 -1.9100 -2.4100 -8.1000 49.38 51.44 49.94 -0.0000 0.0000 -0.0000 44.5850 -124.0619
2006.5219 2006 191 -1.1000 -1.1900 1.5100 49.88 51.33 49.79 -0.0000 0.0000 -0.0000 44.5850 -124.0619
2006.5247 2006 192 -2.1900 -0.6500 -4.8600 49.74 51.48 49.99 -0.0000 0.0000 -0.0000 44.5850 -124.0619
2006.5274 2006 193 -0.0100 -2.3500 1.4700 49.71 51.43 50.34 -0.0000 0.0000 0.0000 44.5850 -124.0619
2006.5301 2006 194 -0.9700 -1.5100 1.0900 49.85 51.22 50.56 -0.0000 0.0000 0.0000 44.5850 -124.0619
2006.5329 2006 195 -1.3100 -0.9600 -4.7000 49.96 50.81 50.82 -0.0000 0.0000 0.0000 44.5850 -124.0619
2006.5356 2006 196 0.0800 -1.1500 5.7500 49.89 50.99 50.70 -0.0000 0.0000 0.0000 44.5850 -124.0619
2006.5384 2006 197 0.7100 -0.3900 0.1300 50.54 51.69 50.78 0.0000 0.0000 0.0000 44.5850 -124.0619
2006.5411 2006 198 -0.8700 -0.6800 -0.0200 50.64 51.20 51.39 0.0000 0.0000 0.0000 44.5850 -124.0619
2006.5438 2006 199 0.3200 -1.0100 6.8600 50.53 50.81 51.45 0.0000 0.0000 0.0000 44.5850 -124.0619
2006.5466 2006 200 0.6600 -0.6300 0.6200 50.61 50.57 51.19 0.0000 0.0000 0.0000 44.5850 -124.0619
2006.5493 2006 201 0.4000 -1.0700 7.6700 50.98 50.86 51.51 0.0000 0.0000 0.0000 44.5850 -124.0619
2006.5521 2006 202 0.8800 -1.6700 1.1800 51.05 50.83 51.48 0.0000 0.0000 0.0000 44.5850 -124.0619
2006.5548 2006 203 -1.1900 -3.4700 5.3500 51.57 50.67 51.55 0.0000 0.0000 0.0000 44.5850 -124.0619
2006.5575 2006 204 -0.4800 -1.5700 -1.0500 51.64 50.79 51.43 0.0000 0.0000 0.0000 44.5850 -124.0619
2006.5603 2006 205 -0.7400 -0.4800 4.3500 52.17 50.80 51.25 0.0000 0.0000 0.0000 44.5850 -124.0619
2006.5630 2006 206 -1.9600 -0.6000 5.1700 52.33 50.82 51.26 0.0000 0.0000 0.0000 44.5850 -124.0619
2006.5658 2006 207 0.2200 -1.2300 3.1400 52.22 50.96 50.72 0.0000 0.0000 0.0000 44.5850 -124.0619
2006.5685 2006 208 -0.7900 -2.5800 8.7800 51.80 50.79 50.46 0.0000 0.0000 0.0000 44.5850 -124.0619
2006.5712 2006 209 0.3300 -1.8800 0.6700 51.67 50.55 50.24 0.0000 0.0000 0.0000 44.5850 -124.0619
2006.5740 2006 210 0.8400 -1.7400 -6.9200 51.29 50.33 50.12 0.0000 0.0000 0.0000 44.5850 -124.0619
2006.5767 2006 211 0.4800 -0.6700 -4.4600 50.94 49.87 50.10 0.0000 -0.0000 0.0000 44.5850 -124.0619
2006.5795 2006 212 -0.9800 -1.1700 -2.8000 50.63 49.51 49.63 0.0000 -0.0000 -0.0000 44.5850 -124.0619
2006.5822 2006 213 0.5300 -1.6800 -7.7800 50.50 49.50 49.50 0.0000 -0.0000 -0.0000 44.5850 -124.0619
2006.5849 2006 214 0.8900 -3.0100 -0.6100 50.68 49.91 49.07 0.0000 -0.0000 -0.0000 44.5850 -124.0619
2006.5877 2006 215 2.0400 -1.4000 -2.0000 50.50 49.82 48.93 0.0000 -0.0000 -0.0000 44.5850 -124.0619
2006.5904 2006 216 -0.6300 -0.7300 0.2500 50.40 49.58 48.63 0.0000 -0.0000 -0.0000 44.5850 -124.0619
2006.5932 2006 217 0.7500 -0.3600 -4.8900 50.48 49.30 48.27 0.0000 -0.0000 -0.0000 44.5850 -124.0619
2006.5959 2006 218 -1.1200 -1.1800 -4.4400 49.80 48.99 48.04 -0.0000 -0.0000 -0.0000 44.5850 -124.0619
2006.5986 2006 219 -1.1300 -1.1900 -7.7100 49.47 49.49 47.32 -0.0000 -0.0000 -0.0000 44.5850 -124.0619
2006.6014 2006 220 -2.1800 -0.8900 2.9700 49.33 49.83 47.19 -0.0000 -0.0000 -0.0000 44.5850 -124.0619
2006.6041 2006 221 -2.3200 -1.3500 -0.8100 48.94 49.98 47.44 -0.0000 -0.0000 -0.0000 44.5850 -124.0619
2006.6068 2006 222 -1.1500 -3.6400 -8.0400 48.70 49.50 47.50 -0.0000 -0.0000 -0.0000 44.5850 -124.0619
2006.6096 2006 223 -0.7700 -1.0700 0.3900 48.65 49.16 47.54 -0.0000 -0.0000 -0.0000 44.5850 -124.0619
2006.6123 2006 224 -0.7100 -0.8100 -3.9600 48.33 49.23 47.75 -0.0000 -0.0000 -0.0000 44.5850 -124.0619
2006.6151 2006 225 -2.2700 -1.8500 -5.0600 47.94 49.65 47.82 -0.0000 -0.0000 -0.0000 44.5850 -124.0619
2006.6178 2006 226 -1.0700 -1.6100 -0.5500 47.29 49.62 47.95 -0.0000 -0.0000 -0.0000 44.5850 -124.0619
2006.6205 2006 227 -2.6300 -1.7600 -6.1100 47.06 49.56 47.94 -0.0000 -0.0000 -0.0000 44.5850 -124.0619
2006.6233 2006 228 -2.1300 -1.2400 -5.0700 46.68 49.12 48.50 -0.0000 -0.0000 -0.0000 44.5850 -124.0619
2006.6260 2006 229 -2.6800 -1.3800 -8.1900 46.83 49.21 48.76 -0.0000 -0.0000 -0.0000 44.5850 -124.0619
2006.6288 2006 230 -0.7000 -1.1200 -3.9500 46.83 49.15 49.19 -0.0000 -0.0000 -0.0000 44.5850 -124.0619
2006.6315 2006 231 -1.5800 -1.2100 -3.2800 47.35 48.99 49.09 -0.0000 -0.0000 -0.0000 44.5850 -124.0619
2006.6342 2006 232 0.8300 -2.1600 0.3800 47.95 49.09 49.07 -0.0000 -0.0000 -0.0000 44.5850 -124.0619
2006.6370 2006 233 -1.2600 -3.3900 -4.6900 48.32 49.71 49.84 -0.0000 -0.0000 -0.0000 44.5850 -124.0619
2006.6397 2006 234 0.2800 -2.3100 -2.7000 48.67 49.85 50.05 -0.0000 -0.0000 0.0000 44.5850 -124.0619
2006.6425 2006 235 -2.3400 -0.7900 0.0900 48.77 49.48 50.42 -0.0000 -0.0000 0.0000 44.5850 -124.0619
2006.6452 2006 236 -1.2300 -1.4600 0.0000 49.37 49.80 50.49 -0.0000 -0.0000 0.0000 44.5850 -124.0619
2006.6479 2006 237 -2.3300 -0.9200 3.9800 49.59 49.98 50.48 -0.0000 -0.0000 0.0000 44.5850 -124.0619
2006.6507 2006 238 -2.3000 -2.6300 4.7700 50.13 50.25 50.79 0.0000 0.0000 0.0000 44.5850 -124.0619
2006.6534 2006 239 -1.4900 -1.3400 0.4600 50.52 50.46 50.91 0.0000 0.0000 0.0000 44.5850 -124.0619
2006.6562 2006 240 -1.3800 -2.2300 -0.0300 50.84 50.21 51.60 0.0000 0.0000 0.0000 44.5850 -124.0619
2006.6589 2006 241 0.3400 -2.0100 -2.7000 51.04 50.00 52.00 0.0000 -0.0000 0.0000 44.5850 -124.0619
2006.6616 2006 242 0.3200 -1.3700 -2.4100 51.49 49.86 52.24 0.0000 -0.0000 0.0000 44.5850 -124.0619
2006.6644 2006 243 0.8800 -1.7000 2.2100 51.58 50.14 52.10 0.0000 0.0000 0.0000 44.5850 -124.0619
2006.6671 2006 244 0.8300 0.3700 5.2100 51.89 50.53 52.50 0.0000 0.0000 0.0000 44.5850 -124.0619
2006.6699 2006 245 0.8000 -1.0200 -0.3800 51.92 50.62 52.75 0.0000 0.0000 0.0000 44.5850 -124.0619
2006.6726 2006 246 1.3000 0.1500 -5.9000 52.47 50.37 52.85 0.0000 0.0000 0.0000 44.5850 -124.0619
2006.6753 2006 247 0.6000 -1.4600 -3.9700 53.11 50.32 53.01 0.0000 0.0000 0.0000 44.5850 -124.0619
2006.6781 2006 248 1.3200 -0.8600 -5.2200 53.52 50.28 52.91 0.0000 0.0000 0.0000 44.5850 -124.0619
2006.6808 2006 249 -1.0500 0.4600 -7.1800 54.22 50.77 52.49 0.0000 0.0000 0.0000 44.5850 -124.0619
2006.6836 2006 250 -1.7000 -2.0200 -1.4200 54.37 50.77 52.28 0.0000 0.0000 0.0000 44.5850 -124.0619
2006.6863 2006 251 0.0200 -1.9900 3.1200 54.56 50.99 52.30 0.0000 0.0000 0.0000 44.5850 -124.0619
2006.6890 2006 252 0.0600 -1.6800 5.7900 54.11 51.13 52.51 0.0000 0.0000 0.0000 44.5850 -124.0619
2006.6918 2006 253 1.8800 -1.7600 0.2900 53.85 51.12 52.58 0.0000 0.0000 0.0000 44.5850 -124.0619
2006.6945 2006 254 1.0600 -2.9300 4.7100 53.80 50.87 52.01 0.0000 0.0000 0.0000 44.5850 -124.0619
2006.6973 2006 255 0.2700 -2.3000 8.2300 53.60 50.36 51.73 0.0000 0.0000 0.0000 44.5850 -124.0619
2006.7000 2006 256 -0.4900 -0.1700 3.3800 53.12 50.43 51.63 0.0000 0.0000 0.0000 44.5850 -124.0619
2006.7027 2006 257 1.2700 -2.0400 6.7100 52.55 49.97 51.77 0.0000 -0.0000 0.0000 44.5850 -124.0619
2006.7055 2006 258 -0.4500 -1.5600 4.2500 52.36 49.85 51.93 0.0000 -0.0000 0.0000 44.5850 -124.0619
2006.7082 2006 259 0.8200 -1.1000 1.1300 51.85 49.58 51.88 0.0000 -0.0000 0.0000 44.5850 -124.0619
2006.7110 2006 260 -0.5700 -1.5900 -1.6500 51.88 49.09 52.19 0.0000 -0.0000 0.0000 44.5850 -124.0619
2006.7137 2006 261 -0.0200 -1.5300 8.6300 51.69 48.99 51.91 0.0000 -0.0000 0.0000 44.5850 -124.0619
2006.7164 2006 262 -1.2800 -2.0900 -2.0100 51.50 49.12 51.61 0.0000 -0.0000 0.0000 44.5850 -124.0619
2006.7192 2006 263 0.4100 -1.4000 -1.9000 51.23 49.19 51.07 0.0000 -0.0000 0.0000 44.5850 -124.0619
2006.7219 2006 264 2.3900 -1.4400 -4.6600 50.97 49.22 51.16 0.0000 -0.0000 0.0000 44.5850 -124.0619
2006.7247 2006 265 0.5400 -1.9000 2.0600 50.59 49.30 50.62 0.0000 -0.0000 0.0000 44.5850 -124.0619
2006.7274 2006 266 -2.9000 -0.6800 1.0700 50.49 49.43 49.92 0.0000 -0.0000 -0.0000 44.5850 -124.0619
2006.7301 2006 267 -0.7900 -1.2000 -1.9200 50.33 49.15 49.70 0.0000 -0.0000 -0.0000 44.5850 -124.0619
2006.7329 2006 268 0.6000 -2.1400 -3.1600 49.81 49.46 49.23 -0.0000 -0.0000 -0.0000 44.5850 -124.0619
2006.7356 2006 269 0.7100 -1.9100 -5.6900 49.72 49.40 48.96 -0.0000 -0.0000 -0.0000 44.5850 -124.0619
2006.7384 2006 270 0.6400 -1.3800 1.2100 49.26 49.08 48.93 -0.0000 -0.0000 -0.0000 44.5850 -124.0619
2006.7411 2006 271 -2.6800 -3.0900 -2.1600 49.24 49.30 49.08 -0.0000 -0.0000 -0.0000 44.5850 -124.0619
2006.7438 2006 272 -1.3400 -1.7000 2.5300 49.14 49.26 48.54 -0.0000 -0.0000 -0.0000 44.5850 -124.0619
2006.7466 2006 273 -1.0700 -1.6100 -1.5100 49.48 49.36 48.62 -0.0000 -0.0000 -0.0000 44.5850 -124.0619
2006.7493 2006 274 0.2900 -1.2200 3.5300 49.45 49.17 48.86 -0.0000 -0.0000 -0.0000 44.5850 -124.0619
2006.7521 2006 275 -0.0600 -2.0800 -2.6100 49.00 49.21 49.56 -0.0000 -0.0000 -0.0000 44.5850 -124.0619
2006.7548 2006 276 -0.9800 -1.3800 -2.5300 49.29 49.43 49.76 -0.0000 -0.0000 -0.0000 44.5850 -124.0619
2006.7575 2006 277 0.9400 -1.3900 -0.4000 50.14 49.03 49.89 0.0000 -0.0000 -0.0000 44.5850 -124.0619
2006.7603 2006 278 -0.9400 -0.7500 -1.2200 50.40 49.10 50.21 0.0000 -0.0000 0.0000 44.5850 -124.0619
2006.7630 2006 279 1.6500 -2.3200 -4.7400 50.68 49.32 50.62 0.0000 -0.0000 0.0000 44.5850 -124.0619
2006.7658 2006 280 -0.0300 -1.9300 -3.9800 50.83 49.62 51.21 0.0000 -0.0000 0.0000 44.5850 -124.0619
2006.7685 2006 281 0.6500 -0.4200 1.2200 50.59 49.92 51.04 0.0000 -0.0000 0.0000 44.5850 -124.0619
2006.7712 2006 282 0.7700 -1.2200 0.1800 50.77 50.50 51.12 0.0000 0.0000 0.0000 44.5850 -124.0619
2006.7740 2006 283 0.4600 -1.5300 0.3000 50.95 50.35 51.09 0.0000 0.0000 0.0000 44.5850 -124.0619
2006.7767 2006 284 0.1800 -2.6800 5.3400 51.04 50.45 51.38 0.0000 0.0000 0.0000 44.5850 -124.0619
2006.7795 2006 285 -0.9500 -0.9000 9.8500 51.04 50.27 51.04 0.0000 0.0000 0.0000 44.5850 -124.0619
2006.7822 2006 286 3.8600 -2.4900 5.2500 50.99 50.20 51.08 0.0000 0.0000 0.0000 44.5850 -124.0619
2006.7849 2006 287 3.2300 -3.3400 5.7600 51.17 50.09 51.50 0.0000 0.0000 0.0000 44.5850 -124.0619
2006.7877 2006 288 0.2500 -2.1800 10.3200 50.97 50.39 51.46 0.0000 0.0000 0.0000 44.5850 -124.0619
2006.7904 2006 289 4.1300 -1.1800 8.9000 51.29 50.03 51.51 0.0000 0.0000 0.0000 44.5850 -124.0619
2006.7932 2006 290 2.1000 -0.7600 10.5200 51.26 50.28 51.68 0.0000 0.0000 0.0000 44.5850 -124.0619
2006.7959 2006 291 -0.6600 -1.2400 2.7300 51.60 50.43 51.64 0.0000 0.0000 0.0000 44.5850 -124.0619
2006.7986 2006 292 -1.3100 0.0400 -0.5700 51.54 50.03 51.51 0.0000 0.0000 0.0000 44.5850 -124.0619
2006.8014 2006 293 -0.4400 -2.6000 1.3900 51.52 49.96 51.67 0.0000 -0.0000 0.0000 44.5850 -124.0619
2006.8041 2006 294 -0.9700 -0.5900 0.7000 51.54 49.94 51.43 0.0000 -0.0000 0.0000 44.5850 -124.0619
2006.8068 2006 295 -1.5100 -2.1800 -2.6900 51.75 50.25 51.04 0.0000 0.0000 0.0000 44.5850 -124.0619
2006.8096 2006 296 -1.9400 -1.5200 -6.4300 52.36 49.89 50.30 0.0000 -0.0000 0.0000 44.5850 -124.0619
2006.8123 2006 297 0.1100 -1.1300 0.8700 51.91 50.02 50.04 0.0000 0.0000 0.0000 44.5850 -124.0619
2006.8151 2006 298 -0.2100 -0.5400 -4.6800 51.22 50.68 49.75 0.0000 0.0000 -0.0000 44.5850 -124.0619
2006.8178 2006 299 0.9800 -1.8600 -6.7100 51.40 51.07 48.93 0.0000 0.0000 -0.0000 44.5850 -124.0619
2006.8205 2006 300 3.2000 -1.1800 -7.3200 50.74 50.97 48.30 0.0000 0.0000 -0.0000 44.5850 -124.0619
2006.8233 2006 301 3.3900 -1.9600 -9.6000 50.46 50.70 47.50 0.0000 0.0000 -0.0000 44.5850 -124.0619
2006.8260 2006 302 1.0100 -2.2700 0.1300 50.85 50.66 47.27 0.0000 0.0000 -0.0000 44.5850 -124.0619
2006.8288 2006 303 1.2900 -1.4500 -3.7300 50.91 50.14 47.19 0.0000 0.0000 -0.0000 44.5850 -124.0619
2006.8315 2006 304 2.6400 -0.8500 -4.3600 51.02 50.47 47.16 0.0000 0.0000 -0.0000 44.5850 -124.0619
2006.8342 2006 305 2.6500 -1.6700 1.2100 50.97 50.25 46.99 0.0000 0.0000 -0.0000 44.5850 -124.0619
2006.8370 2006 306 3.1600 -3.4700 2.7500 51.32 50.44 47.10 0.0000 0.0000 -0.0000 44.5850 -124.0619
2006.8397 2006 307 1.7300 -2.0600 1.0000 51.77 50.21 47.36 0.0000 0.0000 -0.0000 44.5850 -124.0619
2006.8425 2006 308 1.4400 -0.3900 2.2300 51.69 50.12 46.95 0.0000 0.0000 -0.0000 44.5850 -124.0619
2006.8452 2006 309 3.1000 0.2000 -0.7300 51.87 49.70 47.15 0.0000 -0.0000 -0.0000 44.5850 -124.0619
2006.8479 2006 310 0.1500 -0.9700 2.7300 51.56 49.90 47.45 0.0000 -0.0000 -0.0000 44.5850 -124.0619
2006.8507 2006 311 0.3700 -1.9600 4.3100 51.21 49.72 47.54 0.0000 -0.0000 -0.0000 44.5850 -124.0619
2006.8534 2006 312 2.1100 -1.4000 -2.5500 50.82 49.81 47.73 0.0000 -0.0000 -0.0000 44.5850 -124.0619
2006.8562 2006 313 0.3100 -1.0300 -1.1400 50.94 50.24 47.62 0.0000 0.0000 -0.0000 44.5850 -124.0619
2006.8589 2006 314 1.2100 -0.8400 -0.7200 50.81 50.33 47.59 0.0000 0.0000 -0.0000 44.5850 -124.0619
2006.8616 2006 315 -1.4200 -1.3900 -1.8000 50.40 50.09 47.68 0.0000 0.0000 -0.0000 44.5850 -124.0619
2006.8644 2006 316 0.8900 -1.5300 -6.7000 50.20 49.96 47.59 0.0000 -0.0000 -0.0000 44.5850 -124.0619
2006.8671 2006 317 1.5800 -2.7600 -3.4300 49.65 50.48 47.46 -0.0000 0.0000 -0.0000 44.5850 -124.0619
2006.8699 2006 318 0.1800 -1.5700 -6.9200 49.78 50.60 47.20 -0.0000 0.0000 -0.0000 44.5850 -124.0619
2006.8726 2006 319 0.7900 -3.1500 -3.2800 49.88 50.36 47.13 -0.0000 0.0000 -0.0000 44.5850 -124.0619
2006.8753 2006 320 -0.8800 -1.1400 -4.0100 49.49 49.92 47.40 -0.0000 -0.0000 -0.0000 44.5850 -124.0619
2006.8781 2006 321 0.6700 -1.6900 -7.3400 50.19 49.80 47.66 0.0000 -0.0000 -0.0000 44.5850 -124.0619
2006.8808 2006 322 2.1600 -1.2500 -9.9700 50.69 50.07 47.79 0.0000 0.0000 -0.0000 44.5850 -124.0619
2006.8836 2006 323 2.6300 -0.4700 -3.4700 50.42 50.30 48.00 0.0000 0.0000 -0.0000 44.5850 -124.0619
2006.8863 2006 324 0.2800 -0.9300 -7.6900 50.46 50.51 47.86 0.0000 0.0000 -0.0000 44.5850 -124.0619
2006.8890 2006 325 -0.1300 -2.2000 -5.8900 50.36 50.47 47.78 0.0000 0.0000 -0.0000 44.5850 -124.0619
2006.8918 2006 326 2.4100 -1.8000 -4.3100 50.57 50.74 47.45 0.0000 0.0000 -0.0000 44.5850 -124.0619
2006.8945 2006 327 0.1400 -1.7400 -6.1200 50.31 50.75 47.43 0.0000 0.0000 -0.0000 44.5850 -124.0619
2006.8973 2006 328 0.9800 -0.8500 -9.1000 49.67 51.28 47.24 -0.0000 0.0000 -0.0000 44.5850 -124.0619
2006.9000 2006 329 0.7300 0.1300 -3.0500 49.52 51.52 47.51 -0.0000 0.0000 -0.0000 44.5850 -124.0619
2006.9027 2006 330 1.5200 -1.0900 -3.4700 49.16 52.05 47.28 -0.0000 0.0000 -0.0000 44.5850 -124.0619
2006.9055 2006 331 4.1300 -1.6600 4.0600 49.10 51.84 47.10 -0.0000 0.0000 -0.0000 44.5850 -124.0619
2006.9082 2006 332 4.3200 -0.9700 2.1400 48.71 52.02 47.39 -0.0000 0.0000 -0.0000 44.5850 -124.0619
2006.9110 2006 333 2.5200 0.0900 -1.6600 48.21 51.71 47.74 -0.0000 0.0000 -0.0000 44.5850 -124.0619
2006.9137 2006 334 2.7300 -0.3900 -5.7100 47.67 51.25 48.02 -0.0000 0.0000 -0.0000 44.5850 -124.0619
2006.9164 2006 335 1.9900 0.4900 -4.8600 47.45 51.17 48.30 -0.0000 0.0000 -0.0000 44.5850 -124.0619
2006.9192 2006 336 0.4400 -0.2100 -15.2100 47.36 51.57 48.26 -0.0000 0.0000 -0.0000 44.5850 -124.0619
2006.9219 2006 337 0.4200 -0.7200 -11.7800 47.20 51.62 48.30 -0.0000 0.0000 -0.0000 44.5850 -124.0619
2006.9247 2006 338 -2.0400 -0.2500 -6.1900 47.26 51.45 48.78 -0.0000 0.0000 -0.0000 44.5850 -124.0619
2006.9274 2006 339 -1.4000 -0.3100 -7.4200 47.06 51.26 49.16 -0.0000 0.0000 -0.0000 44.5850 -124.0619
2006.9301 2006 340 -2.0600 -1.8100 -8.5200 47.01 50.97 49.08 -0.0000 0.0000 -0.0000 44.5850 -124.0619
2006.9329 2006 341 -3.2300 -1.8500 -6.5100 47.14 51.14 48.98 -0.0000 0.0000 -0.0000 44.5850 -124.0619
2006.9356 2006 342 -6.1500 -1.0100 2.4500 46.52 51.30 48.62 -0.0000 0.0000 -0.0000 44.5850 -124.0619
2006.9384 2006 343 -4.5600 -2.6600 0.8700 45.82 51.21 48.49 -0.0000 0.0000 -0.0000 44.5850 -124.0619
2006.9411 2006 344 -2.0700 -2.0200 0.8400 45.46 50.60 48.49 -0.0000 0.0000 -0.0000 44.5850 -124.0619
2006.9438 2006 345 -3.2200 -1.0300 -3.9600 44.93 50.35 48.89 -0.0000 0.0000 -0.0000 44.5850 -124.0619
2006.9466 2006 346 -4.0500 -0.7000 -9.0200 44.73 49.98 49.12 -0.0000 -0.0000 -0.0000 44.5850 -124.0619
2006.9493 2006 347 0.2400 -1.5900 -10.3100 44.62 49.47 50.00 -0.0000 -0.0000 0.0000 44.5850 -124.0619
2006.9521 2006 348 -1.9800 -1.3100 -2.0000 44.60 49.28 50.31 -0.0000 -0.0000 0.0000 44.5850 -124.0619
2006.9548 2006 349 -2.0500 -0.9900 -9.6400 45.16 48.76 50.29 -0.0000 -0.0000 0.0000 44.5850 -124.0619
2006.9575 2006 350 -0.6100 -1.2000 -12.6600 45.62 48.29 50.41 -0.0000 -0.0000 0.0000 44.5850 -124.0619
2006.9603 2006 351 1.5100 -1.1600 -10.7100 46.13 47.95 50.93 -0.0000 -0.0000 0.0000 44.5850 -124.0619
2006.9630 2006 352 0.4000 -1.3000 -6.5500 46.75 48.38 50.95 -0.0000 -0.0000 0.0000 44.5850 -124.0619
2006.9658 2006 353 -0.5200 -0.6700 -5.1400 47.77 48.38 50.13 -0.0000 -0.0000 0.0000 44.5850 -124.0619
2006.9685 2006 354 -1.5000 -2.1100 -0.2500 48.74 48.69 49.49 -0.0000 -0.0000 -0.0000 44.5850 -124.0619
2006.9712 2006 355 -1.2900 -1.2800 2.1900 49.31 49.20 49.03 -0.0000 -0.0000 -0.0000 44.5850 -124.0619
2006.9740 2006 356 0.2900 -0.5400 -2.1100 49.62 49.45 48.63 -0.0000 -0.0000 -0.0000 44.5850 -124.0619
2006.9767 2006 357 1.1400 -2.3400 -0.7200 49.88 49.28 48.74 -0.0000 -0.0000 -0.0000 44.5850 -124.0619
2006.9795 2006 358 -0.5500 -1.2000 -6.9900 49.65 49.25 49.07 -0.0000 -0.0000 -0.0000 44.5850 -124.0619
2006.9822 2006 359 1.0000 -1.3400 -9.6200 49.83 49.16 48.84 -0.0000 -0.0000 -0.0000 44.5850 -124.0619
2006.9849 2006 360 2.7700 -2.1600 -4.0500 50.17 49.22 48.77 0.0000 -0.0000 -0.0000 44.5850 -124.0619
2006.9877 2006 361 1.1500 -2.6200 4.0000 50.34 49.53 49.19 0.0000 -0.0000 -0.0000 44.5850 -124.0619
2006.9904 2006 362 2.2600 0.3600 -9.0200 50.15 49.75 49.41 0.0000 -0.0000 -0.0000 44.5850 -124.0619
2006.9932 2006 363 -0.6100 -0.1600 -19.0300 50.30 49.75 49.59 0.0000 -0.0000 -0.0000 44.5850 -124.0619
2006.9959 2006 364 0.2600 -2.0000 -12.2200 50.64 49.68 49.44 0.0000 -0.0000 -0.0000 44.5850 -124.0619
2006.9986 2006 365 0.1500 0.0900 -13.2600 51.27 50.43 49.29 0.0000 0.0000 -0.0000 44.5850 -124.0619
2007.0014 2007 1 -3.2100 0.7400 -15.4300 51.87 50.63 48.90 0.0000 0.0000 -0.0000 44.5850 -124.0619
2007.0041 2007 2 -5.0500 -0.1600 -8.9400 52.19 50.98 48.66 0.0000 0.0000 -0.0000 44.5850 -124.0619
2007.0068 2007 3 -4.6400 -1.5600 -4.0500 52.27 51.69 47.99 0.0000 0.0000 -0.0000 44.5850 -124.0619
2007.0096 2007 4 -1.8400 -1.4600 -6.4700 52.61 51.90 47.71 0.0000 0.0000 -0.0000 44.5850 -124.0619
2007.0123 2007 5 -1.0100 -0.7500 -13.3700 52.55 52.16 47.71 0.0000 0.0000 -0.0000 44.5850 -124.0619
2007.0151 2007 6 0.2500 -0.4300 -6.3900 52.16 52.63 47.59 0.0000 0.0000 -0.0000 44.5850 -124.0619
2007.0178 2007 7 -0.8500 0.6800 -9.9000 52.04 53.12 46.96 0.0000 0.0000 -0.0000 44.5850 -124.0619
2007.0205 2007 8 -1.3900 -0.6900 -12.2800 51.41 52.76 46.94 0.0000 0.0000 -0.0000 44.5850 -124.0619
2007.0233 2007 9 -0.9500 -0.7900 -21.9500 51.16 52.55 47.66 0.0000 0.0000 -0.0000 44.5850 -124.0619
2007.0260 2007 10 2.4100 1.0500 -6.1700 51.07 52.78 48.22 0.0000 0.0000 -0.0000 44.5850 -124.0619
2007.0288 2007 11 2.1800 -0.8200 -5.7000 50.94 52.44 48.79 0.0000 0.0000 -0.0000 44.5850 -124.0619
2007.0315 2007 12 2.6100 1.0700 -10.3900 51.27 52.01 49.30 0.0000 0.0000 -0.0000 44.5850 -124.0619
2007.0342 2007 13 2.7500 0.9800 -11.1400 52.09 51.90 49.31 0.0000 0.0000 -0.0000 44.5850 -124.0619
2007.0370 2007 14 2.4800 0.0700 -13.2700 52.85 52.06 48.96 0.0000 0.0000 -0.0000 44.5850 -124.0619
2007.0397 2007 15 2.8200 -0.5300 -14.8600 53.12 52.24 48.98 0.0000 0.0000 -0.0000 44.5850 -124.0619
2007.0425 2007 16 1.9700 -0.4600 -5.0300 53.23 52.22 49.21 0.0000 0.0000 -0.0000 44.5850 -124.0619
2007.0452 2007 17 2.2900 0.7400 -9.7000 53.15 52.27 49.12 0.0000 0.0000 -0.0000 44.5850 -124.0619
2007.0479 2007 18 -0.0800 -0.1000 -13.0000 53.30 52.00 49.12 0.0000 0.0000 -0.0000 44.5850 -124.0619
2007.0507 2007 19 0.9400 -1.0300 -10.7800 53.57 52.03 49.42 0.0000 0.0000 -0.0000 44.5850 -124.0619
2007.0534 2007 20 2.9300 0.8700 -1.2900 53.53 52.04 50.24 0.0000 0.0000 0.0000 44.5850 -124.0619
2007.0562 2007 21 0.6800 -0.5200 -2.6900 52.80 51.33 50.57 0.0000 0.0000 0.0000 44.5850 -124.0619
2007.0589 2007 22 0.1300 -0.9000 -5.0500 52.12 51.30 50.95 0.0000 0.0000 0.0000 44.5850 -124.0619
2007.0616 2007 23 2.2800 -0.5400 -8.6400 51.65 50.73 51.52 0.0000 0.0000 0.0000 44.5850 -124.0619
2007.0644 2007 24 -0.6700 -0.2700 -12.3300 51.34 50.04 52.10 0.0000 0.0000 0.0000 44.5850 -124.0619
2007.0671 2007 25 1.1000 -0.2200 -10.2600 50.78 49.59 52.69 0.0000 -0.0000 0.0000 44.5850 -124.0619
2007.0699 2007 26 0.9600 -0.7000 -7.9300 50.39 49.20 53.29 0.0000 -0.0000 0.0000 44.5850 -124.0619
2007.0726 2007 27 0.1100 0.7000 -4.1400 50.27 48.77 53.23 0.0000 -0.0000 0.0000 44.5850 -124.0619
2007.0753 2007 28 -1.2700 0.2600 -9.3300 49.92 47.70 53.94 -0.0000 -0.0000 0.0000 44.5850 -124.0619
2007.0781 2007 29 -0.0800 -0.0500 -5.7600 50.21 47.23 54.44 0.0000 -0.0000 0.0000 44.5850 -124.0619
2007.0808 2007 30 -1.8400 -0.8000 -5.8300 NaN NaN NaN 0.0000 0.0000 0.0000 44.5850 -124.0619
2007.0836 2007 31 -1.6800 -1.5100 0.6500 NaN NaN NaN 0.0000 0.0000 0.0000 44.5850 -124.0619
2007.0863 2007 32 -1.7200 -0.7300 1.0800 NaN NaN NaN 0.0000 0.0000 0.0000 44.5850 -124.0619
2007.0890 2007 33 -0.1900 -1.4000 1.5500 NaN NaN NaN 0.0000 0.0000 0.0000 44.5850 -124.0619
2007.0918 2007 34 0.8900 -1.1000 -0.1900 NaN NaN NaN 0.0000 0.0000 0.0000 44.5850 -124.0619
2007.0945 2007 35 -0.8300 -1.8700 0.1100 NaN NaN NaN 0.0000 0.0000 0.0000 44.5850 -124.0619
2007.0973 2007 36 0.3100 -2.3600 -0.7700 NaN NaN NaN 0.0000 0.0000 0.0000 44.5850 -124.0619
2007.1000 2007 37 -0.2400 -2.0000 -7.2600 NaN NaN NaN 0.0000 0.0000 0.0000 44.5850 -124.0619
2007.1027 2007 38 -0.3100 -3.9200 3.0400 NaN NaN NaN 0.0000 0.0000 0.0000 44.5850 -124.0619
2007.1055 2007 39 0.6100 -3.4100 -0.8000 NaN NaN NaN 0.0000 0.0000 0.0000 44.5850 -124.0619
