2005.1767 2005 65 11.4200 0.2000 -6.9500 73.18 76.54 52.01 0.0000 0.0000 0.0000 46.1898 -122.2032
2005.1795 2005 66 13.3100 0.5700 -5.5600 72.83 76.42 52.06 0.0000 0.0000 0.0000 46.1898 -122.2032
2005.1822 2005 67 14.7700 1.0100 -5.0900 72.49 76.24 52.53 0.0000 0.0000 0.0000 46.1898 -122.2032
2005.1849 2005 68 15.1600 -0.2900 1.0800 71.59 76.20 53.27 0.0000 0.0000 0.0000 46.1898 -122.2032
2005.1877 2005 69 19.0300 2.6100 -7.7700 70.57 76.50 54.45 0.0000 0.0000 0.0000 46.1898 -122.2032
2005.1904 2005 70 15.4100 2.7100 -6.2200 68.80 76.90 55.00 0.0000 0.0000 0.0000 46.1898 -122.2032
2005.1932 2005 71 15.0800 3.0000 -3.6700 67.44 76.60 54.82 0.0000 0.0000 0.0000 46.1898 -122.2032
2005.1959 2005 72 18.5900 3.5200 -4.4200 65.97 76.32 54.89 0.0000 0.0000 0.0000 46.1898 -122.2032
2005.1986 2005 73 17.7800 3.9000 -8.2700 64.69 76.14 54.88 0.0000 0.0000 0.0000 46.1898 -122.2032
2005.2014 2005 74 18.0100 3.9700 -1.6700 63.15 76.01 55.15 0.0000 0.0000 0.0000 46.1898 -122.2032
2005.2041 2005 75 19.3100 4.7500 -3.2000 61.38 75.92 55.57 0.0000 0.0000 0.0000 46.1898 -122.2032
2005.2068 2005 76 15.4200 3.9300 3.7400 59.36 75.26 55.82 0.0000 0.0000 0.0000 46.1898 -122.2032
2005.2096 2005 77 18.3000 3.4800 1.1000 57.01 74.27 56.00 0.0000 0.0000 0.0000 46.1898 -122.2032
2005.2123 2005 78 18.3300 4.2700 10.4400 54.69 72.94 56.12 0.0000 0.0000 0.0000 46.1898 -122.2032
2005.2151 2005 79 15.9100 6.2000 21.8100 52.44 72.05 55.92 0.0000 0.0000 0.0000 46.1898 -122.2032
2005.2178 2005 80 7.3900 7.3600 7.2200 50.00 70.89 56.16 -0.0000 0.0000 0.0000 46.1898 -122.2032
2005.2205 2005 81 3.7200 7.5800 4.5000 48.01 69.56 56.50 -0.0000 0.0000 0.0000 46.1898 -122.2032
2005.2233 2005 82 0.3000 10.8000 6.3400 45.93 68.10 56.70 -0.0000 0.0000 0.0000 46.1898 -122.2032
2005.2260 2005 83 1.9800 12.8300 3.9900 43.52 66.79 56.96 -0.0000 0.0000 0.0000 46.1898 -122.2032
2005.2288 2005 84 0.5200 8.8100 14.8700 40.94 65.42 57.54 -0.0000 0.0000 0.0000 46.1898 -122.2032
2005.2315 2005 85 -0.1000 11.7600 11.7700 38.46 64.22 57.68 -0.0000 0.0000 0.0000 46.1898 -122.2032
2005.2342 2005 86 -3.1000 6.7900 11.1500 35.80 62.93 57.92 -0.0000 0.0000 0.0000 46.1898 -122.2032
2005.2370 2005 87 -8.3600 2.4400 16.4100 33.53 62.08 57.82 -0.0000 0.0000 0.0000 46.1898 -122.2032
2005.2397 2005 88 -9.9200 2.8700 15.2400 31.05 61.49 57.70 -0.0000 0.0000 0.0000 46.1898 -122.2032
2005.2425 2005 89 -12.2300 2.8900 13.7000 28.63 60.69 57.30 -0.0000 0.0000 0.0000 46.1898 -122.2032
2005.2452 2005 90 -8.7900 4.0100 3.3500 26.48 59.59 56.20 -0.0000 0.0000 0.0000 46.1898 -122.2032
2005.2479 2005 91 -9.7900 1.5800 11.7700 25.20 58.44 55.96 -0.0000 0.0000 0.0000 46.1898 -122.2032
2005.2507 2005 92 -13.3900 1.0500 10.3100 23.97 57.33 56.13 -0.0000 0.0000 0.0000 46.1898 -122.2032
2005.2534 2005 93 -15.1800 3.2300 16.6900 23.01 56.03 55.97 -0.0000 0.0000 0.0000 46.1898 -122.2032
2005.2562 2005 94 -23.2200 2.8600 16.2200 21.81 54.53 55.73 -0.0000 0.0000 0.0000 46.1898 -122.2032
2005.2589 2005 95 -24.1900 3.9800 18.0000 20.83 53.64 55.13 -0.0000 0.0000 0.0000 46.1898 -122.2032
2005.2616 2005 96 -23.1700 5.5300 10.4100 19.77 52.19 54.57 -0.0000 0.0000 0.0000 46.1898 -122.2032
2005.2644 2005 97 -27.4400 9.3100 12.2000 18.79 51.49 54.02 -0.0000 0.0000 0.0000 46.1898 -122.2032
2005.2671 2005 98 -26.5100 11.4100 9.9700 18.14 51.41 53.19 -0.0000 0.0000 0.0000 46.1898 -122.2032
2005.2699 2005 99 -29.8000 9.6500 12.5100 NaN NaN NaN 0.0000 0.0000 0.0000 46.1898 -122.2032
2005.2726 2005 100 -28.3300 9.8600 10.9000 NaN NaN NaN 0.0000 0.0000 0.0000 46.1898 -122.2032
2005.2753 2005 101 -26.4200 10.5300 7.1700 NaN NaN NaN 0.0000 0.0000 0.0000 46.1898 -122.2032
2005.2781 2005 102 -29.6400 9.3100 12.2400 NaN NaN NaN 0.0000 0.0000 0.0000 46.1898 -122.2032
2005.2808 2005 103 -31.0300 10.7800 11.5300 NaN NaN NaN 0.0000 0.0000 0.0000 46.1898 -122.2032
2005.2836 2005 104 -31.0100 10.8100 2.4200 NaN NaN NaN 0.0000 0.0000 0.0000 46.1898 -122.2032
2005.2863 2005 105 -31.9300 11.3600 9.2800 NaN NaN NaN 0.0000 0.0000 0.0000 46.1898 -122.2032
2005.2890 2005 106 -37.4200 6.9800 7.0100 NaN NaN NaN 0.0000 0.0000 0.0000 46.1898 -122.2032
2005.2918 2005 107 -45.7200 4.3900 7.3700 NaN NaN NaN 0.0000 0.0000 0.0000 46.1898 -122.2032
2005.2945 2005 108 -46.9100 3.1700 5.8800 NaN NaN NaN 0.0000 0.0000 0.0000 46.1898 -122.2032
2005.3904 2005 143 -13.2900 3.3300 -0.7300 45.81 48.78 51.75 -0.0000 -0.0000 0.0000 46.1898 -122.2032
2005.3932 2005 144 -15.5500 -1.0100 -8.4300 44.40 48.00 51.39 -0.0000 -0.0000 0.0000 46.1898 -122.2032
2005.3959 2005 145 -10.6100 -1.0500 -13.9900 44.17 47.78 51.33 -0.0000 -0.0000 0.0000 46.1898 -122.2032
2005.3986 2005 146 1.2300 -0.8200 -7.9700 43.77 47.97 50.78 -0.0000 -0.0000 0.0000 46.1898 -122.2032
2005.4014 2005 147 2.3200 -1.3800 -5.1600 43.85 47.96 50.11 -0.0000 -0.0000 0.0000 46.1898 -122.2032
2005.4041 2005 148 1.7300 -2.7400 -5.6400 43.91 48.42 49.55 -0.0000 -0.0000 -0.0000 46.1898 -122.2032
2005.4068 2005 149 1.0900 -4.1900 -7.0600 44.20 48.05 49.08 -0.0000 -0.0000 -0.0000 46.1898 -122.2032
2005.4096 2005 150 2.2300 -3.5900 -6.6900 44.83 47.39 48.39 -0.0000 -0.0000 -0.0000 46.1898 -122.2032
2005.4123 2005 151 3.5500 -1.6900 -1.9400 46.03 46.78 47.87 -0.0000 -0.0000 -0.0000 46.1898 -122.2032
2005.4151 2005 152 -5.1000 -5.7500 10.0200 47.05 45.95 47.60 -0.0000 -0.0000 -0.0000 46.1898 -122.2032
2005.4178 2005 153 -0.9600 -4.9700 -3.1400 48.46 45.21 47.08 -0.0000 -0.0000 -0.0000 46.1898 -122.2032
2005.4205 2005 154 6.3400 -2.1200 -4.4700 50.14 44.51 46.93 0.0000 -0.0000 -0.0000 46.1898 -122.2032
2005.4233 2005 155 6.1900 -1.9800 0.3300 51.98 44.52 47.32 0.0000 -0.0000 -0.0000 46.1898 -122.2032
2005.4260 2005 156 5.4700 -1.3900 5.6200 53.54 44.56 48.22 0.0000 -0.0000 -0.0000 46.1898 -122.2032
2005.4288 2005 157 4.3300 -2.4600 0.8200 53.92 44.44 48.54 0.0000 -0.0000 -0.0000 46.1898 -122.2032
2005.4315 2005 158 3.8900 -2.8600 -0.4800 54.08 44.21 48.85 0.0000 -0.0000 -0.0000 46.1898 -122.2032
2005.4342 2005 159 4.8100 -1.8600 1.5100 54.32 44.28 49.23 0.0000 -0.0000 -0.0000 46.1898 -122.2032
2005.4370 2005 160 5.6100 -2.8300 -3.9600 54.66 44.71 49.60 0.0000 -0.0000 -0.0000 46.1898 -122.2032
2005.4397 2005 161 6.6300 -1.2900 -3.7800 54.90 44.79 49.88 0.0000 -0.0000 -0.0000 46.1898 -122.2032
2005.4425 2005 162 1.8000 -3.9500 3.3800 54.93 44.48 49.77 0.0000 -0.0000 -0.0000 46.1898 -122.2032
2005.4452 2005 163 4.5300 -2.3600 -4.7600 56.02 45.09 48.88 0.0000 -0.0000 -0.0000 46.1898 -122.2032
2005.4479 2005 164 4.0500 -2.0300 -2.8000 56.94 45.69 48.98 0.0000 -0.0000 -0.0000 46.1898 -122.2032
2005.4507 2005 165 4.5800 -2.5500 -0.2400 56.81 45.72 49.17 0.0000 -0.0000 -0.0000 46.1898 -122.2032
2005.4534 2005 166 5.3500 -3.2800 -0.5300 56.78 45.78 49.09 0.0000 -0.0000 -0.0000 46.1898 -122.2032
2005.4562 2005 167 6.0700 -3.4500 -2.2300 56.94 45.66 48.90 0.0000 -0.0000 -0.0000 46.1898 -122.2032
2005.4589 2005 168 4.3500 -4.3100 -1.3100 57.08 45.82 49.00 0.0000 -0.0000 -0.0000 46.1898 -122.2032
2005.4616 2005 169 5.5600 -3.9400 -0.6600 57.27 45.82 48.96 0.0000 -0.0000 -0.0000 46.1898 -122.2032
2005.4644 2005 170 4.9700 -3.9400 -2.4500 57.17 45.91 49.02 0.0000 -0.0000 -0.0000 46.1898 -122.2032
2005.4671 2005 171 4.1400 -3.5500 -8.8300 57.00 46.53 49.45 0.0000 -0.0000 -0.0000 46.1898 -122.2032
2005.4699 2005 172 4.5200 -5.6800 -2.8000 56.55 46.80 49.82 0.0000 -0.0000 -0.0000 46.1898 -122.2032
2005.4726 2005 173 4.3200 -3.0600 -7.8000 56.65 47.75 49.60 0.0000 -0.0000 -0.0000 46.1898 -122.2032
2005.4753 2005 174 7.8400 -2.9700 -5.9300 56.38 48.26 50.09 0.0000 -0.0000 0.0000 46.1898 -122.2032
2005.4781 2005 175 6.1400 -2.4500 -3.7800 55.87 48.75 50.16 0.0000 -0.0000 0.0000 46.1898 -122.2032
2005.4808 2005 176 5.9700 -2.8900 -1.4800 55.15 49.22 49.77 0.0000 -0.0000 -0.0000 46.1898 -122.2032
2005.4836 2005 177 7.3200 -2.8900 0.3300 54.38 50.05 49.43 0.0000 0.0000 -0.0000 46.1898 -122.2032
2005.4863 2005 178 7.1900 -2.4000 -0.5000 54.03 50.59 49.47 0.0000 0.0000 -0.0000 46.1898 -122.2032
2005.4890 2005 179 6.5600 -3.0000 -6.8900 53.77 51.59 49.49 0.0000 0.0000 -0.0000 46.1898 -122.2032
2005.4918 2005 180 4.4200 -3.4300 -0.9600 53.45 52.16 49.53 0.0000 0.0000 -0.0000 46.1898 -122.2032
2005.4945 2005 181 6.8600 -2.4000 -2.6400 53.22 52.73 49.62 0.0000 0.0000 -0.0000 46.1898 -122.2032
2005.4973 2005 182 8.1300 -2.9500 -0.1800 53.09 53.06 50.29 0.0000 0.0000 0.0000 46.1898 -122.2032
2005.5000 2005 183 6.8000 -2.2900 -1.1400 53.06 54.14 50.58 0.0000 0.0000 0.0000 46.1898 -122.2032
2005.5027 2005 184 7.6100 -2.1100 2.4900 52.13 54.41 51.55 0.0000 0.0000 0.0000 46.1898 -122.2032
2005.5055 2005 185 6.1200 -1.8000 -2.4400 50.85 54.61 52.05 0.0000 0.0000 0.0000 46.1898 -122.2032
2005.5082 2005 186 6.0300 -0.7200 -4.7000 50.32 54.99 52.25 0.0000 0.0000 0.0000 46.1898 -122.2032
2005.5110 2005 187 5.1300 0.3700 0.2500 49.99 55.46 52.37 -0.0000 0.0000 0.0000 46.1898 -122.2032
2005.5137 2005 188 5.3800 -1.5100 3.7300 49.31 56.16 52.75 -0.0000 0.0000 0.0000 46.1898 -122.2032
2005.5164 2005 189 2.9500 1.0100 2.4500 48.53 56.65 53.02 -0.0000 0.0000 0.0000 46.1898 -122.2032
2005.5192 2005 190 4.5800 -0.4000 4.6100 47.92 57.30 53.85 -0.0000 0.0000 0.0000 46.1898 -122.2032
2005.5219 2005 191 4.9300 0.9800 3.9900 47.62 58.22 54.28 -0.0000 0.0000 0.0000 46.1898 -122.2032
2005.5247 2005 192 3.9200 -0.6000 7.5800 46.85 58.73 54.59 -0.0000 0.0000 0.0000 46.1898 -122.2032
2005.5274 2005 193 4.8400 -0.2500 4.1500 45.91 59.65 54.72 -0.0000 0.0000 0.0000 46.1898 -122.2032
2005.5301 2005 194 1.6800 1.1500 3.0300 44.63 60.06 55.13 -0.0000 0.0000 0.0000 46.1898 -122.2032
2005.5329 2005 195 1.7400 0.4300 3.6400 43.38 60.33 54.94 -0.0000 0.0000 0.0000 46.1898 -122.2032
2005.5356 2005 196 0.6900 0.1100 1.6400 42.31 60.48 55.19 -0.0000 0.0000 0.0000 46.1898 -122.2032
2005.5384 2005 197 2.2200 -0.1200 -0.2200 41.33 60.35 55.76 -0.0000 0.0000 0.0000 46.1898 -122.2032
2005.5411 2005 198 2.2700 1.2800 5.0200 40.43 59.59 56.04 -0.0000 0.0000 0.0000 46.1898 -122.2032
2005.5438 2005 199 2.2000 1.6800 4.7700 39.77 59.58 55.64 -0.0000 0.0000 0.0000 46.1898 -122.2032
2005.5466 2005 200 2.9900 2.0800 6.8000 39.18 59.00 55.57 -0.0000 0.0000 0.0000 46.1898 -122.2032
2005.5493 2005 201 1.0700 2.2000 6.2100 38.64 58.78 54.99 -0.0000 0.0000 0.0000 46.1898 -122.2032
2005.5521 2005 202 0.9900 1.9500 4.7700 37.65 58.23 54.61 -0.0000 0.0000 0.0000 46.1898 -122.2032
2005.5548 2005 203 1.1800 2.2100 4.8200 37.03 58.26 53.67 -0.0000 0.0000 0.0000 46.1898 -122.2032
2005.5575 2005 204 0.2400 2.8100 3.4900 36.35 58.05 53.29 -0.0000 0.0000 0.0000 46.1898 -122.2032
2005.5603 2005 205 0.1200 0.5200 4.4800 36.02 57.97 52.74 -0.0000 0.0000 0.0000 46.1898 -122.2032
2005.5630 2005 206 -0.4000 -0.1700 2.1700 36.20 57.80 52.35 -0.0000 0.0000 0.0000 46.1898 -122.2032
2005.5658 2005 207 -0.3000 0.9300 1.9200 36.45 57.67 52.53 -0.0000 0.0000 0.0000 46.1898 -122.2032
2005.5685 2005 208 -2.2500 -0.8800 5.0000 36.32 57.72 52.70 -0.0000 0.0000 0.0000 46.1898 -122.2032
2005.5712 2005 209 -0.8400 0.9900 0.8800 36.35 57.43 52.39 -0.0000 0.0000 0.0000 46.1898 -122.2032
2005.5740 2005 210 -3.2900 2.2800 3.5100 36.36 56.80 52.31 -0.0000 0.0000 0.0000 46.1898 -122.2032
2005.5767 2005 211 -1.0600 1.5500 -2.7800 36.15 56.29 51.57 -0.0000 0.0000 0.0000 46.1898 -122.2032
2005.5795 2005 212 -5.4500 1.2600 0.9600 36.16 55.77 51.03 -0.0000 0.0000 0.0000 46.1898 -122.2032
2005.5822 2005 213 -3.1400 2.0300 1.4600 36.51 55.43 50.51 -0.0000 0.0000 0.0000 46.1898 -122.2032
2005.5849 2005 214 -2.3100 3.3700 2.2700 37.28 54.68 49.97 -0.0000 0.0000 -0.0000 46.1898 -122.2032
2005.5877 2005 215 -4.1200 4.7600 1.1400 37.92 54.13 49.81 -0.0000 0.0000 -0.0000 46.1898 -122.2032
2005.5904 2005 216 -2.8000 2.6100 3.9500 38.70 53.93 49.88 -0.0000 0.0000 -0.0000 46.1898 -122.2032
2005.5932 2005 217 -2.5300 1.8600 9.8700 39.58 53.79 49.86 -0.0000 0.0000 -0.0000 46.1898 -122.2032
2005.5959 2005 218 -2.6400 3.5900 4.5300 40.32 53.81 49.76 -0.0000 0.0000 -0.0000 46.1898 -122.2032
2005.5986 2005 219 -2.5200 3.1700 2.5700 41.03 54.31 49.57 -0.0000 0.0000 -0.0000 46.1898 -122.2032
2005.6014 2005 220 -2.8600 0.4200 7.5500 41.64 54.10 50.14 -0.0000 0.0000 0.0000 46.1898 -122.2032
2005.6041 2005 221 -2.6600 3.2500 3.5900 42.47 53.93 50.22 -0.0000 0.0000 0.0000 46.1898 -122.2032
2005.6068 2005 222 -1.9600 4.3200 1.8700 42.89 53.85 51.17 -0.0000 0.0000 0.0000 46.1898 -122.2032
2005.6096 2005 223 -1.9000 4.4400 1.0600 44.21 54.05 51.46 -0.0000 0.0000 0.0000 46.1898 -122.2032
2005.6123 2005 224 0.6100 1.4800 -2.1300 44.82 53.99 51.85 -0.0000 0.0000 0.0000 46.1898 -122.2032
2005.6151 2005 225 -1.4200 4.3800 5.6900 45.44 53.59 52.03 -0.0000 0.0000 0.0000 46.1898 -122.2032
2005.6178 2005 226 -1.6100 2.1100 9.3000 46.17 53.03 52.31 -0.0000 0.0000 0.0000 46.1898 -122.2032
2005.6205 2005 227 -0.1500 0.5000 8.8300 46.59 52.95 52.23 -0.0000 0.0000 0.0000 46.1898 -122.2032
2005.6233 2005 228 -1.4500 3.9900 10.1700 46.93 52.93 51.76 -0.0000 0.0000 0.0000 46.1898 -122.2032
2005.6260 2005 229 -4.7300 4.0200 8.2200 47.54 52.67 51.60 -0.0000 0.0000 0.0000 46.1898 -122.2032
2005.6288 2005 230 -2.4200 2.0300 11.2800 48.03 52.55 51.99 -0.0000 0.0000 0.0000 46.1898 -122.2032
2005.6315 2005 231 -2.1300 1.9900 7.6100 48.68 53.17 51.83 -0.0000 0.0000 0.0000 46.1898 -122.2032
2005.6342 2005 232 -3.6000 3.8100 11.5600 49.26 53.30 52.09 -0.0000 0.0000 0.0000 46.1898 -122.2032
2005.6370 2005 233 -2.1300 4.5400 4.6100 49.78 53.03 52.41 -0.0000 0.0000 0.0000 46.1898 -122.2032
2005.6397 2005 234 -3.4100 6.3900 3.1900 50.14 52.79 52.92 0.0000 0.0000 0.0000 46.1898 -122.2032
2005.6425 2005 235 -2.6100 4.4200 4.3600 50.08 53.10 53.72 0.0000 0.0000 0.0000 46.1898 -122.2032
2005.6452 2005 236 -2.5700 3.4200 6.0300 50.42 53.07 53.66 0.0000 0.0000 0.0000 46.1898 -122.2032
2005.6479 2005 237 -2.7100 5.3600 2.1600 50.59 53.13 53.61 0.0000 0.0000 0.0000 46.1898 -122.2032
2005.6507 2005 238 -2.2800 4.5100 8.1900 50.49 53.48 53.20 0.0000 0.0000 0.0000 46.1898 -122.2032
2005.6534 2005 239 -1.4900 5.6500 6.2000 50.80 53.24 52.63 0.0000 0.0000 0.0000 46.1898 -122.2032
2005.6562 2005 240 -2.4100 4.6300 10.1000 51.41 52.84 52.57 0.0000 0.0000 0.0000 46.1898 -122.2032
2005.6589 2005 241 -1.3800 7.4500 6.7600 51.97 53.07 52.08 0.0000 0.0000 0.0000 46.1898 -122.2032
2005.6616 2005 242 -2.5700 6.5400 6.6600 51.92 53.40 52.00 0.0000 0.0000 0.0000 46.1898 -122.2032
2005.6644 2005 243 0.1900 3.2700 5.1600 52.23 53.34 51.42 0.0000 0.0000 0.0000 46.1898 -122.2032
2005.6671 2005 244 -1.2700 4.1700 11.0200 52.23 53.07 51.37 0.0000 0.0000 0.0000 46.1898 -122.2032
2005.6699 2005 245 -0.6300 4.9500 11.8700 52.62 52.60 51.42 0.0000 0.0000 0.0000 46.1898 -122.2032
2005.6726 2005 246 0.5200 5.5600 6.1300 52.84 52.42 51.60 0.0000 0.0000 0.0000 46.1898 -122.2032
2005.6753 2005 247 -1.5700 4.4200 12.6000 53.00 52.63 51.47 0.0000 0.0000 0.0000 46.1898 -122.2032
2005.6781 2005 248 -0.9900 5.3900 3.8400 53.24 52.48 51.65 0.0000 0.0000 0.0000 46.1898 -122.2032
2005.6808 2005 249 0.8800 3.6600 1.5300 53.42 52.31 51.48 0.0000 0.0000 0.0000 46.1898 -122.2032
2005.6836 2005 250 -0.5300 3.5300 10.2600 53.47 51.98 51.36 0.0000 0.0000 0.0000 46.1898 -122.2032
2005.6863 2005 251 1.9600 5.4800 7.7900 53.62 51.84 50.92 0.0000 0.0000 0.0000 46.1898 -122.2032
2005.6890 2005 252 -1.5500 5.6600 9.8800 53.59 50.97 50.84 0.0000 0.0000 0.0000 46.1898 -122.2032
2005.6918 2005 253 -2.6200 5.0000 10.3700 53.95 50.36 50.81 0.0000 0.0000 0.0000 46.1898 -122.2032
2005.6945 2005 254 2.0600 4.1500 7.1400 54.03 50.40 50.66 0.0000 0.0000 0.0000 46.1898 -122.2032
2005.6973 2005 255 1.1000 4.5700 6.3900 54.31 50.23 50.11 0.0000 0.0000 0.0000 46.1898 -122.2032
2005.7000 2005 256 -0.1700 3.2900 12.7700 55.00 49.50 49.42 0.0000 -0.0000 -0.0000 46.1898 -122.2032
2005.7027 2005 257 1.9900 4.6400 7.1800 55.02 49.04 49.48 0.0000 -0.0000 -0.0000 46.1898 -122.2032
2005.7055 2005 258 0.7800 5.8500 5.9600 55.27 48.48 49.29 0.0000 -0.0000 -0.0000 46.1898 -122.2032
2005.7082 2005 259 0.6600 4.6100 1.0100 55.45 47.70 49.65 0.0000 -0.0000 -0.0000 46.1898 -122.2032
2005.7110 2005 260 1.0900 3.7500 4.1800 55.32 47.52 50.05 0.0000 -0.0000 0.0000 46.1898 -122.2032
2005.7137 2005 261 -0.2600 4.2700 4.6200 55.16 47.46 49.70 0.0000 -0.0000 -0.0000 46.1898 -122.2032
2005.7164 2005 262 0.4800 4.0500 3.5100 54.51 46.96 50.01 0.0000 -0.0000 0.0000 46.1898 -122.2032
2005.7192 2005 263 2.7100 3.2600 9.5300 54.55 46.33 49.74 0.0000 -0.0000 -0.0000 46.1898 -122.2032
2005.7219 2005 264 4.0100 2.9800 4.4700 54.57 45.78 49.71 0.0000 -0.0000 -0.0000 46.1898 -122.2032
2005.7247 2005 265 3.1800 2.8400 4.8100 54.20 45.34 49.57 0.0000 -0.0000 -0.0000 46.1898 -122.2032
2005.7274 2005 266 8.2000 1.2400 6.0500 53.71 44.81 49.54 0.0000 -0.0000 -0.0000 46.1898 -122.2032
2005.7301 2005 267 3.9500 2.6700 8.7100 53.52 44.69 48.84 0.0000 -0.0000 -0.0000 46.1898 -122.2032
2005.7329 2005 268 2.6000 1.3800 10.6000 53.44 44.62 48.22 0.0000 -0.0000 -0.0000 46.1898 -122.2032
2005.7356 2005 269 0.7500 2.3600 8.9700 53.34 44.08 47.97 0.0000 -0.0000 -0.0000 46.1898 -122.2032
2005.7384 2005 270 2.3200 2.0800 4.8900 53.02 43.73 48.38 0.0000 -0.0000 -0.0000 46.1898 -122.2032
2005.7411 2005 271 3.7100 2.7500 3.2000 52.74 43.62 48.60 0.0000 -0.0000 -0.0000 46.1898 -122.2032
2005.7438 2005 272 -2.1000 3.9700 13.6000 52.60 43.38 48.76 0.0000 -0.0000 -0.0000 46.1898 -122.2032
2005.7466 2005 273 0.1100 3.2800 3.8000 52.53 43.54 48.83 0.0000 -0.0000 -0.0000 46.1898 -122.2032
2005.7493 2005 274 -0.8500 1.4400 8.0100 52.13 43.61 48.67 0.0000 -0.0000 -0.0000 46.1898 -122.2032
2005.7521 2005 275 1.4400 0.3300 5.2800 51.79 43.52 48.53 0.0000 -0.0000 -0.0000 46.1898 -122.2032
2005.7548 2005 276 -1.3100 -1.5900 9.1700 51.42 43.41 48.72 0.0000 -0.0000 -0.0000 46.1898 -122.2032
2005.7575 2005 277 -0.0500 1.1000 -2.9400 50.63 43.59 48.84 0.0000 -0.0000 -0.0000 46.1898 -122.2032
2005.7603 2005 278 6.9300 5.1400 -15.0900 50.54 44.10 48.87 0.0000 -0.0000 -0.0000 46.1898 -122.2032
2005.7630 2005 279 3.5800 -0.2200 0.1400 50.09 44.50 48.77 0.0000 -0.0000 -0.0000 46.1898 -122.2032
2005.7658 2005 280 -1.7500 0.5400 9.6800 50.00 44.79 48.40 0.0000 -0.0000 -0.0000 46.1898 -122.2032
2005.7685 2005 281 -0.9100 0.2300 11.0700 49.97 44.85 48.20 -0.0000 -0.0000 -0.0000 46.1898 -122.2032
2005.7712 2005 282 -0.0100 1.0000 4.2100 49.66 44.79 48.53 -0.0000 -0.0000 -0.0000 46.1898 -122.2032
2005.7740 2005 283 1.9300 1.3400 1.7500 NaN NaN NaN 0.0000 0.0000 0.0000 46.1898 -122.2032
2005.7767 2005 284 2.0200 -0.4300 6.0000 NaN NaN NaN 0.0000 0.0000 0.0000 46.1898 -122.2032
2005.7795 2005 285 2.6100 1.3800 -3.7800 NaN NaN NaN 0.0000 0.0000 0.0000 46.1898 -122.2032
2005.7822 2005 286 2.4000 -1.3500 4.7100 NaN NaN NaN 0.0000 0.0000 0.0000 46.1898 -122.2032
2005.7849 2005 287 3.9300 -3.0500 2.7800 NaN NaN NaN 0.0000 0.0000 0.0000 46.1898 -122.2032
2005.7877 2005 288 6.0400 5.1200 15.5700 NaN NaN NaN 0.0000 0.0000 0.0000 46.1898 -122.2032
2005.7904 2005 289 -1.4100 1.7200 -0.5000 NaN NaN NaN 0.0000 0.0000 0.0000 46.1898 -122.2032
2005.7932 2005 290 1.0100 0.8600 -1.6100 NaN NaN NaN 0.0000 0.0000 0.0000 46.1898 -122.2032
2005.7959 2005 291 3.5200 -0.8400 0.2200 NaN NaN NaN 0.0000 0.0000 0.0000 46.1898 -122.2032
2005.7986 2005 292 2.3300 -0.2700 4.9200 NaN NaN NaN 0.0000 0.0000 0.0000 46.1898 -122.2032
2005.8890 2005 325 -0.6200 -2.5900 -13.8800 48.97 46.58 47.50 -0.0000 -0.0000 -0.0000 46.1898 -122.2032
2005.8918 2005 326 0.1500 -2.2900 -12.6100 49.60 47.10 47.21 -0.0000 -0.0000 -0.0000 46.1898 -122.2032
2005.8945 2005 327 -1.5900 -3.1600 -10.4600 49.96 47.61 46.92 -0.0000 -0.0000 -0.0000 46.1898 -122.2032
2005.8973 2005 328 -2.9000 -3.2200 -10.1000 50.51 47.84 46.96 0.0000 -0.0000 -0.0000 46.1898 -122.2032
2005.9000 2005 329 -6.3200 -0.1800 -5.2600 52.04 47.81 46.45 0.0000 -0.0000 -0.0000 46.1898 -122.2032
2005.9027 2005 330 -9.0500 0.4600 -6.3300 53.70 47.21 45.72 0.0000 -0.0000 -0.0000 46.1898 -122.2032
2005.9055 2005 331 -5.2500 2.5600 -13.0600 54.17 47.68 45.92 0.0000 -0.0000 -0.0000 46.1898 -122.2032
2005.9082 2005 332 -2.2700 0.5200 -17.1000 54.71 48.14 46.68 0.0000 -0.0000 -0.0000 46.1898 -122.2032
2005.9110 2005 333 -1.5100 -0.6800 -8.5900 55.07 48.56 47.34 0.0000 -0.0000 -0.0000 46.1898 -122.2032
2005.9137 2005 334 -3.1500 1.5400 -5.1600 55.40 48.98 48.14 0.0000 -0.0000 -0.0000 46.1898 -122.2032
2005.9164 2005 335 -1.2900 -0.7800 -4.5900 55.95 49.43 48.64 0.0000 -0.0000 -0.0000 46.1898 -122.2032
2005.9192 2005 336 -1.2700 -0.4500 -0.4600 56.12 50.31 49.10 0.0000 0.0000 -0.0000 46.1898 -122.2032
2005.9219 2005 337 -3.0800 1.4500 -6.1700 55.99 51.12 49.65 0.0000 0.0000 -0.0000 46.1898 -122.2032
2005.9247 2005 338 -2.8100 3.1100 -10.2200 55.74 51.81 49.92 0.0000 0.0000 -0.0000 46.1898 -122.2032
2005.9274 2005 339 -1.7200 2.9600 -8.0600 55.84 52.90 49.80 0.0000 0.0000 -0.0000 46.1898 -122.2032
2005.9301 2005 340 -2.5500 2.7900 -11.2400 56.10 53.58 49.51 0.0000 0.0000 -0.0000 46.1898 -122.2032
2005.9329 2005 341 -3.4800 3.0500 -9.2000 56.70 54.21 49.54 0.0000 0.0000 -0.0000 46.1898 -122.2032
2005.9356 2005 342 -4.0000 2.8900 -8.5800 56.33 54.40 49.82 0.0000 0.0000 -0.0000 46.1898 -122.2032
2005.9384 2005 343 -0.2700 0.7800 -3.9200 NaN NaN NaN 0.0000 0.0000 0.0000 46.1898 -122.2032
2005.9411 2005 344 1.2500 2.7900 -3.2200 NaN NaN NaN 0.0000 0.0000 0.0000 46.1898 -122.2032
2005.9438 2005 345 2.5600 2.4000 -3.5000 NaN NaN NaN 0.0000 0.0000 0.0000 46.1898 -122.2032
2005.9466 2005 346 0.7000 2.5700 -2.6200 NaN NaN NaN 0.0000 0.0000 0.0000 46.1898 -122.2032
2005.9493 2005 347 0.6700 2.5900 -2.6100 NaN NaN NaN 0.0000 0.0000 0.0000 46.1898 -122.2032
2005.9521 2005 348 -1.9200 1.0900 -5.4700 NaN NaN NaN 0.0000 0.0000 0.0000 46.1898 -122.2032
2005.9548 2005 349 0.8300 4.3000 -17.0400 NaN NaN NaN 0.0000 0.0000 0.0000 46.1898 -122.2032
2005.9575 2005 350 -1.0500 4.9800 -13.5300 NaN NaN NaN 0.0000 0.0000 0.0000 46.1898 -122.2032
2005.9603 2005 351 0.0700 4.4500 -4.1900 NaN NaN NaN 0.0000 0.0000 0.0000 46.1898 -122.2032
2005.9630 2005 352 -4.6800 -1.1100 -17.1100 NaN NaN NaN 0.0000 0.0000 0.0000 46.1898 -122.2032
2006.6151 2006 225 -6.5900 1.3400 -9.2400 42.76 54.20 49.28 -0.0000 0.0000 -0.0000 46.1898 -122.2032
2006.6178 2006 226 -4.7700 -1.4400 -1.2200 42.79 54.66 49.03 -0.0000 0.0000 -0.0000 46.1898 -122.2032
2006.6205 2006 227 -5.4100 -0.6000 -5.2800 42.87 54.47 49.14 -0.0000 0.0000 -0.0000 46.1898 -122.2032
2006.6233 2006 228 -5.4800 0.4900 -7.4400 42.98 54.03 49.63 -0.0000 0.0000 -0.0000 46.1898 -122.2032
2006.6260 2006 229 -6.2900 -0.3900 -5.4400 43.65 54.08 49.52 -0.0000 0.0000 -0.0000 46.1898 -122.2032
2006.6288 2006 230 -2.7700 0.0400 -11.3000 44.18 53.70 49.74 -0.0000 0.0000 -0.0000 46.1898 -122.2032
2006.6315 2006 231 -4.9000 -1.9000 -3.0200 44.67 53.53 50.23 -0.0000 0.0000 0.0000 46.1898 -122.2032
2006.6342 2006 232 -3.8400 -1.0900 -1.2400 45.44 53.20 50.42 -0.0000 0.0000 0.0000 46.1898 -122.2032
2006.6370 2006 233 -3.6700 -0.2800 -3.2000 45.88 52.83 51.04 -0.0000 0.0000 0.0000 46.1898 -122.2032
2006.6397 2006 234 -2.4600 0.5400 -10.1000 46.46 52.74 51.15 -0.0000 0.0000 0.0000 46.1898 -122.2032
2006.6425 2006 235 -6.1200 0.9900 -8.8000 46.95 53.13 51.44 -0.0000 0.0000 0.0000 46.1898 -122.2032
2006.6452 2006 236 -3.5300 0.6500 -4.4700 47.72 52.49 51.76 -0.0000 0.0000 0.0000 46.1898 -122.2032
2006.6479 2006 237 -6.4600 -0.7900 0.7200 48.11 52.37 51.68 -0.0000 0.0000 0.0000 46.1898 -122.2032
2006.6507 2006 238 -5.9500 -2.0800 6.7300 48.48 52.11 51.70 -0.0000 0.0000 0.0000 46.1898 -122.2032
2006.6534 2006 239 -3.6500 -0.8800 1.5400 49.16 51.45 51.80 -0.0000 0.0000 0.0000 46.1898 -122.2032
2006.6562 2006 240 -3.4400 -0.4700 -0.9300 49.93 51.33 51.96 -0.0000 0.0000 0.0000 46.1898 -122.2032
2006.6589 2006 241 -3.6400 -0.1600 0.0200 50.16 51.10 52.64 0.0000 0.0000 0.0000 46.1898 -122.2032
2006.6616 2006 242 -5.2700 0.2700 -2.8700 50.91 51.46 52.45 0.0000 0.0000 0.0000 46.1898 -122.2032
2006.6644 2006 243 -2.6000 -0.5700 1.4700 51.48 51.70 52.19 0.0000 0.0000 0.0000 46.1898 -122.2032
2006.6671 2006 244 -0.0500 0.1800 -1.9000 51.82 51.33 52.26 0.0000 0.0000 0.0000 46.1898 -122.2032
2006.6699 2006 245 -1.3800 0.3500 -0.7700 52.12 50.68 52.64 0.0000 0.0000 0.0000 46.1898 -122.2032
2006.6726 2006 246 -1.5800 0.6800 -8.2700 52.99 50.03 53.08 0.0000 0.0000 0.0000 46.1898 -122.2032
2006.6753 2006 247 -1.0800 -0.9700 -5.8200 53.23 49.50 53.47 0.0000 -0.0000 0.0000 46.1898 -122.2032
2006.6781 2006 248 -0.4500 -0.2300 -9.9400 53.62 49.30 53.34 0.0000 -0.0000 0.0000 46.1898 -122.2032
2006.6808 2006 249 -1.2200 -1.0600 -8.0800 54.27 49.63 52.68 0.0000 -0.0000 0.0000 46.1898 -122.2032
2006.6836 2006 250 -3.4600 -0.4100 -2.5900 54.34 49.43 52.36 0.0000 -0.0000 0.0000 46.1898 -122.2032
2006.6863 2006 251 -1.4400 -0.5500 4.1800 54.57 49.18 52.22 0.0000 -0.0000 0.0000 46.1898 -122.2032
2006.6890 2006 252 -1.1900 -0.3200 -0.1300 54.54 48.69 51.87 0.0000 -0.0000 0.0000 46.1898 -122.2032
2006.6918 2006 253 1.4400 -0.2800 -4.9000 54.63 48.45 51.70 0.0000 -0.0000 0.0000 46.1898 -122.2032
2006.6945 2006 254 -0.3900 -1.5500 1.3500 54.60 48.15 51.37 0.0000 -0.0000 0.0000 46.1898 -122.2032
2006.6973 2006 255 -1.1800 -2.0100 6.3900 54.06 47.51 51.29 0.0000 -0.0000 0.0000 46.1898 -122.2032
2006.7000 2006 256 -0.7300 -0.8900 4.1700 53.83 46.72 51.09 0.0000 -0.0000 0.0000 46.1898 -122.2032
2006.7027 2006 257 -3.1800 -0.6700 9.3300 53.43 46.41 51.16 0.0000 -0.0000 0.0000 46.1898 -122.2032
2006.7055 2006 258 -5.8100 -2.1000 3.7000 53.21 45.89 51.43 0.0000 -0.0000 0.0000 46.1898 -122.2032
2006.7082 2006 259 -1.2400 -0.4700 -4.5000 52.83 45.37 51.71 0.0000 -0.0000 0.0000 46.1898 -122.2032
2006.7110 2006 260 -2.2400 -1.3900 -5.9500 52.69 45.33 51.79 0.0000 -0.0000 0.0000 46.1898 -122.2032
2006.7137 2006 261 0.0000 -2.1600 2.7500 53.02 45.19 51.57 0.0000 -0.0000 0.0000 46.1898 -122.2032
2006.7164 2006 262 -3.2800 -2.5600 -3.0600 53.34 45.33 50.85 0.0000 -0.0000 0.0000 46.1898 -122.2032
2006.7192 2006 263 -2.5000 -1.0200 -5.5100 53.47 45.15 50.61 0.0000 -0.0000 0.0000 46.1898 -122.2032
2006.7219 2006 264 -1.9500 -3.1100 2.6500 53.44 45.01 50.82 0.0000 -0.0000 0.0000 46.1898 -122.2032
2006.7247 2006 265 -3.9300 -3.8300 -0.1100 53.76 45.44 50.50 0.0000 -0.0000 0.0000 46.1898 -122.2032
2006.7274 2006 266 -2.2000 -3.0700 -3.3700 54.15 46.01 49.55 0.0000 -0.0000 -0.0000 46.1898 -122.2032
2006.7301 2006 267 -1.9300 -2.3500 -4.2300 54.18 46.22 48.84 0.0000 -0.0000 -0.0000 46.1898 -122.2032
2006.7329 2006 268 -0.1700 -4.5800 -0.6600 54.83 46.34 48.14 0.0000 -0.0000 -0.0000 46.1898 -122.2032
2006.7356 2006 269 -0.3100 -3.9100 -4.0600 55.67 46.64 47.68 0.0000 -0.0000 -0.0000 46.1898 -122.2032
2006.7384 2006 270 1.3700 -3.1700 -5.5400 55.94 46.13 47.90 0.0000 -0.0000 -0.0000 46.1898 -122.2032
2006.7411 2006 271 4.7000 -1.5600 -7.8900 56.46 46.16 47.90 0.0000 -0.0000 -0.0000 46.1898 -122.2032
2006.7438 2006 272 4.6800 -0.0600 -6.1800 56.88 46.35 47.44 0.0000 -0.0000 -0.0000 46.1898 -122.2032
2006.7466 2006 273 4.8900 0.3400 -5.6000 57.87 46.75 47.36 0.0000 -0.0000 -0.0000 46.1898 -122.2032
2006.7493 2006 274 6.7700 -0.2600 -1.4400 58.61 46.63 47.57 0.0000 -0.0000 -0.0000 46.1898 -122.2032
2006.7521 2006 275 7.1500 0.3800 -5.3600 59.37 46.87 47.50 0.0000 -0.0000 -0.0000 46.1898 -122.2032
2006.7548 2006 276 5.4400 -0.7200 -10.0700 60.99 47.44 47.45 0.0000 -0.0000 -0.0000 46.1898 -122.2032
2006.7575 2006 277 5.7700 -1.8300 -7.9300 62.13 47.77 47.65 0.0000 -0.0000 -0.0000 46.1898 -122.2032
2006.7603 2006 278 5.6000 -1.4900 -1.7400 62.98 48.26 47.91 0.0000 -0.0000 -0.0000 46.1898 -122.2032
2006.7630 2006 279 4.9900 -1.3700 -9.5400 63.24 48.85 47.99 0.0000 -0.0000 -0.0000 46.1898 -122.2032
2006.7658 2006 280 4.9100 -2.6900 -6.8800 63.59 49.08 48.18 0.0000 -0.0000 -0.0000 46.1898 -122.2032
2006.7685 2006 281 4.0700 -1.7800 -13.4700 63.58 49.34 48.06 0.0000 -0.0000 -0.0000 46.1898 -122.2032
2006.7712 2006 282 6.7800 -2.8900 -9.1000 62.68 49.26 48.11 0.0000 -0.0000 -0.0000 46.1898 -122.2032
2006.7740 2006 283 6.0500 -2.4200 -8.0800 62.13 48.55 48.42 0.0000 -0.0000 -0.0000 46.1898 -122.2032
2006.7767 2006 284 5.8300 -3.6700 -0.7500 61.70 47.90 48.47 0.0000 -0.0000 -0.0000 46.1898 -122.2032
2006.7795 2006 285 5.2700 -3.9100 1.3700 60.94 47.32 48.16 0.0000 -0.0000 -0.0000 46.1898 -122.2032
2006.7822 2006 286 9.1300 -3.7000 -0.3400 60.00 46.44 48.27 0.0000 -0.0000 -0.0000 46.1898 -122.2032
2006.7849 2006 287 8.0600 -3.9600 0.6700 59.08 45.77 48.97 0.0000 -0.0000 -0.0000 46.1898 -122.2032
2006.7877 2006 288 6.3300 -1.6100 7.3200 57.79 45.33 49.46 0.0000 -0.0000 -0.0000 46.1898 -122.2032
2006.7904 2006 289 3.2500 -3.5200 5.6800 56.95 44.87 49.53 0.0000 -0.0000 -0.0000 46.1898 -122.2032
2006.7932 2006 290 3.5500 -5.9100 5.7900 56.12 44.19 49.87 0.0000 -0.0000 -0.0000 46.1898 -122.2032
2006.7959 2006 291 3.1100 -3.2800 -7.4100 55.61 44.05 49.81 0.0000 -0.0000 -0.0000 46.1898 -122.2032
2006.7986 2006 292 1.1900 -3.5000 -10.7300 54.76 43.41 50.43 0.0000 -0.0000 0.0000 46.1898 -122.2032
2006.8014 2006 293 3.3800 -6.1400 -5.3900 53.50 42.74 51.22 0.0000 -0.0000 0.0000 46.1898 -122.2032
2006.8041 2006 294 4.7600 -5.1300 -9.3000 52.35 42.21 51.46 0.0000 -0.0000 0.0000 46.1898 -122.2032
2006.8068 2006 295 2.5300 -5.9100 -9.0200 51.38 42.21 51.14 0.0000 -0.0000 0.0000 46.1898 -122.2032
2006.8096 2006 296 2.9000 -5.8400 -8.7000 50.63 42.24 50.88 0.0000 -0.0000 0.0000 46.1898 -122.2032
2006.8123 2006 297 0.3500 -5.5300 -2.3200 49.14 41.97 50.56 -0.0000 -0.0000 0.0000 46.1898 -122.2032
2006.8151 2006 298 -5.5800 -6.8200 -3.3200 48.02 42.01 50.03 -0.0000 -0.0000 0.0000 46.1898 -122.2032
2006.8178 2006 299 2.9000 -6.5100 -10.7800 47.14 41.42 49.02 -0.0000 -0.0000 -0.0000 46.1898 -122.2032
2006.8205 2006 300 6.1000 -6.9000 -10.6300 46.92 41.22 48.09 -0.0000 -0.0000 -0.0000 46.1898 -122.2032
2006.8233 2006 301 6.8700 -6.2400 -11.1600 46.49 41.39 47.16 -0.0000 -0.0000 -0.0000 46.1898 -122.2032
2006.8260 2006 302 -0.9400 -8.3100 0.0200 46.21 40.96 47.24 -0.0000 -0.0000 -0.0000 46.1898 -122.2032
2006.8288 2006 303 -6.7900 -10.3500 5.6100 46.47 40.80 47.46 -0.0000 -0.0000 -0.0000 46.1898 -122.2032
2006.8315 2006 304 2.4400 -7.8800 -5.1700 46.47 41.09 47.22 -0.0000 -0.0000 -0.0000 46.1898 -122.2032
2006.8342 2006 305 4.5100 -6.9400 -6.9600 46.26 41.24 47.35 -0.0000 -0.0000 -0.0000 46.1898 -122.2032
2006.8370 2006 306 7.0900 -4.7700 -9.5800 46.45 41.36 47.76 -0.0000 -0.0000 -0.0000 46.1898 -122.2032
2006.8397 2006 307 4.9200 -6.7900 -12.2000 46.61 41.94 48.13 -0.0000 -0.0000 -0.0000 46.1898 -122.2032
2006.8425 2006 308 7.0800 -4.9400 -13.5300 46.86 42.62 48.15 -0.0000 -0.0000 -0.0000 46.1898 -122.2032
2006.8452 2006 309 4.6000 -8.2500 -14.2700 47.92 43.46 48.25 -0.0000 -0.0000 -0.0000 46.1898 -122.2032
2006.8479 2006 310 5.9100 -4.4200 -20.3800 48.17 44.16 49.47 -0.0000 -0.0000 -0.0000 46.1898 -122.2032
2006.8507 2006 311 1.5800 -6.8000 -16.1800 48.13 44.95 50.29 -0.0000 -0.0000 0.0000 46.1898 -122.2032
2006.8534 2006 312 -0.1300 -9.5200 -6.6200 48.07 45.57 51.14 -0.0000 -0.0000 0.0000 46.1898 -122.2032
2006.8562 2006 313 -1.8800 -8.9200 -5.8900 48.75 46.95 50.89 -0.0000 -0.0000 0.0000 46.1898 -122.2032
2006.8589 2006 314 -0.4200 -11.0900 -13.2600 49.77 48.58 50.58 -0.0000 -0.0000 0.0000 46.1898 -122.2032
2006.8616 2006 315 -1.7900 -10.8900 -7.9300 50.07 49.74 50.94 0.0000 -0.0000 0.0000 46.1898 -122.2032
2006.8644 2006 316 -2.7300 -12.5700 -1.2200 50.23 50.53 51.46 0.0000 0.0000 0.0000 46.1898 -122.2032
2006.8671 2006 317 -3.5900 -7.0400 2.0500 50.08 50.92 52.12 0.0000 0.0000 0.0000 46.1898 -122.2032
2006.8699 2006 318 -5.3300 -2.7700 7.1600 50.25 51.34 52.72 0.0000 0.0000 0.0000 46.1898 -122.2032
2006.8726 2006 319 1.4400 -1.6600 6.1000 50.18 51.54 53.51 0.0000 0.0000 0.0000 46.1898 -122.2032
2006.8753 2006 320 5.5400 -3.6500 36.1700 50.35 52.45 54.62 0.0000 0.0000 0.0000 46.1898 -122.2032
2006.8781 2006 321 6.6400 -3.1900 30.0200 50.27 52.88 55.98 0.0000 0.0000 0.0000 46.1898 -122.2032
2006.8808 2006 322 8.1000 -2.0300 26.4800 50.65 53.49 57.07 0.0000 0.0000 0.0000 46.1898 -122.2032
2006.8836 2006 323 9.7400 6.6900 8.9600 51.23 54.58 57.31 0.0000 0.0000 0.0000 46.1898 -122.2032
2006.8863 2006 324 3.5600 8.4700 12.4200 51.66 55.46 57.48 0.0000 0.0000 0.0000 46.1898 -122.2032
2006.8890 2006 325 5.8300 6.0600 17.4100 51.86 56.29 58.21 0.0000 0.0000 0.0000 46.1898 -122.2032
2006.8918 2006 326 6.9600 3.8400 12.0600 52.24 57.13 58.35 0.0000 0.0000 0.0000 46.1898 -122.2032
2006.8945 2006 327 5.3700 1.9800 9.2200 52.76 58.19 58.10 0.0000 0.0000 0.0000 46.1898 -122.2032
2006.8973 2006 328 5.1000 -2.9300 3.0000 53.30 58.70 57.80 0.0000 0.0000 0.0000 46.1898 -122.2032
2006.9000 2006 329 5.2500 -1.9500 8.6200 53.99 58.85 57.31 0.0000 0.0000 0.0000 46.1898 -122.2032
2006.9027 2006 330 6.5400 0.8500 13.8600 54.15 58.80 56.83 0.0000 0.0000 0.0000 46.1898 -122.2032
2006.9055 2006 331 6.2700 3.7200 15.5500 54.08 59.17 55.02 0.0000 0.0000 0.0000 46.1898 -122.2032
2006.9082 2006 332 6.4800 5.1600 12.0900 53.56 59.62 53.85 0.0000 0.0000 0.0000 46.1898 -122.2032
2006.9110 2006 333 7.3000 4.0900 7.9500 52.87 59.76 52.87 0.0000 0.0000 0.0000 46.1898 -122.2032
2006.9137 2006 334 3.5500 1.9800 11.0500 51.91 59.05 52.83 0.0000 0.0000 0.0000 46.1898 -122.2032
2006.9164 2006 335 0.7600 -0.7600 13.9500 51.25 58.15 52.75 0.0000 0.0000 0.0000 46.1898 -122.2032
2006.9192 2006 336 0.7600 -1.5400 2.0500 50.48 57.61 52.27 0.0000 0.0000 0.0000 46.1898 -122.2032
2006.9219 2006 337 3.0000 0.6500 -3.7800 49.81 57.45 52.26 -0.0000 0.0000 0.0000 46.1898 -122.2032
2006.9247 2006 338 1.9100 1.8500 0.0500 49.53 57.64 52.48 -0.0000 0.0000 0.0000 46.1898 -122.2032
2006.9274 2006 339 2.9300 3.0400 -6.8300 48.94 58.36 53.06 -0.0000 0.0000 0.0000 46.1898 -122.2032
2006.9301 2006 340 7.9700 2.8900 -8.1000 48.42 59.02 53.16 -0.0000 0.0000 0.0000 46.1898 -122.2032
2006.9329 2006 341 5.9000 6.6200 -3.2400 47.77 59.36 53.02 -0.0000 0.0000 0.0000 46.1898 -122.2032
2006.9356 2006 342 -2.4100 10.4400 10.6500 47.19 59.53 52.62 -0.0000 0.0000 0.0000 46.1898 -122.2032
2006.9384 2006 343 -3.8000 6.0900 13.5000 46.32 59.40 52.55 -0.0000 0.0000 0.0000 46.1898 -122.2032
2006.9411 2006 344 0.0400 6.3300 13.9100 45.12 59.28 52.94 -0.0000 0.0000 0.0000 46.1898 -122.2032
2006.9438 2006 345 -0.4600 8.0400 14.5400 44.20 59.74 53.22 -0.0000 0.0000 0.0000 46.1898 -122.2032
2006.9466 2006 346 -5.0300 7.9200 15.4100 43.80 60.67 53.04 -0.0000 0.0000 0.0000 46.1898 -122.2032
2006.9493 2006 347 -2.9600 9.7700 26.4500 43.36 61.79 53.52 -0.0000 0.0000 0.0000 46.1898 -122.2032
2006.9521 2006 348 -1.2900 10.4200 34.3800 42.66 62.70 54.22 -0.0000 0.0000 0.0000 46.1898 -122.2032
2006.9548 2006 349 -6.6600 10.5100 40.4700 42.23 63.85 54.65 -0.0000 0.0000 0.0000 46.1898 -122.2032
2006.9575 2006 350 -7.7000 9.8800 30.5800 41.68 65.12 55.58 -0.0000 0.0000 0.0000 46.1898 -122.2032
2006.9603 2006 351 -4.9500 11.8300 28.7500 40.86 66.51 56.76 -0.0000 0.0000 0.0000 46.1898 -122.2032
2006.9630 2006 352 -5.8100 11.1000 26.0300 40.44 67.56 58.09 -0.0000 0.0000 0.0000 46.1898 -122.2032
2006.9658 2006 353 -5.6700 10.6600 31.5700 40.71 67.20 58.75 -0.0000 0.0000 0.0000 46.1898 -122.2032
2006.9685 2006 354 -9.2700 10.9600 38.6800 NaN NaN NaN 0.0000 0.0000 0.0000 46.1898 -122.2032
2006.9712 2006 355 -8.9700 15.5300 37.8500 NaN NaN NaN 0.0000 0.0000 0.0000 46.1898 -122.2032
2006.9740 2006 356 -6.3800 19.6400 29.6700 NaN NaN NaN 0.0000 0.0000 0.0000 46.1898 -122.2032
2006.9767 2006 357 -5.4000 22.0100 30.1800 NaN NaN NaN 0.0000 0.0000 0.0000 46.1898 -122.2032
2006.9795 2006 358 -4.6400 22.4400 24.6300 NaN NaN NaN 0.0000 0.0000 0.0000 46.1898 -122.2032
2006.9822 2006 359 -0.5400 27.3900 17.6400 NaN NaN NaN 0.0000 0.0000 0.0000 46.1898 -122.2032
2006.9849 2006 360 1.7000 27.7700 22.9300 NaN NaN NaN 0.0000 0.0000 0.0000 46.1898 -122.2032
2006.9877 2006 361 -1.2200 30.5400 38.8000 NaN NaN NaN 0.0000 0.0000 0.0000 46.1898 -122.2032
2006.9904 2006 362 -2.6000 30.8400 22.9100 NaN NaN NaN 0.0000 0.0000 0.0000 46.1898 -122.2032
2006.9932 2006 363 -6.9400 16.2700 23.8200 NaN NaN NaN 0.0000 0.0000 0.0000 46.1898 -122.2032
