2011.2288 2011 84 -1.6400 0.7100 -2.1100 44.95 48.97 48.70 -0.0000 -0.0000 -0.0000 47.6870 -122.2563
2011.2315 2011 85 -1.3400 -0.9000 4.6500 NaN NaN NaN 0.0000 0.0000 0.0000 47.6870 -122.2563
2011.2342 2011 86 -2.1200 -1.0100 -0.4500 NaN NaN NaN 0.0000 0.0000 0.0000 47.6870 -122.2563
2011.2370 2011 87 -1.7000 0.0300 -4.2700 NaN NaN NaN 0.0000 0.0000 0.0000 47.6870 -122.2563
2011.2397 2011 88 -1.9100 1.6800 -10.8000 NaN NaN NaN 0.0000 0.0000 0.0000 47.6870 -122.2563
2011.2425 2011 89 -2.1900 1.3100 2.4700 NaN NaN NaN 0.0000 0.0000 0.0000 47.6870 -122.2563
2011.2452 2011 90 -1.4700 1.4500 6.0200 NaN NaN NaN 0.0000 0.0000 0.0000 47.6870 -122.2563
2011.2479 2011 91 -3.0500 -0.3100 2.7400 NaN NaN NaN 0.0000 0.0000 0.0000 47.6870 -122.2563
2011.2507 2011 92 -1.8200 -0.7200 4.2000 NaN NaN NaN 0.0000 0.0000 0.0000 47.6870 -122.2563
2011.2534 2011 93 -1.4100 0.6200 -0.5400 NaN NaN NaN 0.0000 0.0000 0.0000 47.6870 -122.2563
2011.2562 2011 94 -1.9900 -0.1700 -5.3300 NaN NaN NaN 0.0000 0.0000 0.0000 47.6870 -122.2563
2011.3630 2011 133 4.7500 0.0800 -8.5500 51.87 48.52 51.60 0.0000 -0.0000 0.0000 47.6870 -122.2563
2011.3658 2011 134 1.8100 1.4800 -0.9700 52.03 49.78 51.52 0.0000 -0.0000 0.0000 47.6870 -122.2563
2011.3685 2011 135 2.2300 0.9900 2.7700 52.30 50.07 52.00 0.0000 0.0000 0.0000 47.6870 -122.2563
2011.3712 2011 136 -0.3100 0.2400 5.8200 52.53 49.87 52.17 0.0000 -0.0000 0.0000 47.6870 -122.2563
2011.3740 2011 137 -0.6700 0.0500 2.3300 52.86 49.85 51.87 0.0000 -0.0000 0.0000 47.6870 -122.2563
2011.3767 2011 138 1.4500 0.7400 4.8000 52.82 49.69 51.37 0.0000 -0.0000 0.0000 47.6870 -122.2563
2011.3795 2011 139 3.3100 1.3900 -5.1200 52.52 49.52 51.04 0.0000 -0.0000 0.0000 47.6870 -122.2563
2011.3822 2011 140 3.4200 1.0400 -2.1900 52.28 49.04 50.64 0.0000 -0.0000 0.0000 47.6870 -122.2563
2011.3849 2011 141 2.8000 0.9600 -0.1300 51.86 49.28 50.33 0.0000 -0.0000 0.0000 47.6870 -122.2563
2011.3877 2011 142 1.2000 0.2200 3.0900 51.95 49.56 50.08 0.0000 -0.0000 0.0000 47.6870 -122.2563
2011.3904 2011 143 0.0100 0.5900 -4.9600 51.70 49.62 50.63 0.0000 -0.0000 0.0000 47.6870 -122.2563
2011.3932 2011 144 1.6400 0.0100 -2.7400 50.84 49.68 51.12 0.0000 -0.0000 0.0000 47.6870 -122.2563
2011.3959 2011 145 2.7300 1.5800 -0.0100 50.41 49.41 51.03 0.0000 -0.0000 0.0000 47.6870 -122.2563
2011.3986 2011 146 0.6900 0.5800 2.7600 50.06 49.20 50.50 0.0000 -0.0000 0.0000 47.6870 -122.2563
2011.4014 2011 147 0.1700 0.9200 2.5700 50.34 49.35 50.35 0.0000 -0.0000 0.0000 47.6870 -122.2563
2011.4041 2011 148 -0.6400 0.2800 -5.5800 50.71 49.41 49.97 0.0000 -0.0000 -0.0000 47.6870 -122.2563
2011.4068 2011 149 0.8200 -0.2100 -7.6000 50.57 49.22 49.55 0.0000 -0.0000 -0.0000 47.6870 -122.2563
2011.4096 2011 150 -0.1700 -0.7100 -6.2200 50.05 48.80 49.61 0.0000 -0.0000 -0.0000 47.6870 -122.2563
2011.4123 2011 151 0.2000 1.1400 1.4200 49.60 48.41 49.37 -0.0000 -0.0000 -0.0000 47.6870 -122.2563
2011.4151 2011 152 0.3500 0.9000 1.1600 48.90 48.37 49.18 -0.0000 -0.0000 -0.0000 47.6870 -122.2563
2011.4178 2011 153 1.5000 0.0100 0.4400 48.56 48.89 48.81 -0.0000 -0.0000 -0.0000 47.6870 -122.2563
2011.4205 2011 154 -0.1100 -0.6100 -1.0700 48.70 49.31 48.88 -0.0000 -0.0000 -0.0000 47.6870 -122.2563
2011.4233 2011 155 -0.2000 0.6800 -8.3500 48.50 49.52 48.57 -0.0000 -0.0000 -0.0000 47.6870 -122.2563
2011.4260 2011 156 2.0100 -0.7300 -11.1100 47.83 49.10 48.38 -0.0000 -0.0000 -0.0000 47.6870 -122.2563
2011.4288 2011 157 1.4200 0.7700 8.1500 47.59 49.03 48.13 -0.0000 -0.0000 -0.0000 47.6870 -122.2563
2011.4315 2011 158 1.9400 0.3500 -9.5000 47.32 48.97 48.07 -0.0000 -0.0000 -0.0000 47.6870 -122.2563
2011.4342 2011 159 0.5500 -0.3800 -2.4400 47.44 49.14 48.38 -0.0000 -0.0000 -0.0000 47.6870 -122.2563
2011.4370 2011 160 -0.2200 -0.0600 -7.5300 47.18 49.21 48.90 -0.0000 -0.0000 -0.0000 47.6870 -122.2563
2011.4397 2011 161 1.4200 -0.5600 -4.8000 47.28 49.64 49.20 -0.0000 -0.0000 -0.0000 47.6870 -122.2563
2011.4425 2011 162 -0.0500 0.9700 3.4200 47.35 49.62 49.10 -0.0000 -0.0000 -0.0000 47.6870 -122.2563
2011.4452 2011 163 -0.0500 2.4100 -1.7600 47.34 49.37 48.90 -0.0000 -0.0000 -0.0000 47.6870 -122.2563
2011.4479 2011 164 0.6100 1.9400 -3.1600 47.12 49.54 48.68 -0.0000 -0.0000 -0.0000 47.6870 -122.2563
2011.4507 2011 165 -0.1600 2.0700 -7.0300 47.52 49.75 48.36 -0.0000 -0.0000 -0.0000 47.6870 -122.2563
2011.4534 2011 166 -1.0500 0.3500 -0.2500 47.78 49.86 48.76 -0.0000 -0.0000 -0.0000 47.6870 -122.2563
2011.4562 2011 167 -0.8900 -0.1200 -2.7800 47.44 50.42 49.43 -0.0000 0.0000 -0.0000 47.6870 -122.2563
2011.4589 2011 168 -1.7100 1.4700 -0.1900 46.94 50.41 49.31 -0.0000 0.0000 -0.0000 47.6870 -122.2563
2011.4616 2011 169 -0.8800 0.9400 -4.9400 46.12 50.31 49.97 -0.0000 0.0000 -0.0000 47.6870 -122.2563
2011.4644 2011 170 -1.7700 -1.4300 3.1700 46.17 50.63 50.36 -0.0000 0.0000 0.0000 47.6870 -122.2563
2011.4671 2011 171 0.3100 0.1200 -3.6000 46.55 50.85 50.54 -0.0000 0.0000 0.0000 47.6870 -122.2563
2011.4699 2011 172 0.2500 1.3300 -5.3600 46.39 51.20 50.71 -0.0000 0.0000 0.0000 47.6870 -122.2563
2011.4726 2011 173 1.1500 -0.0500 -11.0700 46.43 51.19 50.49 -0.0000 0.0000 0.0000 47.6870 -122.2563
2011.4753 2011 174 -0.7400 0.4700 -2.1400 46.35 50.73 50.67 -0.0000 0.0000 0.0000 47.6870 -122.2563
2011.4781 2011 175 -0.5300 0.2200 -5.9600 46.00 50.50 50.58 -0.0000 0.0000 0.0000 47.6870 -122.2563
2011.4808 2011 176 0.2300 0.4800 0.8700 45.95 50.08 50.71 -0.0000 0.0000 0.0000 47.6870 -122.2563
2011.4836 2011 177 -0.7400 1.7900 1.3100 46.46 50.27 50.48 -0.0000 0.0000 0.0000 47.6870 -122.2563
2011.4863 2011 178 -1.0100 1.3100 5.3800 46.50 50.50 50.61 -0.0000 0.0000 0.0000 47.6870 -122.2563
2011.4890 2011 179 -2.3300 -0.1500 6.9100 46.79 50.28 50.70 -0.0000 0.0000 0.0000 47.6870 -122.2563
2011.4918 2011 180 0.0900 0.9600 6.2500 46.81 50.08 51.00 -0.0000 0.0000 0.0000 47.6870 -122.2563
2011.4945 2011 181 -0.3300 0.0000 -2.2800 47.50 50.73 50.80 -0.0000 0.0000 0.0000 47.6870 -122.2563
2011.4973 2011 182 -1.5700 0.4400 -0.3500 47.24 50.80 50.93 -0.0000 0.0000 0.0000 47.6870 -122.2563
2011.5000 2011 183 -1.9500 0.8600 -2.0400 47.00 50.75 51.12 -0.0000 0.0000 0.0000 47.6870 -122.2563
2011.5027 2011 184 -1.7400 1.0600 1.1800 46.49 50.82 51.73 -0.0000 0.0000 0.0000 47.6870 -122.2563
2011.5055 2011 185 -1.4500 1.5000 -5.0900 46.81 50.70 52.04 -0.0000 0.0000 0.0000 47.6870 -122.2563
2011.5082 2011 186 -2.1000 0.8600 -5.8600 46.93 50.72 52.32 -0.0000 0.0000 0.0000 47.6870 -122.2563
2011.5110 2011 187 -0.5700 0.6200 -8.6300 46.74 50.59 52.11 -0.0000 0.0000 0.0000 47.6870 -122.2563
2011.5137 2011 188 -2.3000 0.8300 -2.3400 46.98 50.00 51.85 -0.0000 -0.0000 0.0000 47.6870 -122.2563
2011.5164 2011 189 -1.3500 0.4500 1.1400 47.21 49.58 51.71 -0.0000 -0.0000 0.0000 47.6870 -122.2563
2011.5192 2011 190 -0.9100 0.1800 7.0600 48.01 49.63 51.10 -0.0000 -0.0000 0.0000 47.6870 -122.2563
2011.5219 2011 191 1.2700 1.8500 3.8200 48.14 49.45 50.38 -0.0000 -0.0000 0.0000 47.6870 -122.2563
2011.5247 2011 192 -1.5200 1.0900 2.2300 48.44 49.44 50.20 -0.0000 -0.0000 0.0000 47.6870 -122.2563
2011.5274 2011 193 -1.9200 1.1500 -3.5800 48.78 49.54 49.91 -0.0000 -0.0000 -0.0000 47.6870 -122.2563
2011.5301 2011 194 -2.6200 -0.2200 2.0100 49.27 49.52 49.84 -0.0000 -0.0000 -0.0000 47.6870 -122.2563
2011.5329 2011 195 -0.2200 0.1200 6.7500 49.56 49.78 49.62 -0.0000 -0.0000 -0.0000 47.6870 -122.2563
2011.5356 2011 196 0.1700 0.8600 0.4000 49.98 49.79 49.73 -0.0000 -0.0000 -0.0000 47.6870 -122.2563
2011.5384 2011 197 -1.1600 -0.4900 -0.4000 50.50 50.03 49.71 0.0000 0.0000 -0.0000 47.6870 -122.2563
2011.5411 2011 198 -1.8800 0.0300 0.3200 50.44 50.08 50.03 0.0000 0.0000 0.0000 47.6870 -122.2563
2011.5438 2011 199 -1.8900 -0.8000 -0.6300 50.89 49.83 50.11 0.0000 -0.0000 0.0000 47.6870 -122.2563
2011.5466 2011 200 0.1900 -0.1700 0.4400 50.84 50.09 50.11 0.0000 0.0000 0.0000 47.6870 -122.2563
2011.5493 2011 201 0.7600 0.7800 -11.1700 50.95 50.27 49.70 0.0000 0.0000 -0.0000 47.6870 -122.2563
2011.5521 2011 202 2.4700 0.0200 -4.0300 50.31 49.70 49.56 0.0000 -0.0000 -0.0000 47.6870 -122.2563
2011.5548 2011 203 -2.0000 1.6800 -6.4300 50.38 49.44 49.20 0.0000 -0.0000 -0.0000 47.6870 -122.2563
2011.5575 2011 204 0.8600 0.6800 -9.8500 50.70 49.26 49.20 0.0000 -0.0000 -0.0000 47.6870 -122.2563
2011.5603 2011 205 -0.8500 1.6300 -3.8800 50.98 49.48 48.66 0.0000 -0.0000 -0.0000 47.6870 -122.2563
2011.5630 2011 206 0.4600 1.2000 -3.0000 50.88 49.72 48.01 0.0000 -0.0000 -0.0000 47.6870 -122.2563
2011.5658 2011 207 1.3100 1.4500 -5.2500 50.77 49.51 47.57 0.0000 -0.0000 -0.0000 47.6870 -122.2563
2011.5685 2011 208 -0.6200 1.1600 -6.0400 51.04 49.74 47.38 0.0000 -0.0000 -0.0000 47.6870 -122.2563
2011.5712 2011 209 1.4400 -0.0100 0.8100 51.26 50.18 47.33 0.0000 0.0000 -0.0000 47.6870 -122.2563
2011.5740 2011 210 -1.3600 1.2600 2.3400 51.48 50.80 47.33 0.0000 0.0000 -0.0000 47.6870 -122.2563
2011.5767 2011 211 0.5800 0.7400 4.2000 51.31 50.85 47.23 0.0000 0.0000 -0.0000 47.6870 -122.2563
2011.5795 2011 212 -3.2200 1.3800 -0.1400 51.18 50.78 47.99 0.0000 0.0000 -0.0000 47.6870 -122.2563
2011.5822 2011 213 -3.4500 0.4000 -3.6400 50.69 50.73 48.32 0.0000 0.0000 -0.0000 47.6870 -122.2563
2011.5849 2011 214 -0.5400 -0.4000 -2.1900 50.88 50.28 48.73 0.0000 0.0000 -0.0000 47.6870 -122.2563
2011.5877 2011 215 -4.9500 1.2000 -2.8800 50.54 50.02 49.17 0.0000 0.0000 -0.0000 47.6870 -122.2563
2011.5904 2011 216 -0.8900 1.4200 -3.6300 50.42 49.50 49.06 0.0000 -0.0000 -0.0000 47.6870 -122.2563
2011.5932 2011 217 -0.5100 0.0500 -6.1500 50.29 49.51 49.08 0.0000 -0.0000 -0.0000 47.6870 -122.2563
2011.5959 2011 218 1.0900 0.0900 -6.2200 49.95 49.03 49.23 -0.0000 -0.0000 -0.0000 47.6870 -122.2563
2011.5986 2011 219 -0.0300 1.0200 -2.0700 50.03 48.58 49.42 0.0000 -0.0000 -0.0000 47.6870 -122.2563
2011.6014 2011 220 0.2500 1.1100 -6.0400 49.61 48.49 49.35 -0.0000 -0.0000 -0.0000 47.6870 -122.2563
2011.6041 2011 221 1.9000 0.1200 -8.5800 49.54 48.01 49.21 -0.0000 -0.0000 -0.0000 47.6870 -122.2563
2011.6068 2011 222 -0.4100 0.1500 -4.3200 49.30 47.54 49.32 -0.0000 -0.0000 -0.0000 47.6870 -122.2563
2011.6096 2011 223 -0.9700 -0.3300 2.9600 49.75 47.27 49.78 -0.0000 -0.0000 -0.0000 47.6870 -122.2563
2011.6123 2011 224 0.4500 0.1700 -0.3200 50.09 47.28 50.14 0.0000 -0.0000 0.0000 47.6870 -122.2563
2011.6151 2011 225 -0.8000 -1.0600 -3.8900 49.91 47.28 50.32 -0.0000 -0.0000 0.0000 47.6870 -122.2563
2011.6178 2011 226 -1.7000 -0.9400 -10.5300 50.37 46.69 50.79 0.0000 -0.0000 0.0000 47.6870 -122.2563
2011.6205 2011 227 0.7500 0.9600 -0.6400 50.58 46.02 51.34 0.0000 -0.0000 0.0000 47.6870 -122.2563
2011.6233 2011 228 0.0100 -1.4000 -0.3100 50.34 45.78 52.01 0.0000 -0.0000 0.0000 47.6870 -122.2563
2011.6260 2011 229 0.6700 -1.5200 1.9500 50.06 45.49 52.55 0.0000 -0.0000 0.0000 47.6870 -122.2563
2011.6288 2011 230 -0.7600 -1.4600 1.4000 49.93 45.29 52.64 -0.0000 -0.0001 0.0000 47.6870 -122.2563
2011.6315 2011 231 -2.3800 -1.0900 -0.3800 49.75 44.66 52.98 -0.0000 -0.0189 0.0000 47.6870 -122.2563
2011.6342 2011 232 -1.4300 -1.8700 4.8500 49.32 44.37 53.54 -0.0000 -0.0785 0.0000 47.6870 -122.2563
2011.6370 2011 233 -1.2100 -0.9000 9.3900 49.33 44.17 53.49 -0.0000 -0.0834 0.0000 47.6870 -122.2563
2011.6397 2011 234 -0.6900 -0.1200 2.1800 49.44 43.99 53.16 -0.0000 -0.0724 0.0000 47.6870 -122.2563
2011.6425 2011 235 -1.6700 -1.9300 4.6200 49.22 44.04 52.97 -0.0000 -0.0761 0.0000 47.6870 -122.2563
2011.6452 2011 236 -1.4900 -1.4000 6.7100 49.21 44.23 52.82 -0.0000 -0.0824 0.0000 47.6870 -122.2563
2011.6479 2011 237 0.7600 -1.9000 2.2300 49.43 44.73 53.32 -0.0000 -0.0063 0.0000 47.6870 -122.2563
2011.6507 2011 238 -3.6700 -2.0900 8.3000 49.43 44.46 53.38 -0.0000 -0.0606 0.0000 47.6870 -122.2563
2011.6534 2011 239 -0.7700 -1.2900 4.8200 49.38 44.68 53.26 -0.0000 -0.0120 0.0000 47.6870 -122.2563
2011.6562 2011 240 -0.3400 0.5800 -1.9200 49.17 45.13 52.86 -0.0000 -0.0006 0.0000 47.6870 -122.2563
2011.6589 2011 241 -0.5700 -1.6200 -0.7800 49.32 45.22 52.58 -0.0000 -0.0003 0.0000 47.6870 -122.2563
2011.6616 2011 242 -1.9300 -1.7600 0.0700 49.67 45.66 52.27 -0.0000 -0.0000 0.0000 47.6870 -122.2563
2011.6644 2011 243 -1.0300 -2.0500 3.5700 49.65 46.06 51.98 -0.0000 -0.0000 0.0000 47.6870 -122.2563
2011.6671 2011 244 -1.9100 -2.0700 0.9200 49.38 46.39 51.19 -0.0000 -0.0000 0.0000 47.6870 -122.2563
2011.6699 2011 245 -0.3600 -1.2800 0.9200 49.14 46.49 51.03 -0.0000 -0.0000 0.0000 47.6870 -122.2563
2011.6726 2011 246 -2.0800 -1.7400 -1.5300 49.28 46.86 50.61 -0.0000 -0.0000 0.0000 47.6870 -122.2563
2011.6753 2011 247 0.3300 -0.4500 -3.2000 48.91 47.30 50.02 -0.0000 -0.0000 0.0000 47.6870 -122.2563
2011.6781 2011 248 1.0000 -1.2600 3.1600 48.60 47.82 49.64 -0.0000 -0.0000 -0.0000 47.6870 -122.2563
2011.6808 2011 249 -1.6700 -2.5700 0.9400 48.94 48.33 49.17 -0.0000 -0.0000 -0.0000 47.6870 -122.2563
2011.6836 2011 250 -0.8000 -0.8900 -1.7600 49.15 48.55 48.95 -0.0000 -0.0000 -0.0000 47.6870 -122.2563
2011.6863 2011 251 -0.6600 -2.4200 -6.3400 49.36 48.58 48.95 -0.0000 -0.0000 -0.0000 47.6870 -122.2563
2011.6890 2011 252 0.9100 -0.4000 -13.7000 49.23 49.22 48.76 -0.0000 -0.0000 -0.0000 47.6870 -122.2563
2011.6918 2011 253 -3.5200 -1.8600 -4.4800 49.51 49.55 48.55 -0.0000 -0.0000 -0.0000 47.6870 -122.2563
2011.6945 2011 254 -2.7800 -1.0200 -5.9900 49.49 49.99 48.16 -0.0000 -0.0000 -0.0000 47.6870 -122.2563
2011.6973 2011 255 -1.2000 0.0500 3.4200 49.31 50.61 48.27 -0.0000 0.0000 -0.0000 47.6870 -122.2563
2011.7000 2011 256 -0.9900 -0.6100 -2.5300 49.30 50.85 48.43 -0.0000 0.0000 -0.0000 47.6870 -122.2563
2011.7027 2011 257 -2.0800 -1.0100 -3.3500 49.67 50.92 48.31 -0.0000 0.0000 -0.0000 47.6870 -122.2563
2011.7055 2011 258 -1.1000 -1.7200 -4.5400 49.17 50.72 48.24 -0.0000 0.0000 -0.0000 47.6870 -122.2563
2011.7082 2011 259 -2.8600 -0.5200 6.1000 49.04 51.09 48.18 -0.0000 0.0000 -0.0000 47.6870 -122.2563
2011.7110 2011 260 -0.1400 -1.2800 8.0200 49.19 51.26 48.43 -0.0000 0.0000 -0.0000 47.6870 -122.2563
2011.7137 2011 261 2.0400 0.3300 -1.9900 49.34 51.18 48.60 -0.0000 0.0000 -0.0000 47.6870 -122.2563
2011.7164 2011 262 -3.5200 0.7200 -2.3100 49.32 51.31 49.03 -0.0000 0.0000 -0.0000 47.6870 -122.2563
2011.7192 2011 263 -2.6400 -1.0300 1.3900 48.89 51.17 49.78 -0.0000 0.0000 -0.0000 47.6870 -122.2563
2011.7219 2011 264 -2.2300 -0.7400 -2.3400 49.12 51.25 50.13 -0.0000 0.0000 0.0000 47.6870 -122.2563
2011.7247 2011 265 -6.0800 1.7300 2.8000 49.20 51.20 50.67 -0.0000 0.0000 0.0000 47.6870 -122.2563
2011.7274 2011 266 -1.7900 -0.8000 8.7400 49.17 51.16 50.76 -0.0000 0.0000 0.0000 47.6870 -122.2563
2011.7301 2011 267 2.6000 -2.0500 -3.2600 49.01 51.06 51.09 -0.0000 0.0000 0.0000 47.6870 -122.2563
2011.7329 2011 268 -6.5300 -1.8800 5.1200 48.88 50.85 51.63 -0.0000 0.0000 0.0000 47.6870 -122.2563
2011.7356 2011 269 -1.5500 -0.5400 6.7600 48.79 50.82 51.97 -0.0000 0.0000 0.0000 47.6870 -122.2563
2011.7384 2011 270 -1.3800 -2.6600 15.2000 48.63 50.58 51.82 -0.0000 0.0000 0.0000 47.6870 -122.2563
2011.7411 2011 271 -0.1500 -0.8500 0.4600 48.38 50.64 51.42 -0.0000 0.0000 0.0000 47.6870 -122.2563
2011.7438 2011 272 -1.0000 -2.3200 2.5200 47.86 50.69 51.29 -0.0000 0.0000 0.0000 47.6870 -122.2563
2011.7466 2011 273 -2.2200 -1.0500 3.5300 48.18 50.31 51.33 -0.0000 0.0000 0.0000 47.6870 -122.2563
2011.7493 2011 274 -2.0800 -1.0200 -1.1300 48.33 50.40 51.24 -0.0000 0.0000 0.0000 47.6870 -122.2563
2011.7521 2011 275 -3.6800 -1.6500 -2.3600 48.58 50.25 51.41 -0.0000 0.0000 0.0000 47.6870 -122.2563
2011.7548 2011 276 -2.5600 -0.1600 9.5700 49.11 49.68 51.24 -0.0000 -0.0000 0.0000 47.6870 -122.2563
2011.7575 2011 277 -3.1800 -0.0300 3.5800 49.25 49.73 50.99 -0.0000 -0.0000 0.0000 47.6870 -122.2563
2011.7603 2011 278 -5.7700 -2.8700 9.4700 48.88 49.92 51.13 -0.0000 -0.0000 0.0000 47.6870 -122.2563
2011.7630 2011 279 -5.9700 -1.8400 2.9600 49.64 50.28 50.86 -0.0000 0.0000 0.0000 47.6870 -122.2563
2011.7658 2011 280 -4.6700 -1.2700 -4.6800 49.93 50.23 50.52 -0.0000 0.0000 0.0000 47.6870 -122.2563
2011.7685 2011 281 -4.2300 -0.5700 -8.5500 49.95 50.56 49.72 -0.0000 0.0000 -0.0000 47.6870 -122.2563
2011.7712 2011 282 -4.3100 0.5500 -7.9100 49.90 50.70 49.76 -0.0000 0.0000 -0.0000 47.6870 -122.2563
2011.7740 2011 283 -1.2400 -0.3100 -2.7700 49.93 50.97 49.51 -0.0000 0.0000 -0.0000 47.6870 -122.2563
2011.7767 2011 284 -0.7800 0.8500 -1.1800 50.43 51.25 48.91 0.0000 0.0000 -0.0000 47.6870 -122.2563
2011.7795 2011 285 0.8600 -0.8200 -1.6400 50.57 51.32 48.81 0.0000 0.0000 -0.0000 47.6870 -122.2563
2011.7822 2011 286 -1.3600 -0.1900 -2.8600 51.08 51.83 48.71 0.0000 0.0000 -0.0000 47.6870 -122.2563
2011.7849 2011 287 -0.9600 0.1200 5.8400 51.39 52.05 48.36 0.0000 0.0000 -0.0000 47.6870 -122.2563
2011.7877 2011 288 0.9200 -0.5500 1.3200 51.62 52.12 47.94 0.0000 0.0000 -0.0000 47.6870 -122.2563
2011.7904 2011 289 -1.3600 0.2400 1.0700 52.21 52.73 47.21 0.0000 0.0000 -0.0000 47.6870 -122.2563
2011.7932 2011 290 0.3500 -0.3500 -4.1500 53.05 53.01 46.94 0.0000 0.0000 -0.0000 47.6870 -122.2563
2011.7959 2011 291 -0.9600 0.0700 -4.6900 53.64 53.44 47.43 0.0000 0.0000 -0.0000 47.6870 -122.2563
2011.7986 2011 292 -0.3800 0.2200 3.3900 53.94 53.51 48.26 0.0000 0.0000 -0.0000 47.6870 -122.2563
2011.8014 2011 293 -0.8200 -0.2300 -0.6900 54.31 53.57 48.36 0.0000 0.0000 -0.0000 47.6870 -122.2563
2011.8041 2011 294 1.7300 0.5200 -6.2600 54.20 53.91 48.36 0.0000 0.0013 -0.0000 47.6870 -122.2563
2011.8068 2011 295 0.4100 0.0700 -2.4400 54.11 53.69 48.24 0.0000 0.0000 -0.0000 47.6870 -122.2563
2011.8096 2011 296 1.7400 1.8700 -3.2700 53.90 53.92 48.25 0.0000 0.0025 -0.0000 47.6870 -122.2563
2011.8123 2011 297 0.3000 1.2700 1.6800 53.74 54.18 48.38 0.0000 0.0388 -0.0000 47.6870 -122.2563
2011.8151 2011 298 -1.7300 0.9900 -7.2000 53.68 54.18 48.32 0.0000 0.0250 -0.0000 47.6870 -122.2563
2011.8178 2011 299 -0.9500 0.0600 -7.0100 53.53 54.12 47.98 0.0000 0.0066 -0.0000 47.6870 -122.2563
2011.8205 2011 300 1.6000 -0.1500 -1.4500 53.31 53.86 48.05 0.0000 0.0005 -0.0000 47.6870 -122.2563
2011.8233 2011 301 1.4600 1.1300 4.5100 53.26 54.13 48.29 0.0000 0.0136 -0.0000 47.6870 -122.2563
2011.8260 2011 302 -2.9900 0.3300 9.0800 53.44 53.75 48.74 0.0000 0.0001 -0.0000 47.6870 -122.2563
2011.8288 2011 303 -3.8300 1.1300 -8.7500 53.63 53.84 48.51 0.0000 0.0002 -0.0000 47.6870 -122.2563
2011.8315 2011 304 -1.0400 1.2000 -3.2100 53.73 53.66 48.59 0.0000 0.0000 -0.0000 47.6870 -122.2563
2011.8342 2011 305 -0.5200 0.5900 -8.8300 53.18 53.47 49.16 0.0000 0.0000 -0.0000 47.6870 -122.2563
2011.8370 2011 306 0.3700 0.3500 -0.1200 52.98 53.44 49.50 0.0000 0.0000 -0.0000 47.6870 -122.2563
2011.8397 2011 307 0.0200 0.2200 -2.7800 52.36 52.96 49.84 0.0000 0.0000 -0.0000 47.6870 -122.2563
2011.8425 2011 308 -1.1200 0.6100 0.3400 52.01 52.55 50.29 0.0000 0.0000 0.0000 47.6870 -122.2563
2011.8452 2011 309 -2.4200 0.0100 -9.7300 52.02 52.31 50.73 0.0000 0.0000 0.0000 47.6870 -122.2563
2011.8479 2011 310 1.4900 0.0400 -0.0100 51.77 52.01 51.40 0.0000 0.0000 0.0000 47.6870 -122.2563
2011.8507 2011 311 2.0600 1.1400 -4.9900 51.07 51.88 51.62 0.0000 0.0000 0.0000 47.6870 -122.2563
2011.8534 2011 312 1.7400 -0.2500 -7.5000 50.77 51.29 51.23 0.0000 0.0000 0.0000 47.6870 -122.2563
2011.8562 2011 313 1.7200 1.6600 -4.2900 51.23 51.10 50.52 0.0000 0.0000 0.0000 47.6870 -122.2563
2011.8589 2011 314 0.7400 0.4000 -0.8700 51.57 50.92 50.75 0.0000 0.0000 0.0000 47.6870 -122.2563
2011.8616 2011 315 -0.7300 0.7100 10.0500 51.70 50.57 50.73 0.0000 0.0000 0.0000 47.6870 -122.2563
2011.8644 2011 316 0.6400 0.8300 13.3400 51.86 50.61 51.21 0.0000 0.0000 0.0000 47.6870 -122.2563
2011.8671 2011 317 -0.0800 1.6900 13.0000 51.89 50.11 51.31 0.0000 0.0000 0.0000 47.6870 -122.2563
2011.8699 2011 318 -0.9300 -0.0900 13.3000 52.13 49.97 51.43 0.0000 -0.0000 0.0000 47.6870 -122.2563
2011.8726 2011 319 -0.2900 0.3500 0.3100 52.36 49.75 51.60 0.0000 -0.0000 0.0000 47.6870 -122.2563
2011.8753 2011 320 0.9500 0.8700 3.3700 52.96 49.80 52.05 0.0000 -0.0000 0.0000 47.6870 -122.2563
2011.8781 2011 321 0.6000 0.7300 3.0300 52.52 49.83 52.11 0.0000 -0.0000 0.0000 47.6870 -122.2563
2011.8808 2011 322 3.8400 -0.2800 -1.1900 52.22 49.39 52.05 0.0000 -0.0000 0.0000 47.6870 -122.2563
2011.8836 2011 323 2.7100 0.0200 -0.0300 52.14 49.44 52.17 0.0000 -0.0000 0.0000 47.6870 -122.2563
2011.8863 2011 324 0.3600 0.5900 -0.4200 51.83 48.93 52.32 0.0000 -0.0000 0.0000 47.6870 -122.2563
2011.8890 2011 325 0.3700 0.6000 -4.1900 51.56 48.82 52.13 0.0000 -0.0000 0.0000 47.6870 -122.2563
2011.8918 2011 326 1.2400 0.5800 3.1200 51.79 48.76 51.26 0.0000 -0.0000 0.0000 47.6870 -122.2563
2011.8945 2011 327 0.2500 -1.4800 4.9500 51.68 48.58 50.35 0.0000 -0.0000 0.0000 47.6870 -122.2563
2011.8973 2011 328 4.0600 -0.1700 1.9400 51.75 48.36 49.31 0.0000 -0.0000 -0.0000 47.6870 -122.2563
2011.9000 2011 329 1.5400 -0.2400 2.1500 51.78 48.61 48.25 0.0000 -0.0000 -0.0000 47.6870 -122.2563
2011.9027 2011 330 1.4300 1.1200 -2.5600 51.61 48.56 47.74 0.0000 -0.0000 -0.0000 47.6870 -122.2563
2011.9055 2011 331 -0.9500 -0.0600 1.3200 51.23 48.52 47.15 0.0000 -0.0000 -0.0000 47.6870 -122.2563
2011.9082 2011 332 0.1100 0.1400 -7.5200 51.23 48.34 46.91 0.0000 -0.0000 -0.0000 47.6870 -122.2563
2011.9110 2011 333 3.4200 -0.3100 -5.4200 50.63 48.68 47.11 0.0000 -0.0000 -0.0000 47.6870 -122.2563
2011.9137 2011 334 -0.2600 -0.0400 -4.2900 49.94 48.74 47.20 -0.0000 -0.0000 -0.0000 47.6870 -122.2563
2011.9164 2011 335 -1.2700 0.3600 -7.2600 49.42 48.96 47.06 -0.0000 -0.0000 -0.0000 47.6870 -122.2563
2011.9192 2011 336 -0.3200 0.5200 -5.6500 49.15 49.04 47.26 -0.0000 -0.0000 -0.0000 47.6870 -122.2563
2011.9219 2011 337 -0.6200 0.5200 -3.4200 48.62 48.94 46.85 -0.0000 -0.0000 -0.0000 47.6870 -122.2563
2011.9247 2011 338 -1.1100 0.4000 -8.7100 48.48 49.65 46.48 -0.0000 -0.0000 -0.0000 47.6870 -122.2563
2011.9274 2011 339 -1.9300 0.0700 -12.7700 47.90 49.80 46.28 -0.0000 -0.0000 -0.0000 47.6870 -122.2563
2011.9301 2011 340 -0.8700 -0.3600 -9.5300 47.57 50.11 46.04 -0.0000 0.0000 -0.0000 47.6870 -122.2563
2011.9329 2011 341 -1.8300 1.3700 -7.1900 47.08 49.71 45.86 -0.0000 -0.0000 -0.0000 47.6870 -122.2563
2011.9356 2011 342 -0.6300 0.5200 -1.4400 47.32 49.88 45.98 -0.0000 -0.0000 -0.0000 47.6870 -122.2563
2011.9384 2011 343 -1.1300 0.2300 1.2400 47.36 50.04 46.29 -0.0000 0.0000 -0.0000 47.6870 -122.2563
2011.9411 2011 344 0.9200 0.0600 -3.0400 47.02 50.05 46.24 -0.0000 0.0000 -0.0000 47.6870 -122.2563
2011.9438 2011 345 -1.4100 1.2900 1.4800 47.30 50.54 46.36 -0.0000 0.0000 -0.0000 47.6870 -122.2563
2011.9466 2011 346 -1.3000 0.4500 1.2700 47.78 50.32 46.78 -0.0000 0.0000 -0.0000 47.6870 -122.2563
2011.9493 2011 347 -3.4500 0.0000 -0.2900 47.68 50.06 47.28 -0.0000 0.0000 -0.0000 47.6870 -122.2563
2011.9521 2011 348 -1.8000 0.7000 -1.4400 47.82 49.90 48.04 -0.0000 -0.0000 -0.0000 47.6870 -122.2563
2011.9548 2011 349 1.0200 0.3000 -0.1700 47.66 50.16 49.05 -0.0000 0.0000 -0.0000 47.6870 -122.2563
2011.9575 2011 350 0.1900 0.6500 -2.9200 47.77 50.03 50.43 -0.0000 0.0000 0.0000 47.6870 -122.2563
2011.9603 2011 351 -0.5900 -0.0100 -1.9000 47.80 50.34 51.37 -0.0000 0.0000 0.0000 47.6870 -122.2563
2011.9630 2011 352 -0.7500 0.6500 5.8000 48.09 49.99 52.35 -0.0000 -0.0000 0.0000 47.6870 -122.2563
2011.9658 2011 353 -1.4500 0.2400 -1.2400 48.04 49.94 52.81 -0.0000 -0.0000 0.0000 47.6870 -122.2563
2011.9685 2011 354 1.0700 -0.3300 -5.0100 48.36 49.60 53.11 -0.0000 -0.0000 0.0000 47.6870 -122.2563
2011.9712 2011 355 1.1600 1.0300 -0.6700 48.23 49.44 53.30 -0.0000 -0.0000 0.0000 47.6870 -122.2563
2011.9740 2011 356 1.9300 -0.9500 -1.1200 48.40 48.97 53.23 -0.0000 -0.0000 0.0000 47.6870 -122.2563
2011.9767 2011 357 -1.0600 -1.1600 -7.0500 48.53 48.81 53.12 -0.0000 -0.0000 0.0000 47.6870 -122.2563
2011.9795 2011 358 -0.0800 -0.7900 1.6000 48.96 48.72 53.40 -0.0000 -0.0000 0.0000 47.6870 -122.2563
2011.9822 2011 359 -4.0200 0.4900 0.1200 49.10 48.10 53.61 -0.0000 -0.0000 0.0000 47.6870 -122.2563
2011.9849 2011 360 -1.5100 -0.5500 4.9400 48.83 47.99 53.74 -0.0000 -0.0000 0.0000 47.6870 -122.2563
2011.9877 2011 361 -1.1300 0.7000 8.8000 48.87 47.59 54.01 -0.0000 -0.0000 0.0000 47.6870 -122.2563
2011.9904 2011 362 -0.7300 -0.3100 11.5400 49.07 47.75 53.93 -0.0000 -0.0000 0.0000 47.6870 -122.2563
2011.9932 2011 363 -2.5300 -0.0700 8.1300 49.02 47.37 53.74 -0.0000 -0.0000 0.0000 47.6870 -122.2563
2011.9959 2011 364 -2.1600 -1.4300 13.5400 49.44 47.47 53.66 -0.0000 -0.0000 0.0000 47.6870 -122.2563
2011.9986 2011 365 -2.2700 -1.0300 0.2200 49.67 47.33 53.89 -0.0000 -0.0000 0.0000 47.6870 -122.2563
2012.0014 2012 1 -1.0300 -0.9400 1.2800 49.50 46.84 53.86 -0.0000 -0.0000 0.0000 47.6870 -122.2563
2012.0041 2012 2 -1.3300 -0.7300 3.5000 49.05 47.13 53.79 -0.0000 -0.0000 0.0000 47.6870 -122.2563
2012.0068 2012 3 -2.5100 -1.1600 5.2800 49.26 47.38 54.14 -0.0000 -0.0000 0.0000 47.6870 -122.2563
2012.0096 2012 4 -1.9700 -0.5700 -2.2700 49.27 47.53 54.06 -0.0000 -0.0000 0.0000 47.6870 -122.2563
2012.0123 2012 5 -4.2000 0.1600 2.0500 50.35 47.57 53.63 0.0000 -0.0000 0.0000 47.6870 -122.2563
2012.0150 2012 6 -0.5300 -0.8100 0.5000 50.39 48.45 53.14 0.0000 -0.0000 0.0000 47.6870 -122.2563
2012.0178 2012 7 -0.1500 -0.5000 -4.0900 50.52 48.09 52.48 0.0000 -0.0000 0.0000 47.6870 -122.2563
2012.0205 2012 8 -1.1000 -0.7600 4.5900 50.70 48.53 51.84 0.0000 -0.0000 0.0000 47.6870 -122.2563
2012.0232 2012 9 2.1800 1.0900 4.3700 51.28 48.87 51.74 0.0000 -0.0000 0.0000 47.6870 -122.2563
2012.0260 2012 10 1.3300 -1.5000 3.8000 51.58 49.36 51.24 0.0000 -0.0000 0.0000 47.6870 -122.2563
2012.0287 2012 11 0.9000 -1.0500 2.6400 52.02 49.52 51.63 0.0000 -0.0000 0.0000 47.6870 -122.2563
2012.0314 2012 12 0.3700 -0.5000 4.1800 52.06 49.86 51.88 0.0000 -0.0000 0.0000 47.6870 -122.2563
2012.0342 2012 13 0.4800 -1.4200 3.2500 52.20 50.00 51.82 0.0000 -0.0000 0.0000 47.6870 -122.2563
2012.0369 2012 14 0.6300 -1.2800 3.8000 52.36 50.23 51.65 0.0000 0.0000 0.0000 47.6870 -122.2563
2012.0396 2012 15 5.1100 0.8300 -4.6100 52.38 50.50 51.97 0.0000 0.0000 0.0000 47.6870 -122.2563
2012.0423 2012 16 -0.6200 6.9000 7.3900 53.19 50.45 51.85 0.0000 0.0000 0.0000 47.6870 -122.2563
2012.0451 2012 17 0.1900 -1.8500 5.8200 53.38 50.68 51.68 0.0000 0.0000 0.0000 47.6870 -122.2563
2012.0478 2012 18 2.8800 2.3500 9.6100 53.39 50.78 51.88 0.0000 0.0000 0.0000 47.6870 -122.2563
2012.0505 2012 19 3.0100 3.4500 16.1600 53.58 51.08 52.07 0.0000 0.0000 0.0000 47.6870 -122.2563
2012.0533 2012 20 0.7900 2.1300 9.0900 53.06 50.88 52.04 0.0000 0.0000 0.0000 47.6870 -122.2563
2012.0560 2012 21 -0.0200 -0.9900 17.1900 53.08 51.05 51.77 0.0000 0.0000 0.0000 47.6870 -122.2563
2012.0587 2012 22 -0.0700 -0.8700 10.4500 52.97 51.35 51.72 0.0000 0.0000 0.0000 47.6870 -122.2563
2012.0615 2012 23 0.5100 -1.5400 3.6400 53.29 51.24 51.49 0.0000 0.0000 0.0000 47.6870 -122.2563
2012.0642 2012 24 0.6700 -0.4000 4.6700 53.27 51.35 51.26 0.0000 0.0000 0.0000 47.6870 -122.2563
2012.0669 2012 25 -1.9000 0.5100 9.0200 53.49 51.46 51.21 0.0000 0.0000 0.0000 47.6870 -122.2563
2012.0697 2012 26 0.0800 -0.9400 -0.1800 52.49 51.34 51.48 0.0000 0.0000 0.0000 47.6870 -122.2563
2012.0724 2012 27 0.9900 -0.6900 -2.8100 52.72 49.90 51.33 0.0000 -0.0000 0.0000 47.6870 -122.2563
2012.0751 2012 28 0.5300 -0.1400 1.6900 52.79 50.30 51.52 0.0000 0.0000 0.0000 47.6870 -122.2563
2012.0779 2012 29 0.8600 0.5000 11.1800 52.43 49.70 51.53 0.0000 -0.0000 0.0000 47.6870 -122.2563
2012.0806 2012 30 -0.6100 -0.0500 9.0800 51.75 48.82 51.01 0.0000 -0.0000 0.0000 47.6870 -122.2563
2012.0833 2012 31 1.8600 -1.2200 2.7500 51.47 48.22 51.00 0.0000 -0.0000 0.0000 47.6870 -122.2563
2012.0861 2012 32 -0.8500 -0.7600 4.7300 51.36 48.39 50.13 0.0000 -0.0000 0.0000 47.6870 -122.2563
2012.0888 2012 33 3.2900 -1.1800 0.4100 51.19 48.51 49.62 0.0000 -0.0000 -0.0000 47.6870 -122.2563
2012.0915 2012 34 2.2400 -0.3700 6.9100 50.99 48.63 49.59 0.0000 -0.0000 -0.0000 47.6870 -122.2563
2012.0943 2012 35 5.2900 -0.6200 4.5600 50.48 48.45 49.44 0.0000 -0.0000 -0.0000 47.6870 -122.2563
2012.0970 2012 36 2.5900 -0.2600 1.5600 50.61 48.25 48.75 0.0000 -0.0000 -0.0000 47.6870 -122.2563
2012.0997 2012 37 3.5600 -0.9900 3.8700 50.21 48.28 48.63 0.0000 -0.0000 -0.0000 47.6870 -122.2563
2012.1025 2012 38 2.5500 -0.0900 10.3500 49.94 48.20 48.65 -0.0000 -0.0000 -0.0000 47.6870 -122.2563
2012.1052 2012 39 1.7200 -0.7000 7.9700 49.93 47.98 48.40 -0.0000 -0.0000 -0.0000 47.6870 -122.2563
2012.1079 2012 40 -0.2700 -0.9900 2.7300 49.57 47.62 47.62 -0.0000 -0.0000 -0.0000 47.6870 -122.2563
2012.1107 2012 41 -0.0200 -0.2700 3.9500 49.93 47.55 47.34 -0.0000 -0.0000 -0.0000 47.6870 -122.2563
2012.1134 2012 42 0.7100 0.0000 2.3700 49.74 47.63 47.37 -0.0000 -0.0000 -0.0000 47.6870 -122.2563
2012.1161 2012 43 -1.4100 -0.2000 0.8900 49.86 47.65 47.06 -0.0000 -0.0000 -0.0000 47.6870 -122.2563
2012.1189 2012 44 -0.4000 -1.1100 2.7800 49.38 47.76 46.98 -0.0000 -0.0000 -0.0000 47.6870 -122.2563
2012.1216 2012 45 -3.1600 -1.1100 -0.9600 49.16 47.51 46.45 -0.0000 -0.0000 -0.0000 47.6870 -122.2563
2012.1243 2012 46 0.0700 -0.1900 -4.6500 48.61 47.13 46.09 -0.0000 -0.0000 -0.0000 47.6870 -122.2563
2012.1270 2012 47 -1.2500 -1.1400 -5.7900 48.65 46.85 45.80 -0.0000 -0.0000 -0.0000 47.6870 -122.2563
2012.1298 2012 48 -1.1200 -1.0300 -4.5800 48.07 47.26 45.52 -0.0000 -0.0000 -0.0000 47.6870 -122.2563
2012.1325 2012 49 1.2400 -1.0900 -1.7200 47.69 46.64 44.85 -0.0000 -0.0000 -0.0000 47.6870 -122.2563
2012.1352 2012 50 -2.5500 -0.7900 -5.6200 47.68 46.89 44.66 -0.0000 -0.0000 -0.0000 47.6870 -122.2563
2012.1380 2012 51 1.4500 -0.6700 3.8000 47.89 47.44 44.88 -0.0000 -0.0000 -0.0000 47.6870 -122.2563
2012.1407 2012 52 -0.8000 -0.8300 2.8500 47.95 47.74 44.70 -0.0000 -0.0000 -0.0000 47.6870 -122.2563
2012.1434 2012 53 -0.9500 -0.6400 -3.0200 47.80 47.34 44.79 -0.0000 -0.0000 -0.0000 47.6870 -122.2563
2012.1462 2012 54 -1.0400 -0.9200 -4.4400 48.07 46.92 44.96 -0.0000 -0.0000 -0.0000 47.6870 -122.2563
2012.1489 2012 55 0.7700 -1.0000 -4.9600 48.15 46.51 45.02 -0.0000 -0.0000 -0.0000 47.6870 -122.2563
2012.1516 2012 56 1.5100 -1.9200 -4.3400 48.72 46.66 45.27 -0.0000 -0.0000 -0.0000 47.6870 -122.2563
2012.1544 2012 57 0.8300 -1.5800 -2.2600 48.76 46.39 45.84 -0.0000 -0.0000 -0.0000 47.6870 -122.2563
2012.1571 2012 58 -0.0200 -1.8600 -5.4500 49.11 46.55 46.01 -0.0000 -0.0000 -0.0000 47.6870 -122.2563
2012.1598 2012 59 -0.1300 -1.5200 -3.1500 49.51 46.79 46.20 -0.0000 -0.0000 -0.0000 47.6870 -122.2563
2012.1626 2012 60 0.4000 -1.2400 2.2400 49.27 46.81 46.58 -0.0000 -0.0000 -0.0000 47.6870 -122.2563
2012.1653 2012 61 -0.7000 -1.2300 0.5200 49.54 47.18 47.66 -0.0000 -0.0000 -0.0000 47.6870 -122.2563
2012.1680 2012 62 -0.0300 -0.4500 -3.4300 49.25 47.40 47.99 -0.0000 -0.0000 -0.0000 47.6870 -122.2563
2012.1708 2012 63 -0.5200 -0.6900 -5.2900 49.27 47.27 48.12 -0.0000 -0.0000 -0.0000 47.6870 -122.2563
2012.1735 2012 64 0.7700 -1.1900 -1.6100 49.66 47.08 48.44 -0.0000 -0.0000 -0.0000 47.6870 -122.2563
2012.1762 2012 65 -0.2200 -2.2400 3.8000 49.90 46.91 49.04 -0.0000 -0.0000 -0.0000 47.6870 -122.2563
2012.1790 2012 66 0.3400 -1.0200 1.4800 49.93 47.15 49.72 -0.0000 -0.0000 -0.0000 47.6870 -122.2563
2012.1817 2012 67 1.8700 -1.7400 -0.1100 49.99 47.85 50.45 -0.0000 -0.0000 0.0000 47.6870 -122.2563
2012.1844 2012 68 1.4300 -0.6500 -6.2300 49.83 48.29 50.94 -0.0000 -0.0000 0.0000 47.6870 -122.2563
2012.1872 2012 69 1.5300 -0.3700 -0.5500 50.22 48.70 51.48 0.0000 -0.0000 0.0000 47.6870 -122.2563
2012.1899 2012 70 -0.7400 -1.9300 6.8200 50.44 49.13 52.44 0.0000 -0.0000 0.0000 47.6870 -122.2563
2012.1926 2012 71 -1.9100 -0.3000 8.7200 50.61 49.41 52.72 0.0000 -0.0000 0.0000 47.6870 -122.2563
2012.1954 2012 72 0.0000 -0.3000 8.1400 50.79 49.66 52.88 0.0000 -0.0000 0.0000 47.6870 -122.2563
2012.1981 2012 73 -1.8500 -0.9600 6.4600 50.95 49.91 53.18 0.0000 -0.0000 0.0000 47.6870 -122.2563
2012.2008 2012 74 2.8800 -1.5300 -1.2200 51.00 50.25 53.64 0.0000 0.0000 0.0000 47.6870 -122.2563
2012.2036 2012 75 -1.6300 -1.4700 9.2800 50.71 50.62 53.81 0.0000 0.0000 0.0000 47.6870 -122.2563
2012.2063 2012 76 0.0400 -0.6200 3.1200 50.80 51.40 53.85 0.0000 0.0000 0.0000 47.6870 -122.2563
2012.2090 2012 77 -0.9600 0.0500 9.4700 50.37 51.57 53.93 0.0000 0.0000 0.0000 47.6870 -122.2563
2012.2117 2012 78 -2.7100 -1.0600 9.9700 49.94 52.29 53.85 -0.0000 0.0000 0.0000 47.6870 -122.2563
2012.2145 2012 79 1.7100 -0.8200 1.2800 49.47 52.19 54.04 -0.0000 0.0000 0.0000 47.6870 -122.2563
2012.2172 2012 80 0.1100 -1.5200 13.9500 48.95 51.92 53.89 -0.0000 0.0000 0.0000 47.6870 -122.2563
2012.2199 2012 81 1.4000 -0.5200 4.3300 48.95 52.21 53.50 -0.0000 0.0000 0.0000 47.6870 -122.2563
2012.2227 2012 82 1.3500 -0.1100 3.6600 48.88 51.89 52.85 -0.0000 0.0000 0.0000 47.6870 -122.2563
2012.2254 2012 83 2.3000 0.7800 -3.4800 48.89 52.04 52.39 -0.0000 0.0000 0.0000 47.6870 -122.2563
2012.2281 2012 84 -1.2500 0.1300 1.6200 49.13 52.29 52.10 -0.0000 0.0000 0.0000 47.6870 -122.2563
2012.2309 2012 85 -0.9300 -0.7000 1.9100 48.50 52.62 51.95 -0.0000 0.0000 0.0000 47.6870 -122.2563
2012.2336 2012 86 1.4000 0.8400 7.0300 48.44 52.87 51.34 -0.0000 0.0000 0.0000 47.6870 -122.2563
2012.2363 2012 87 -1.7900 0.2600 9.5200 48.32 52.97 50.87 -0.0000 0.0000 0.0000 47.6870 -122.2563
2012.2391 2012 88 -2.4200 0.2500 4.2800 48.51 52.56 50.10 -0.0000 0.0000 0.0000 47.6870 -122.2563
2012.2418 2012 89 -2.0300 -0.5200 1.7600 48.98 52.64 49.47 -0.0000 0.0000 -0.0000 47.6870 -122.2563
2012.2445 2012 90 -2.9500 -1.0100 -1.4800 48.87 52.65 49.22 -0.0000 0.0000 -0.0000 47.6870 -122.2563
2012.2473 2012 91 -3.9800 -1.2900 2.0600 48.77 53.07 48.43 -0.0000 0.0000 -0.0000 47.6870 -122.2563
2012.2500 2012 92 -1.9300 -1.4700 0.5300 48.53 53.05 48.34 -0.0000 0.0000 -0.0000 47.6870 -122.2563
2012.2527 2012 93 -2.7200 1.1100 -5.3000 48.19 52.74 48.19 -0.0000 0.0000 -0.0000 47.6870 -122.2563
2012.2555 2012 94 -0.0100 0.4400 -0.5300 47.83 52.24 48.34 -0.0000 0.0000 -0.0000 47.6870 -122.2563
2012.2582 2012 95 -0.8700 -0.4300 -5.0000 48.03 52.00 48.21 -0.0000 0.0000 -0.0000 47.6870 -122.2563
2012.2609 2012 96 -3.1700 -0.5600 1.1700 48.33 52.13 48.05 -0.0000 0.0000 -0.0000 47.6870 -122.2563
2012.2637 2012 97 -2.4000 0.5200 -7.1200 48.01 51.42 47.64 -0.0000 0.0000 -0.0000 47.6870 -122.2563
2012.2664 2012 98 -1.2800 -0.3300 -6.6300 48.33 51.21 47.10 -0.0000 0.0000 -0.0000 47.6870 -122.2563
2012.2691 2012 99 -0.1000 0.0400 -2.5900 48.85 50.77 46.78 -0.0000 0.0000 -0.0000 47.6870 -122.2563
2012.2719 2012 100 1.8900 0.3800 -1.7700 49.19 50.91 46.41 -0.0000 0.0000 -0.0000 47.6870 -122.2563
2012.2746 2012 101 -1.0200 1.1600 0.4500 49.80 51.32 46.50 -0.0000 0.0000 -0.0000 47.6870 -122.2563
2012.2773 2012 102 -0.8700 0.0800 2.9700 50.42 51.27 46.50 0.0000 0.0000 -0.0000 47.6870 -122.2563
2012.2801 2012 103 -1.1600 -0.9700 0.8800 50.61 51.65 46.69 0.0000 0.0000 -0.0000 47.6870 -122.2563
2012.2828 2012 104 -0.1700 -1.2700 1.1700 51.05 51.32 47.45 0.0000 0.0000 -0.0000 47.6870 -122.2563
2012.2855 2012 105 0.4700 -0.6000 1.8900 50.50 51.13 47.61 0.0000 0.0000 -0.0000 47.6870 -122.2563
2012.2883 2012 106 1.3300 0.6600 -0.3200 50.90 51.13 48.01 0.0000 0.0000 -0.0000 47.6870 -122.2563
2012.2910 2012 107 -1.1800 -0.9800 -2.1800 51.47 50.91 48.59 0.0000 0.0000 -0.0000 47.6870 -122.2563
2012.2937 2012 108 0.4300 0.0700 -0.5100 51.92 50.74 49.36 0.0000 0.0000 -0.0000 47.6870 -122.2563
2012.2964 2012 109 0.4500 -0.6400 -1.2600 52.09 50.78 49.95 0.0000 0.0000 -0.0000 47.6870 -122.2563
2012.2992 2012 110 -0.5400 0.6500 -3.2600 51.89 50.50 50.35 0.0000 0.0000 0.0000 47.6870 -122.2563
2012.3019 2012 111 1.0000 1.3400 0.3900 51.64 50.19 50.54 0.0000 0.0000 0.0000 47.6870 -122.2563
2012.3046 2012 112 0.7500 -0.7900 -0.6000 51.77 49.50 50.92 0.0000 -0.0000 0.0000 47.6870 -122.2563
2012.3074 2012 113 0.0800 -0.2000 0.4000 52.12 49.37 50.85 0.0000 -0.0000 0.0000 47.6870 -122.2563
2012.3101 2012 114 0.0200 0.3100 5.4500 52.54 49.60 50.94 0.0000 -0.0000 0.0000 47.6870 -122.2563
2012.3128 2012 115 -4.9400 0.6800 -0.2400 52.70 50.08 50.49 0.0000 0.0000 0.0000 47.6870 -122.2563
2012.3156 2012 116 1.2000 0.7800 2.3900 52.48 50.29 50.06 0.0000 0.0000 0.0000 47.6870 -122.2563
2012.3183 2012 117 2.8400 -1.1700 10.5400 52.12 49.91 49.83 0.0000 -0.0000 -0.0000 47.6870 -122.2563
2012.3210 2012 118 1.2900 0.5400 5.0100 52.44 50.32 50.22 0.0000 0.0000 0.0000 47.6870 -122.2563
2012.3238 2012 119 0.7800 -0.5200 -1.5900 52.27 50.39 50.65 0.0000 0.0000 0.0000 47.6870 -122.2563
2012.3265 2012 120 -0.2400 -0.7600 0.1300 51.93 50.32 51.04 0.0000 0.0000 0.0000 47.6870 -122.2563
2012.3292 2012 121 -1.0800 -0.6600 1.0000 51.94 49.90 51.36 0.0000 -0.0000 0.0000 47.6870 -122.2563
2012.3320 2012 122 -0.5300 -0.9700 0.2100 51.60 49.11 51.09 0.0000 -0.0000 0.0000 47.6870 -122.2563
2012.3347 2012 123 1.2200 -0.2000 0.6100 51.25 48.99 51.23 0.0000 -0.0000 0.0000 47.6870 -122.2563
2012.3374 2012 124 1.5700 -0.2100 0.8700 50.86 48.89 51.34 0.0000 -0.0000 0.0000 47.6870 -122.2563
2012.3402 2012 125 -0.5500 -0.1200 -6.1300 50.67 49.08 50.66 0.0000 -0.0000 0.0000 47.6870 -122.2563
2012.3429 2012 126 -0.4200 0.1200 -9.1700 51.45 48.88 50.48 0.0000 -0.0000 0.0000 47.6870 -122.2563
2012.3456 2012 127 -0.7700 -0.5600 -8.0900 51.26 48.49 50.01 0.0000 -0.0000 0.0000 47.6870 -122.2563
2012.3484 2012 128 0.0000 -0.0800 -0.5500 50.60 48.68 49.31 0.0000 -0.0000 -0.0000 47.6870 -122.2563
2012.3511 2012 129 0.7800 0.3200 1.0300 50.18 48.42 48.81 0.0000 -0.0000 -0.0000 47.6870 -122.2563
2012.3538 2012 130 -0.5600 -1.9700 3.6300 50.00 48.61 48.39 -0.0000 -0.0000 -0.0000 47.6870 -122.2563
2012.3566 2012 131 1.3200 -1.0500 0.2700 49.91 48.96 48.25 -0.0000 -0.0000 -0.0000 47.6870 -122.2563
2012.3593 2012 132 1.0600 -1.8300 -5.4600 50.27 49.06 48.16 0.0000 -0.0000 -0.0000 47.6870 -122.2563
2012.3620 2012 133 1.5700 -1.1400 0.3600 50.41 49.19 48.12 0.0000 -0.0000 -0.0000 47.6870 -122.2563
2012.3648 2012 134 -2.6100 0.1300 3.8800 50.17 49.14 48.36 0.0000 -0.0000 -0.0000 47.6870 -122.2563
2012.3675 2012 135 1.2800 0.8200 -2.0700 50.05 48.99 48.47 0.0000 -0.0000 -0.0000 47.6870 -122.2563
2012.3702 2012 136 -0.4000 -0.4600 -5.9300 50.10 48.73 48.99 0.0000 -0.0000 -0.0000 47.6870 -122.2563
2012.3730 2012 137 0.8200 -0.6800 -2.3700 50.03 48.65 49.72 0.0000 -0.0000 -0.0000 47.6870 -122.2563
2012.3757 2012 138 0.5800 -0.5300 0.7200 50.28 48.72 50.30 0.0000 -0.0000 0.0000 47.6870 -122.2563
2012.3784 2012 139 -0.2600 -0.8300 5.9600 50.28 48.44 50.22 0.0000 -0.0000 0.0000 47.6870 -122.2563
2012.3811 2012 140 0.5500 0.4100 -9.0700 50.10 48.45 49.96 0.0000 -0.0000 -0.0000 47.6870 -122.2563
2012.3839 2012 141 -1.4000 0.5900 -1.0000 50.09 48.83 49.70 0.0000 -0.0000 -0.0000 47.6870 -122.2563
2012.3866 2012 142 0.3600 -0.8400 1.9400 49.94 49.19 49.44 -0.0000 -0.0000 -0.0000 47.6870 -122.2563
2012.3893 2012 143 1.7100 -1.8300 -1.8600 49.99 49.68 49.77 -0.0000 -0.0000 -0.0000 47.6870 -122.2563
2012.3921 2012 144 0.3700 -0.7500 6.4100 49.83 49.62 49.94 -0.0000 -0.0000 -0.0000 47.6870 -122.2563
2012.3948 2012 145 2.8700 -0.5300 5.7500 50.21 49.34 49.76 0.0000 -0.0000 -0.0000 47.6870 -122.2563
2012.3975 2012 146 -0.2900 -0.7900 3.0300 49.96 49.06 50.16 -0.0000 -0.0000 0.0000 47.6870 -122.2563
2012.4003 2012 147 -2.3700 0.3100 2.9300 49.76 49.21 50.45 -0.0000 -0.0000 0.0000 47.6870 -122.2563
2012.4030 2012 148 0.4500 -1.3800 2.9400 49.88 49.29 50.54 -0.0000 -0.0000 0.0000 47.6870 -122.2563
2012.4057 2012 149 1.4700 -1.1000 -1.4600 50.09 49.32 50.88 0.0000 -0.0000 0.0000 47.6870 -122.2563
2012.4085 2012 150 -1.5800 0.6800 -7.1300 50.33 49.52 50.82 0.0000 -0.0000 0.0000 47.6870 -122.2563
2012.4112 2012 151 -2.0300 -0.5700 -0.2100 50.18 49.21 51.23 0.0000 -0.0000 0.0000 47.6870 -122.2563
2012.4139 2012 152 1.2400 -0.3600 -5.5900 50.38 48.89 51.04 0.0000 -0.0000 0.0000 47.6870 -122.2563
2012.4167 2012 153 1.9600 -1.7400 0.3300 50.19 49.09 50.74 0.0000 -0.0000 0.0000 47.6870 -122.2563
2012.4194 2012 154 0.0800 -1.9900 9.3800 49.65 49.36 50.85 -0.0000 -0.0000 0.0000 47.6870 -122.2563
2012.4221 2012 155 0.0900 -1.4100 0.3200 49.58 49.48 50.46 -0.0000 -0.0000 0.0000 47.6870 -122.2563
2012.4249 2012 156 -1.0500 -0.6100 6.0400 49.26 49.42 50.21 -0.0000 -0.0000 0.0000 47.6870 -122.2563
2012.4276 2012 157 1.6400 -0.6000 -0.6600 49.06 49.61 49.90 -0.0000 -0.0000 -0.0000 47.6870 -122.2563
2012.4303 2012 158 1.9800 -1.5600 -4.7500 49.36 49.45 49.61 -0.0000 -0.0000 -0.0000 47.6870 -122.2563
2012.4331 2012 159 0.6500 0.4900 1.6000 49.23 49.67 49.22 -0.0000 -0.0000 -0.0000 47.6870 -122.2563
2012.4358 2012 160 0.9800 -1.2700 4.7600 48.98 49.84 49.33 -0.0000 -0.0000 -0.0000 47.6870 -122.2563
2012.4385 2012 161 -1.9800 -0.7200 -0.6900 49.26 49.52 49.70 -0.0000 -0.0000 -0.0000 47.6870 -122.2563
2012.4413 2012 162 0.0600 0.0000 -11.0200 49.32 49.35 49.85 -0.0000 -0.0000 -0.0000 47.6870 -122.2563
2012.4440 2012 163 -0.6500 0.4900 -10.1200 49.17 49.17 50.12 -0.0000 -0.0000 0.0000 47.6870 -122.2563
2012.4467 2012 164 -3.5900 -0.7700 0.7900 48.94 49.36 50.21 -0.0000 -0.0000 0.0000 47.6870 -122.2563
2012.4495 2012 165 -1.9400 -0.5200 -4.7700 49.21 49.54 50.00 -0.0000 -0.0000 0.0000 47.6870 -122.2563
2012.4522 2012 166 -0.4200 -1.3400 -0.9600 49.06 49.83 50.11 -0.0000 -0.0000 0.0000 47.6870 -122.2563
2012.4549 2012 167 -2.9200 -0.0700 -0.8800 49.19 50.08 49.99 -0.0000 0.0000 -0.0000 47.6870 -122.2563
2012.4577 2012 168 0.0500 -0.8000 3.6300 48.97 50.10 50.05 -0.0000 0.0000 0.0000 47.6870 -122.2563
2012.4604 2012 169 -0.3200 -0.5500 -2.7100 48.73 50.40 50.13 -0.0000 0.0000 0.0000 47.6870 -122.2563
2012.4631 2012 170 -0.5200 -0.8300 3.0800 48.64 50.01 50.11 -0.0000 0.0000 0.0000 47.6870 -122.2563
2012.4658 2012 171 0.0700 -1.1800 1.0500 48.62 50.10 50.01 -0.0000 0.0000 0.0000 47.6870 -122.2563
2012.4686 2012 172 -2.5700 -0.4700 2.6800 48.87 50.18 49.92 -0.0000 0.0000 -0.0000 47.6870 -122.2563
2012.4713 2012 173 -0.7400 -0.9500 0.4300 48.71 50.14 50.56 -0.0000 0.0000 0.0000 47.6870 -122.2563
2012.4740 2012 174 -0.3200 -0.4700 11.0900 48.97 49.85 50.95 -0.0000 -0.0000 0.0000 47.6870 -122.2563
2012.4768 2012 175 2.5300 -1.5700 9.2300 49.56 49.87 50.87 -0.0000 -0.0000 0.0000 47.6870 -122.2563
2012.4795 2012 176 0.4300 -0.9400 1.7500 49.82 49.61 51.16 -0.0000 -0.0000 0.0000 47.6870 -122.2563
2012.4822 2012 177 -1.5200 -0.3100 8.7700 50.13 50.08 51.08 0.0000 0.0000 0.0000 47.6870 -122.2563
2012.4850 2012 178 0.4900 -0.6300 6.5100 50.54 49.83 51.16 0.0000 -0.0000 0.0000 47.6870 -122.2563
2012.4877 2012 179 -0.3400 -0.4300 -3.4600 50.39 50.05 51.05 0.0000 0.0000 0.0000 47.6870 -122.2563
2012.4904 2012 180 -0.5200 -0.9700 1.7900 50.48 49.96 51.18 0.0000 -0.0000 0.0000 47.6870 -122.2563
2012.4932 2012 181 2.0100 -1.1200 -0.9100 50.71 50.18 51.16 0.0000 0.0000 0.0000 47.6870 -122.2563
2012.4959 2012 182 -0.7700 -1.0000 3.4800 50.54 50.55 51.03 0.0000 0.0000 0.0000 47.6870 -122.2563
2012.4986 2012 183 -0.8600 -0.5500 6.1300 50.74 50.49 50.88 0.0000 0.0000 0.0000 47.6870 -122.2563
2012.5014 2012 184 2.2500 -0.1100 -4.5100 50.88 50.47 50.73 0.0000 0.0000 0.0000 47.6870 -122.2563
2012.5041 2012 185 0.1100 -0.0800 -0.4300 51.37 50.42 50.08 0.0000 0.0000 0.0000 47.6870 -122.2563
2012.5068 2012 186 -0.2900 -1.6500 -2.7300 50.97 50.78 49.74 0.0000 0.0000 -0.0000 47.6870 -122.2563
2012.5096 2012 187 0.8100 0.6700 -10.3600 50.63 50.75 49.58 0.0000 0.0000 -0.0000 47.6870 -122.2563
2012.5123 2012 188 0.1700 -0.9900 -1.1000 50.85 50.84 49.11 0.0000 0.0000 -0.0000 47.6870 -122.2563
2012.5150 2012 189 0.1800 -0.3100 -1.0300 50.87 50.83 49.11 0.0000 0.0000 -0.0000 47.6870 -122.2563
2012.5178 2012 190 0.1700 -0.4600 -1.6400 51.17 50.43 49.21 0.0000 0.0000 -0.0000 47.6870 -122.2563
2012.5205 2012 191 0.4800 0.7000 6.0400 51.21 50.67 49.14 0.0000 0.0000 -0.0000 47.6870 -122.2563
2012.5232 2012 192 -0.5100 -0.5800 2.2400 51.08 50.87 49.14 0.0000 0.0000 -0.0000 47.6870 -122.2563
2012.5260 2012 193 -0.7200 -0.7300 -0.9800 51.05 51.12 49.00 0.0000 0.0000 -0.0000 47.6870 -122.2563
2012.5287 2012 194 -0.8800 -1.6200 -0.5500 51.31 51.26 48.45 0.0000 0.0000 -0.0000 47.6870 -122.2563
2012.5314 2012 195 3.5200 0.6100 -6.8100 51.13 51.30 48.25 0.0000 0.0000 -0.0000 47.6870 -122.2563
2012.5342 2012 196 -0.2300 1.3100 -5.1500 51.08 51.00 48.16 0.0000 0.0000 -0.0000 47.6870 -122.2563
2012.5369 2012 197 -3.7200 -0.6300 -3.2300 51.24 51.34 48.11 0.0000 0.0000 -0.0000 47.6870 -122.2563
2012.5396 2012 198 1.2600 0.6800 -6.6100 51.29 51.03 48.72 0.0000 0.0000 -0.0000 47.6870 -122.2563
2012.5423 2012 199 -0.4300 -0.7000 14.0600 51.20 51.43 48.75 0.0000 0.0000 -0.0000 47.6870 -122.2563
2012.5451 2012 200 1.8500 -2.4000 2.3300 51.23 51.38 48.79 0.0000 0.0000 -0.0000 47.6870 -122.2563
2012.5478 2012 201 -1.2300 -1.0500 -0.9400 51.41 51.38 48.88 0.0000 0.0000 -0.0000 47.6870 -122.2563
2012.5505 2012 202 1.0800 1.0800 -6.6600 51.44 51.18 48.64 0.0000 0.0000 -0.0000 47.6870 -122.2563
2012.5533 2012 203 -0.0200 0.9900 1.0400 51.75 51.19 48.55 0.0000 0.0000 -0.0000 47.6870 -122.2563
2012.5560 2012 204 2.1500 -0.3400 -0.3800 51.69 51.31 48.62 0.0000 0.0000 -0.0000 47.6870 -122.2563
2012.5587 2012 205 2.4600 -0.9900 -8.0200 51.94 51.65 48.74 0.0000 0.0000 -0.0000 47.6870 -122.2563
2012.5615 2012 206 2.9600 -1.5800 -5.5100 51.45 51.55 49.32 0.0000 0.0000 -0.0000 47.6870 -122.2563
2012.5642 2012 207 3.7600 -0.5000 -2.7700 51.67 51.07 49.85 0.0000 0.0000 -0.0000 47.6870 -122.2563
2012.5669 2012 208 2.7500 1.2000 8.0600 52.31 51.19 50.01 0.0000 0.0000 0.0000 47.6870 -122.2563
2012.5697 2012 209 2.2000 1.3500 0.0800 52.22 51.10 50.50 0.0000 0.0000 0.0000 47.6870 -122.2563
2012.5724 2012 210 0.8000 -0.0100 -4.2000 52.57 51.18 50.06 0.0000 0.0000 0.0000 47.6870 -122.2563
2012.5751 2012 211 3.7400 -0.3200 4.3300 52.34 51.92 49.86 0.0000 0.0000 -0.0000 47.6870 -122.2563
2012.5779 2012 212 2.3100 1.3600 -3.0500 52.56 52.10 49.98 0.0000 0.0000 -0.0000 47.6870 -122.2563
2012.5806 2012 213 3.9200 0.4300 -1.0900 52.65 51.83 50.30 0.0000 0.0000 0.0000 47.6870 -122.2563
2012.5833 2012 214 1.1300 0.0400 -1.3900 52.86 51.44 50.47 0.0000 0.0000 0.0000 47.6870 -122.2563
2012.5861 2012 215 3.6500 0.6900 4.5100 52.62 51.38 50.85 0.0000 0.0000 0.0000 47.6870 -122.2563
2012.5888 2012 216 0.3600 1.1400 0.8000 52.60 51.77 51.19 0.0000 0.0000 0.0000 47.6870 -122.2563
2012.5915 2012 217 -0.1800 0.7100 4.4600 52.34 52.06 51.41 0.0000 0.0000 0.0000 47.6870 -122.2563
2012.5943 2012 218 1.4500 0.7000 -1.3900 51.75 52.04 51.47 0.0000 0.0000 0.0000 47.6870 -122.2563
2012.5970 2012 219 2.7900 1.0500 -2.3600 51.58 51.76 50.79 0.0000 0.0000 0.0000 47.6870 -122.2563
2012.5997 2012 220 3.7800 -0.1900 1.6100 51.56 51.36 50.74 0.0000 0.0000 0.0000 47.6870 -122.2563
2012.6025 2012 221 0.5700 1.7000 -0.4200 51.57 51.36 51.11 0.0000 0.0000 0.0000 47.6870 -122.2563
2012.6052 2012 222 1.1600 0.3000 1.2900 51.11 51.40 51.07 0.0000 0.0000 0.0000 47.6870 -122.2563
2012.6079 2012 223 1.5300 0.7200 0.9400 50.90 51.18 51.40 0.0000 0.0000 0.0000 47.6870 -122.2563
2012.6107 2012 224 3.4200 -0.4800 5.3000 50.56 50.75 51.59 0.0000 0.0000 0.0000 47.6870 -122.2563
2012.6134 2012 225 1.5500 -0.5900 9.1200 50.43 50.69 51.76 0.0000 0.0000 0.0000 47.6870 -122.2563
2012.6161 2012 226 2.3700 1.3000 1.9600 50.16 50.38 51.81 0.0000 0.0000 0.0000 47.6870 -122.2563
2012.6189 2012 227 2.1600 -0.3600 -1.3200 50.51 50.22 51.81 0.0000 0.0000 0.0000 47.6870 -122.2563
2012.6216 2012 228 -0.6500 0.2100 -0.8500 50.51 50.18 51.60 0.0000 0.0000 0.0000 47.6870 -122.2563
2012.6243 2012 229 2.2700 -0.5100 -1.4800 50.07 49.83 51.85 0.0000 -0.0000 0.0000 47.6870 -122.2563
2012.6270 2012 230 3.9500 0.2100 -0.6700 49.83 49.63 52.09 -0.0000 -0.0000 0.0000 47.6870 -122.2563
2012.6298 2012 231 1.6500 0.1600 5.1500 49.42 49.65 52.32 -0.0000 -0.0000 0.0000 47.6870 -122.2563
2012.6325 2012 232 0.1100 0.0900 6.4000 49.51 48.88 52.54 -0.0000 -0.0000 0.0000 47.6870 -122.2563
2012.6352 2012 233 0.9100 0.3700 1.0300 49.30 48.84 52.36 -0.0000 -0.0000 0.0000 47.6870 -122.2563
2012.6380 2012 234 2.6600 -1.9000 2.2900 49.16 48.95 52.27 -0.0000 -0.0000 0.0000 47.6870 -122.2563
2012.6407 2012 235 0.8200 0.1900 3.0000 48.80 49.24 51.88 -0.0000 -0.0000 0.0000 47.6870 -122.2563
2012.6434 2012 236 3.1400 0.0600 8.3800 48.70 49.52 51.11 -0.0000 -0.0000 0.0000 47.6870 -122.2563
2012.6462 2012 237 2.7300 0.3700 4.5400 48.56 48.98 50.85 -0.0000 -0.0000 0.0000 47.6870 -122.2563
2012.6489 2012 238 -0.1000 -0.0400 3.9500 48.39 49.00 50.84 -0.0000 -0.0000 0.0000 47.6870 -122.2563
2012.6516 2012 239 -0.2600 -0.7400 5.2500 48.77 48.90 50.75 -0.0000 -0.0000 0.0000 47.6870 -122.2563
2012.6544 2012 240 0.8600 -0.2200 4.8300 48.55 49.27 51.12 -0.0000 -0.0000 0.0000 47.6870 -122.2563
2012.6571 2012 241 2.1700 0.5200 0.6200 48.14 49.38 51.29 -0.0000 -0.0000 0.0000 47.6870 -122.2563
2012.6598 2012 242 0.6300 -0.1300 3.1600 47.91 49.40 50.94 -0.0000 -0.0000 0.0000 47.6870 -122.2563
2012.6626 2012 243 0.6300 1.2800 -1.6600 48.25 49.42 50.94 -0.0000 -0.0000 0.0000 47.6870 -122.2563
2012.6653 2012 244 0.2700 1.1300 3.6100 48.25 49.78 50.79 -0.0000 -0.0000 0.0000 47.6870 -122.2563
2012.6680 2012 245 2.0400 0.1600 -2.1200 48.16 50.37 50.43 -0.0000 0.0000 0.0000 47.6870 -122.2563
2012.6708 2012 246 -0.3300 1.2400 -4.7200 48.08 50.35 49.93 -0.0000 0.0000 -0.0000 47.6870 -122.2563
2012.6735 2012 247 0.5500 -0.4400 2.2300 47.81 50.43 49.38 -0.0000 0.0000 -0.0000 47.6870 -122.2563
2012.6762 2012 248 -0.9400 0.8300 1.2500 47.12 50.59 48.99 -0.0000 0.0000 -0.0000 47.6870 -122.2563
2012.6790 2012 249 0.2200 0.1500 -2.0200 47.20 50.90 48.82 -0.0000 0.0000 -0.0000 47.6870 -122.2563
2012.6817 2012 250 -0.7900 0.4500 0.6700 47.31 51.31 48.08 -0.0000 0.0000 -0.0000 47.6870 -122.2563
2012.6844 2012 251 0.4400 -0.0500 3.6700 47.37 51.67 47.67 -0.0000 0.0000 -0.0000 47.6870 -122.2563
2012.6872 2012 252 -0.3200 0.4900 3.9700 47.22 51.69 47.68 -0.0000 0.0000 -0.0000 47.6870 -122.2563
2012.6899 2012 253 1.2600 0.6500 8.4900 47.15 52.19 47.26 -0.0000 0.0000 -0.0000 47.6870 -122.2563
2012.6926 2012 254 -0.1300 1.8800 1.0300 47.18 52.02 47.40 -0.0000 0.0000 -0.0000 47.6870 -122.2563
2012.6954 2012 255 0.6600 0.0000 -4.8300 47.34 52.08 47.28 -0.0000 0.0000 -0.0000 47.6870 -122.2563
2012.6981 2012 256 -0.2400 0.2200 -7.3700 47.33 51.77 47.90 -0.0000 0.0000 -0.0000 47.6870 -122.2563
2012.7008 2012 257 0.1700 -0.0100 -3.9100 47.73 51.32 48.39 -0.0000 0.0000 -0.0000 47.6870 -122.2563
2012.7036 2012 258 -2.8700 0.7900 -2.5600 47.74 51.80 48.40 -0.0000 0.0000 -0.0000 47.6870 -122.2563
2012.7063 2012 259 0.7600 1.4100 -1.7300 48.07 51.60 48.36 -0.0000 0.0000 -0.0000 47.6870 -122.2563
2012.7090 2012 260 -0.3600 0.7600 -9.3700 48.04 51.75 48.48 -0.0000 0.0000 -0.0000 47.6870 -122.2563
2012.7117 2012 261 -0.1000 1.1200 1.2100 48.37 51.52 48.26 -0.0000 0.0000 -0.0000 47.6870 -122.2563
2012.7145 2012 262 -0.7400 1.2400 -0.3900 48.59 51.54 48.20 -0.0000 0.0000 -0.0000 47.6870 -122.2563
2012.7172 2012 263 -0.1400 1.4000 -6.6400 48.86 51.45 48.25 -0.0000 0.0000 -0.0000 47.6870 -122.2563
2012.7199 2012 264 0.5900 1.0900 -1.0500 48.52 51.29 48.13 -0.0000 0.0000 -0.0000 47.6870 -122.2563
2012.7227 2012 265 0.9400 1.8600 3.0700 48.77 50.69 48.05 -0.0000 0.0000 -0.0000 47.6870 -122.2563
2012.7254 2012 266 0.8100 -1.3200 10.7100 49.17 50.39 48.47 -0.0000 0.0000 -0.0000 47.6870 -122.2563
2012.7281 2012 267 2.1600 -0.1900 -5.8400 49.62 50.18 48.88 -0.0000 0.0000 -0.0000 47.6870 -122.2563
2012.7309 2012 268 -0.8000 1.2200 2.9900 50.15 50.07 49.29 0.0000 0.0000 -0.0000 47.6870 -122.2563
2012.7336 2012 269 0.1000 0.6300 4.1300 51.31 49.71 49.58 0.0000 -0.0000 -0.0000 47.6870 -122.2563
2012.7363 2012 270 0.5600 1.0400 1.2100 51.35 49.02 49.91 0.0000 -0.0000 -0.0000 47.6870 -122.2563
2012.7391 2012 271 -0.0300 -0.1600 -5.7000 51.71 48.59 50.67 0.0000 -0.0000 0.0000 47.6870 -122.2563
2012.7418 2012 272 -0.2400 -0.1800 8.0800 52.04 48.10 50.93 0.0000 -0.0000 0.0000 47.6870 -122.2563
2012.7445 2012 273 0.5800 0.2100 4.5100 52.57 47.63 51.05 0.0000 -0.0000 0.0000 47.6870 -122.2563
2012.7473 2012 274 -1.1000 0.1500 5.9200 52.99 46.86 51.49 0.0000 -0.0000 0.0000 47.6870 -122.2563
2012.7500 2012 275 1.5100 -0.6800 -2.7400 53.07 46.54 51.56 0.0000 -0.0000 0.0000 47.6870 -122.2563
2012.7527 2012 276 2.9500 -0.2700 4.7500 53.05 45.80 51.67 0.0000 -0.0000 0.0000 47.6870 -122.2563
2012.7555 2012 277 3.4000 -1.0400 -3.5400 53.45 45.88 51.17 0.0000 -0.0000 0.0000 47.6870 -122.2563
2012.7582 2012 278 2.5500 -0.7400 -3.2100 53.00 46.10 51.46 0.0000 -0.0000 0.0000 47.6870 -122.2563
2012.7609 2012 279 3.1900 -0.9100 -0.1400 53.16 45.35 51.38 0.0000 -0.0000 0.0000 47.6870 -122.2563
2012.7637 2012 280 1.8000 -1.3300 5.6300 52.83 44.99 51.32 0.0000 -0.0013 0.0000 47.6870 -122.2563
2012.7664 2012 281 2.5500 -0.4600 7.0700 52.88 44.35 51.34 0.0000 -0.0803 0.0000 47.6870 -122.2563
2012.7691 2012 282 1.9300 -0.5800 8.9400 52.73 44.49 51.78 0.0000 -0.0385 0.0000 47.6870 -122.2563
2012.7719 2012 283 1.5400 -0.8600 4.1000 52.75 44.46 51.44 0.0000 -0.0510 0.0000 47.6870 -122.2563
2012.7746 2012 284 2.8300 -1.7800 1.9400 52.47 44.12 51.42 0.0000 -0.0792 0.0000 47.6870 -122.2563
2012.7773 2012 285 1.2700 -1.1400 3.2700 53.03 44.13 51.34 0.0000 -0.0831 0.0000 47.6870 -122.2563
2012.7801 2012 286 1.3400 -2.1000 7.1900 52.85 44.38 51.87 0.0000 -0.0718 0.0000 47.6870 -122.2563
2012.7828 2012 287 3.5000 -1.9400 3.9600 52.83 44.36 51.79 0.0000 -0.0814 0.0000 47.6870 -122.2563
2012.7855 2012 288 0.1400 -0.1100 4.1600 52.46 44.65 52.15 0.0000 -0.0257 0.0000 47.6870 -122.2563
2012.7883 2012 289 -0.4900 -1.5000 0.7200 52.22 44.85 51.95 0.0000 -0.0029 0.0000 47.6870 -122.2563
2012.7910 2012 290 -2.1500 -1.3800 4.4200 51.40 45.29 51.56 0.0000 -0.0002 0.0000 47.6870 -122.2563
2012.7937 2012 291 1.4700 -1.5300 4.5500 51.01 45.84 51.13 0.0000 -0.0000 0.0000 47.6870 -122.2563
2012.7964 2012 292 -1.0100 0.1000 4.2300 50.52 46.31 50.48 0.0000 -0.0000 0.0000 47.6870 -122.2563
2012.7992 2012 293 -0.7700 -0.4000 0.7100 50.20 46.55 50.10 0.0000 -0.0000 0.0000 47.6870 -122.2563
2012.8019 2012 294 -1.7300 -2.1000 4.3800 49.91 46.96 49.65 -0.0000 -0.0000 -0.0000 47.6870 -122.2563
2012.8046 2012 295 3.2200 -0.3200 2.0700 49.31 47.68 49.17 -0.0000 -0.0000 -0.0000 47.6870 -122.2563
2012.8074 2012 296 1.2100 -1.6900 10.4800 49.08 48.19 48.93 -0.0000 -0.0000 -0.0000 47.6870 -122.2563
2012.8101 2012 297 5.8500 -0.7500 7.6900 48.90 49.16 48.51 -0.0000 -0.0000 -0.0000 47.6870 -122.2563
2012.8128 2012 298 3.2500 -0.4200 6.7500 48.35 49.64 48.44 -0.0000 -0.0000 -0.0000 47.6870 -122.2563
2012.8156 2012 299 2.3400 -0.2400 -8.7200 48.39 49.61 48.02 -0.0000 -0.0000 -0.0000 47.6870 -122.2563
2012.8183 2012 300 0.3200 0.1200 -10.7200 48.30 50.38 48.13 -0.0000 0.0000 -0.0000 47.6870 -122.2563
2012.8210 2012 301 -2.6000 -0.8000 -3.3400 48.57 50.85 47.98 -0.0000 0.0000 -0.0000 47.6870 -122.2563
2012.8238 2012 302 0.0700 1.6000 -3.2600 48.51 51.45 47.94 -0.0000 0.0000 -0.0000 47.6870 -122.2563
2012.8265 2012 303 0.4700 -1.1100 1.8400 48.74 51.22 47.72 -0.0000 0.0000 -0.0000 47.6870 -122.2563
2012.8292 2012 304 1.3100 -0.3900 -7.8300 48.94 51.25 48.03 -0.0000 0.0000 -0.0000 47.6870 -122.2563
2012.8320 2012 305 -2.0400 0.0200 -7.8900 49.16 51.98 48.09 -0.0000 0.0000 -0.0000 47.6870 -122.2563
2012.8347 2012 306 -1.4700 0.2000 -2.0500 48.55 52.11 48.20 -0.0000 0.0000 -0.0000 47.6870 -122.2563
2012.8374 2012 307 -1.0600 0.8400 -3.9000 48.39 52.44 47.34 -0.0000 0.0000 -0.0000 47.6870 -122.2563
2012.8402 2012 308 -1.2700 1.1700 -3.1500 47.89 52.54 46.86 -0.0000 0.0000 -0.0000 47.6870 -122.2563
2012.8429 2012 309 -2.3300 -0.2300 -1.2600 47.63 52.52 46.29 -0.0000 0.0000 -0.0000 47.6870 -122.2563
2012.8456 2012 310 -1.5200 0.6700 2.2900 47.61 52.51 46.63 -0.0000 0.0000 -0.0000 47.6870 -122.2563
2012.8484 2012 311 -1.4500 -0.6800 -0.3100 47.93 52.46 47.37 -0.0000 0.0000 -0.0000 47.6870 -122.2563
2012.8511 2012 312 1.8100 -0.7500 6.4900 48.35 52.42 47.82 -0.0000 0.0000 -0.0000 47.6870 -122.2563
2012.8538 2012 313 1.2200 -1.3900 7.1900 48.20 51.92 48.36 -0.0000 0.0000 -0.0000 47.6870 -122.2563
2012.8566 2012 314 1.6000 -0.5100 2.6100 48.27 52.03 48.76 -0.0000 0.0000 -0.0000 47.6870 -122.2563
2012.8593 2012 315 -1.3100 0.7400 6.4200 48.06 52.21 49.61 -0.0000 0.0000 -0.0000 47.6870 -122.2563
2012.8620 2012 316 -0.7700 0.1300 1.2200 48.29 51.99 50.39 -0.0000 0.0000 0.0000 47.6870 -122.2563
2012.8648 2012 317 -1.2900 -0.2900 -4.2100 48.78 51.83 50.55 -0.0000 0.0000 0.0000 47.6870 -122.2563
2012.8675 2012 318 1.9800 -0.5700 -5.5600 48.97 51.32 50.86 -0.0000 0.0000 0.0000 47.6870 -122.2563
2012.8702 2012 319 -0.0500 0.1100 1.3800 49.57 50.84 50.92 -0.0000 0.0000 0.0000 47.6870 -122.2563
2012.8730 2012 320 1.8900 0.2100 -3.4400 49.93 50.86 51.01 -0.0000 0.0000 0.0000 47.6870 -122.2563
2012.8757 2012 321 2.0400 0.8500 2.8900 50.18 50.49 50.69 0.0000 0.0000 0.0000 47.6870 -122.2563
2012.8784 2012 322 -0.7100 -0.5700 1.9900 50.29 50.69 50.83 0.0000 0.0000 0.0000 47.6870 -122.2563
2012.8811 2012 323 -3.4800 0.0200 3.3500 50.18 50.85 50.71 0.0000 0.0000 0.0000 47.6870 -122.2563
2012.8839 2012 324 0.3300 -0.8000 7.4600 49.99 51.36 50.57 -0.0000 0.0000 0.0000 47.6870 -122.2563
2012.8866 2012 325 -1.8400 1.1000 6.6900 49.78 51.38 50.61 -0.0000 0.0000 0.0000 47.6870 -122.2563
2012.8893 2012 326 -2.4300 -0.1100 6.2700 49.84 50.91 50.52 -0.0000 0.0000 0.0000 47.6870 -122.2563
2012.8921 2012 327 3.6000 0.1500 -1.8300 50.09 50.82 50.85 0.0000 0.0000 0.0000 47.6870 -122.2563
2012.8948 2012 328 -0.0600 -0.3000 -4.7800 50.34 50.67 51.35 0.0000 0.0000 0.0000 47.6870 -122.2563
2012.8975 2012 329 4.8300 0.3600 -8.2000 50.46 50.45 51.80 0.0000 0.0000 0.0000 47.6870 -122.2563
2012.9003 2012 330 1.7400 -0.2200 -3.6300 50.75 50.15 51.69 0.0000 0.0000 0.0000 47.6870 -122.2563
2012.9030 2012 331 1.9400 0.0200 -6.3600 50.62 50.03 51.60 0.0000 0.0000 0.0000 47.6870 -122.2563
2012.9057 2012 332 1.5600 1.0300 -0.6400 50.50 49.88 51.09 0.0000 -0.0000 0.0000 47.6870 -122.2563
2012.9085 2012 333 0.1400 0.7900 4.3700 50.45 49.95 50.80 0.0000 -0.0000 0.0000 47.6870 -122.2563
2012.9112 2012 334 0.5300 0.6100 5.3500 50.97 50.09 50.64 0.0000 0.0000 0.0000 47.6870 -122.2563
2012.9139 2012 335 0.5900 -0.4300 5.3400 50.89 50.29 50.28 0.0000 0.0000 0.0000 47.6870 -122.2563
2012.9167 2012 336 0.2600 -0.0300 5.3300 51.13 49.87 49.61 0.0000 -0.0000 -0.0000 47.6870 -122.2563
2012.9194 2012 337 -1.4600 -0.0200 10.6500 51.18 50.13 49.13 0.0000 0.0000 -0.0000 47.6870 -122.2563
2012.9221 2012 338 -0.1300 -0.0900 -1.2500 50.50 50.23 49.43 0.0000 0.0000 -0.0000 47.6870 -122.2563
2012.9249 2012 339 -1.1400 -1.7400 -2.8800 50.00 50.42 49.90 -0.0000 0.0000 -0.0000 47.6870 -122.2563
2012.9276 2012 340 0.3500 -1.2300 -6.5900 49.27 50.38 50.45 -0.0000 0.0000 0.0000 47.6870 -122.2563
2012.9303 2012 341 -0.9000 -0.1500 -1.2400 48.85 50.26 50.87 -0.0000 0.0000 0.0000 47.6870 -122.2563
2012.9331 2012 342 2.4500 0.5200 -0.9600 48.36 50.10 51.78 -0.0000 0.0000 0.0000 47.6870 -122.2563
2012.9358 2012 343 1.1100 0.0300 -1.6000 48.27 49.56 51.94 -0.0000 -0.0000 0.0000 47.6870 -122.2563
2012.9385 2012 344 0.3500 -0.5000 4.5000 48.46 49.16 52.08 -0.0000 -0.0000 0.0000 47.6870 -122.2563
2012.9413 2012 345 -1.0400 0.7200 1.8200 48.51 48.53 51.94 -0.0000 -0.0000 0.0000 47.6870 -122.2563
2012.9440 2012 346 -1.6500 0.0200 1.3900 48.55 48.41 51.83 -0.0000 -0.0000 0.0000 47.6870 -122.2563
2012.9467 2012 347 -2.1500 1.2500 6.4000 48.56 48.56 51.92 -0.0000 -0.0000 0.0000 47.6870 -122.2563
2012.9495 2012 348 -0.7900 0.6500 6.9000 48.59 48.60 51.37 -0.0000 -0.0000 0.0000 47.6870 -122.2563
2012.9522 2012 349 -6.1000 -0.1600 7.5900 48.49 48.70 51.22 -0.0000 -0.0000 0.0000 47.6870 -122.2563
2012.9549 2012 350 -0.6200 -0.5000 3.1000 48.52 49.12 51.24 -0.0000 -0.0000 0.0000 47.6870 -122.2563
2012.9577 2012 351 -0.8900 -0.9000 6.0300 48.39 49.53 51.79 -0.0000 -0.0000 0.0000 47.6870 -122.2563
2012.9604 2012 352 -2.0800 -1.5000 12.4600 48.59 49.71 51.76 -0.0000 -0.0000 0.0000 47.6870 -122.2563
2012.9631 2012 353 2.5300 -0.5100 4.0500 48.33 49.71 51.96 -0.0000 -0.0000 0.0000 47.6870 -122.2563
2012.9658 2012 354 1.6300 -0.1100 6.5100 48.07 49.59 52.18 -0.0000 -0.0000 0.0000 47.6870 -122.2563
2012.9686 2012 355 0.6700 -1.2500 -0.8900 47.71 49.85 51.93 -0.0000 -0.0000 0.0000 47.6870 -122.2563
2012.9713 2012 356 0.2700 -1.0300 4.6300 47.66 49.50 51.86 -0.0000 -0.0000 0.0000 47.6870 -122.2563
2012.9740 2012 357 1.8200 0.0700 6.9800 47.64 49.63 51.83 -0.0000 -0.0000 0.0000 47.6870 -122.2563
2012.9768 2012 358 -1.4700 0.0200 2.6800 47.65 49.19 51.41 -0.0000 -0.0000 0.0000 47.6870 -122.2563
2012.9795 2012 359 -0.7900 0.8100 -3.2200 48.04 48.79 51.00 -0.0000 -0.0000 0.0000 47.6870 -122.2563
2012.9822 2012 360 -3.6600 -0.3400 0.6500 49.19 48.93 50.22 -0.0000 -0.0000 0.0000 47.6870 -122.2563
2012.9850 2012 361 -1.4000 -0.1000 2.8800 49.50 49.10 49.69 -0.0000 -0.0000 -0.0000 47.6870 -122.2563
2012.9877 2012 362 -0.3300 0.6200 0.0600 49.65 49.37 49.18 -0.0000 -0.0000 -0.0000 47.6870 -122.2563
2012.9904 2012 363 -1.4100 0.1900 1.1500 49.96 49.80 48.16 -0.0000 -0.0000 -0.0000 47.6870 -122.2563
2012.9932 2012 364 -1.3000 -0.0500 1.6700 49.74 50.34 47.93 -0.0000 0.0000 -0.0000 47.6870 -122.2563
2012.9959 2012 365 -1.5300 0.5000 -2.1100 49.38 50.61 47.75 -0.0000 0.0000 -0.0000 47.6870 -122.2563
2012.9986 2012 366 -3.2100 0.1600 -6.4800 49.18 51.12 48.01 -0.0000 0.0000 -0.0000 47.6870 -122.2563
2013.0014 2013 1 -1.7000 -0.3100 -5.2300 49.08 51.34 47.91 -0.0000 0.0000 -0.0000 47.6870 -122.2563
2013.0041 2013 2 -1.6800 0.2600 -6.2300 48.78 51.40 47.63 -0.0000 0.0000 -0.0000 47.6870 -122.2563
2013.0068 2013 3 -0.0100 -1.0600 3.3600 49.00 51.43 47.46 -0.0000 0.0000 -0.0000 47.6870 -122.2563
2013.0096 2013 4 4.6500 0.8100 -4.9100 49.02 51.25 47.35 -0.0000 0.0000 -0.0000 47.6870 -122.2563
2013.0123 2013 5 -2.0200 -0.3900 -1.9900 49.52 51.05 46.77 -0.0000 0.0000 -0.0000 47.6870 -122.2563
2013.0151 2013 6 -1.9000 0.0100 0.0900 49.66 50.89 45.94 -0.0000 0.0000 -0.0000 47.6870 -122.2563
2013.0178 2013 7 -2.0600 -0.4300 -0.2600 49.71 50.73 45.45 -0.0000 0.0000 -0.0000 47.6870 -122.2563
2013.0205 2013 8 0.4300 1.2200 1.8400 50.00 50.80 44.97 0.0000 0.0000 -0.0000 47.6870 -122.2563
2013.0233 2013 9 -2.3400 0.6700 3.1400 50.30 50.90 44.49 0.0000 0.0000 -0.0000 47.6870 -122.2563
2013.0260 2013 10 -2.1800 0.0300 0.8500 50.54 50.76 44.48 0.0000 0.0000 -0.0000 47.6870 -122.2563
2013.0288 2013 11 -1.5100 -0.2400 1.4200 50.88 50.99 44.74 0.0000 0.0000 -0.0000 47.6870 -122.2563
2013.0315 2013 12 -1.0700 0.5000 1.1700 51.12 51.09 44.95 0.0000 0.0000 -0.0000 47.6870 -122.2563
2013.0342 2013 13 1.5400 0.2800 -8.4400 51.26 51.06 45.71 0.0000 0.0000 -0.0000 47.6870 -122.2563
2013.0370 2013 14 -1.0700 0.5300 -7.6500 51.09 51.32 45.61 0.0000 0.0000 -0.0000 47.6870 -122.2563
2013.0397 2013 15 1.5500 -0.1900 -11.6200 50.11 50.97 46.10 0.0000 0.0000 -0.0000 47.6870 -122.2563
2013.0425 2013 16 -0.7700 0.0300 -10.6300 50.52 51.01 45.96 0.0000 0.0000 -0.0000 47.6870 -122.2563
2013.0452 2013 17 0.8700 0.4000 -10.6600 50.60 50.87 45.58 0.0000 0.0000 -0.0000 47.6870 -122.2563
2013.0479 2013 18 -0.6100 0.2700 -8.9800 50.61 50.78 45.51 0.0000 0.0000 -0.0000 47.6870 -122.2563
2013.0507 2013 19 0.9900 0.4500 -7.6200 50.76 50.20 45.31 0.0000 0.0000 -0.0000 47.6870 -122.2563
2013.0534 2013 20 0.3500 0.6800 -7.2400 51.16 50.12 44.92 0.0000 0.0000 -0.0000 47.6870 -122.2563
2013.0562 2013 21 -0.1200 0.8300 -6.5200 51.46 50.12 44.37 0.0000 0.0000 -0.0000 47.6870 -122.2563
2013.0589 2013 22 2.0400 -0.0900 -5.0600 51.60 50.13 43.97 0.0000 0.0000 -0.0000 47.6870 -122.2563
2013.0616 2013 23 1.1000 -1.0400 1.9000 51.79 49.81 43.59 0.0000 -0.0000 -0.0002 47.6870 -122.2563
2013.0644 2013 24 -2.0500 -1.3200 -0.8200 51.36 49.76 43.99 0.0000 -0.0000 -0.0000 47.6870 -122.2563
2013.0671 2013 25 0.2600 -0.0900 -2.0800 51.52 49.73 44.29 0.0000 -0.0000 -0.0000 47.6870 -122.2563
2013.0699 2013 26 2.4700 -0.1600 -7.3600 50.93 49.83 45.31 0.0000 -0.0000 -0.0000 47.6870 -122.2563
2013.0726 2013 27 -1.6900 0.0400 -10.7600 50.91 49.88 46.23 0.0000 -0.0000 -0.0000 47.6870 -122.2563
2013.0753 2013 28 -1.8400 -0.0700 -9.4500 50.94 49.84 47.00 0.0000 -0.0000 -0.0000 47.6870 -122.2563
2013.0781 2013 29 0.4400 0.1000 -4.0700 50.92 49.61 47.64 0.0000 -0.0000 -0.0000 47.6870 -122.2563
2013.0808 2013 30 -0.2700 0.8000 -8.2200 50.75 49.32 48.13 0.0000 -0.0000 -0.0000 47.6870 -122.2563
2013.0836 2013 31 -0.5600 0.7500 -10.2200 50.67 49.41 48.51 0.0000 -0.0000 -0.0000 47.6870 -122.2563
2013.0863 2013 32 -1.2000 0.2500 -10.3100 50.49 49.22 48.53 0.0000 -0.0000 -0.0000 47.6870 -122.2563
2013.0890 2013 33 -1.1100 -0.3800 -13.3200 50.05 49.05 48.27 0.0000 -0.0000 -0.0000 47.6870 -122.2563
2013.0918 2013 34 -1.5400 0.2500 -8.5800 49.72 49.32 47.68 -0.0000 -0.0000 -0.0000 47.6870 -122.2563
2013.0945 2013 35 0.8800 0.2500 -4.6700 49.95 49.68 47.72 -0.0000 -0.0000 -0.0000 47.6870 -122.2563
2013.0973 2013 36 -1.6800 0.2200 1.3400 50.25 49.93 47.43 0.0000 -0.0000 -0.0000 47.6870 -122.2563
2013.1000 2013 37 -0.5700 0.2500 -1.2900 49.78 49.95 47.60 -0.0000 -0.0000 -0.0000 47.6870 -122.2563
2013.1027 2013 38 2.3500 0.1700 -2.5300 50.26 50.05 48.44 0.0000 0.0000 -0.0000 47.6870 -122.2563
2013.1055 2013 39 -0.0500 -0.4400 -3.3200 50.64 49.80 49.02 0.0000 -0.0000 -0.0000 47.6870 -122.2563
2013.1082 2013 40 0.5300 -0.2000 -4.9700 50.80 50.08 49.45 0.0000 0.0000 -0.0000 47.6870 -122.2563
2013.1110 2013 41 0.8800 1.1600 -3.2600 50.50 49.72 50.19 0.0000 -0.0000 0.0000 47.6870 -122.2563
2013.1137 2013 42 0.1400 0.5500 -5.9000 50.42 49.39 50.92 0.0000 -0.0000 0.0000 47.6870 -122.2563
2013.1164 2013 43 -0.6800 -0.5900 -12.1700 50.55 49.32 51.86 0.0000 -0.0000 0.0000 47.6870 -122.2563
2013.1192 2013 44 -1.0000 -0.9100 -5.2100 50.79 49.62 52.73 0.0000 -0.0000 0.0000 47.6870 -122.2563
2013.1219 2013 45 -0.7300 -0.0700 -5.2600 51.03 49.67 52.94 0.0000 -0.0000 0.0000 47.6870 -122.2563
2013.1247 2013 46 0.5200 0.1600 -5.5500 50.98 49.50 53.12 0.0000 -0.0000 0.0000 47.6870 -122.2563
2013.1274 2013 47 0.9300 0.0800 -10.3400 51.38 49.27 52.48 0.0000 -0.0000 0.0000 47.6870 -122.2563
2013.1301 2013 48 2.9500 0.4600 -2.1300 51.46 49.27 52.00 0.0000 -0.0000 0.0000 47.6870 -122.2563
2013.1329 2013 49 2.0800 -0.7500 -5.8000 51.04 49.42 51.49 0.0000 -0.0000 0.0000 47.6870 -122.2563
2013.1356 2013 50 1.9100 -0.0600 0.6700 51.01 49.93 51.19 0.0000 -0.0000 0.0000 47.6870 -122.2563
2013.1384 2013 51 -1.9200 -0.5800 -1.2700 50.87 50.10 51.16 0.0000 0.0000 0.0000 47.6870 -122.2563
2013.1411 2013 52 -0.2800 0.1900 -2.9500 50.71 50.05 51.06 0.0000 0.0000 0.0000 47.6870 -122.2563
2013.1438 2013 53 0.4300 0.5700 2.5800 50.84 50.07 51.00 0.0000 0.0000 0.0000 47.6870 -122.2563
2013.1466 2013 54 1.5500 -0.1400 -4.7800 51.13 50.38 51.60 0.0000 0.0000 0.0000 47.6870 -122.2563
2013.1493 2013 55 -1.2800 0.4400 -1.8400 51.20 50.50 52.01 0.0000 0.0000 0.0000 47.6870 -122.2563
2013.1521 2013 56 2.0100 -1.0300 5.7300 51.03 50.27 52.33 0.0000 0.0000 0.0000 47.6870 -122.2563
2013.1548 2013 57 0.3600 -0.3900 -1.8500 50.79 50.25 52.48 0.0000 0.0000 0.0000 47.6870 -122.2563
2013.1575 2013 58 0.6400 0.6900 -5.0000 50.83 50.27 52.81 0.0000 0.0000 0.0000 47.6870 -122.2563
2013.1603 2013 59 -1.3600 0.6100 -9.0500 49.99 50.29 52.44 -0.0000 0.0000 0.0000 47.6870 -122.2563
2013.1630 2013 60 0.1300 1.2800 -5.7500 49.37 50.67 52.26 -0.0000 0.0000 0.0000 47.6870 -122.2563
2013.1658 2013 61 -1.4600 -0.3800 -2.4500 48.88 50.79 52.14 -0.0000 0.0000 0.0000 47.6870 -122.2563
2013.1685 2013 62 -0.6400 1.6700 -0.9200 48.99 51.14 51.84 -0.0000 0.0000 0.0000 47.6870 -122.2563
2013.1712 2013 63 2.0000 0.1700 -7.4300 48.78 51.36 51.52 -0.0000 0.0000 0.0000 47.6870 -122.2563
2013.1740 2013 64 0.5000 0.7400 1.9300 48.57 51.40 50.99 -0.0000 0.0000 0.0000 47.6870 -122.2563
2013.1767 2013 65 -2.3100 0.1300 0.8800 48.35 51.53 50.99 -0.0000 0.0000 0.0000 47.6870 -122.2563
2013.1795 2013 66 -1.5300 0.4700 0.7600 48.25 51.48 50.94 -0.0000 0.0000 0.0000 47.6870 -122.2563
2013.1822 2013 67 -2.5100 0.5200 -4.7500 47.79 52.07 50.54 -0.0000 0.0000 0.0000 47.6870 -122.2563
2013.1849 2013 68 -0.6500 0.6400 -2.0400 47.60 52.38 50.72 -0.0000 0.0000 0.0000 47.6870 -122.2563
2013.1877 2013 69 -2.1600 1.4200 -4.6200 47.54 52.25 51.16 -0.0000 0.0000 0.0000 47.6870 -122.2563
2013.1904 2013 70 -1.1900 0.6800 -7.8900 47.99 52.13 51.61 -0.0000 0.0000 0.0000 47.6870 -122.2563
2013.1932 2013 71 -3.0200 0.5000 2.1700 47.90 51.67 51.88 -0.0000 0.0000 0.0000 47.6870 -122.2563
2013.1959 2013 72 -2.6800 -0.4200 -3.6800 48.34 51.93 51.74 -0.0000 0.0000 0.0000 47.6870 -122.2563
2013.1986 2013 73 -2.6500 0.9100 -5.5100 48.58 51.64 51.60 -0.0000 0.0000 0.0000 47.6870 -122.2563
2013.2014 2013 74 -0.3600 1.3100 -1.9200 48.36 51.71 51.78 -0.0000 0.0000 0.0000 47.6870 -122.2563
2013.2041 2013 75 1.7300 1.1000 5.3700 48.29 51.53 51.56 -0.0000 0.0000 0.0000 47.6870 -122.2563
2013.2068 2013 76 -2.3900 0.3700 4.1800 48.75 51.46 51.46 -0.0000 0.0000 0.0000 47.6870 -122.2563
2013.2096 2013 77 -3.1100 1.1700 2.3000 48.91 51.56 51.24 -0.0000 0.0000 0.0000 47.6870 -122.2563
2013.2123 2013 78 0.0200 0.8900 1.0600 49.32 51.73 51.53 -0.0000 0.0000 0.0000 47.6870 -122.2563
2013.2151 2013 79 1.2300 0.3200 6.3000 49.46 51.55 51.49 -0.0000 0.0000 0.0000 47.6870 -122.2563
2013.2178 2013 80 0.5000 0.3600 0.5600 49.92 51.25 51.76 -0.0000 0.0000 0.0000 47.6870 -122.2563
2013.2205 2013 81 -0.8300 0.3100 1.0800 50.22 51.14 52.14 0.0000 0.0000 0.0000 47.6870 -122.2563
2013.2233 2013 82 2.3300 0.8700 -5.0400 50.95 50.92 52.23 0.0000 0.0000 0.0000 47.6870 -122.2563
2013.2260 2013 83 1.1500 0.6900 -3.6100 NaN NaN NaN 0.0000 0.0000 0.0000 47.6870 -122.2563
2013.2288 2013 84 0.8700 0.2400 -2.9900 NaN NaN NaN 0.0000 0.0000 0.0000 47.6870 -122.2563
2013.2315 2013 85 0.7800 0.8000 6.2700 NaN NaN NaN 0.0000 0.0000 0.0000 47.6870 -122.2563
2013.2342 2013 86 2.3700 0.4300 2.9000 NaN NaN NaN 0.0000 0.0000 0.0000 47.6870 -122.2563
2013.2370 2013 87 -0.1700 1.2200 -1.5400 NaN NaN NaN 0.0000 0.0000 0.0000 47.6870 -122.2563
2013.2397 2013 88 0.1500 1.5200 6.4100 NaN NaN NaN 0.0000 0.0000 0.0000 47.6870 -122.2563
2013.2425 2013 89 -0.3500 0.1600 4.2500 NaN NaN NaN 0.0000 0.0000 0.0000 47.6870 -122.2563
2013.2452 2013 90 -0.8200 0.6500 2.5800 NaN NaN NaN 0.0000 0.0000 0.0000 47.6870 -122.2563
2013.2479 2013 91 -0.3000 1.1600 3.1800 NaN NaN NaN 0.0000 0.0000 0.0000 47.6870 -122.2563
2013.2507 2013 92 1.9500 -0.2000 6.2800 NaN NaN NaN 0.0000 0.0000 0.0000 47.6870 -122.2563
2013.4699 2013 172 0.4400 0.1100 -4.2800 51.14 51.01 48.04 0.0000 0.0000 -0.0000 47.6870 -122.2563
2013.4726 2013 173 -2.6800 -0.2500 -3.7800 51.26 51.39 47.90 0.0000 0.0000 -0.0000 47.6870 -122.2563
2013.4753 2013 174 -4.4200 0.6300 6.0500 51.09 51.08 47.88 0.0000 0.0000 -0.0000 47.6870 -122.2563
2013.4781 2013 175 -0.4500 1.8500 6.8500 50.98 50.70 48.08 0.0000 0.0000 -0.0000 47.6870 -122.2563
2013.4808 2013 176 -1.3100 0.1600 1.3600 50.88 50.48 48.32 0.0000 0.0000 -0.0000 47.6870 -122.2563
2013.4836 2013 177 -0.2100 0.0200 1.6800 51.01 51.00 48.70 0.0000 0.0000 -0.0000 47.6870 -122.2563
2013.4863 2013 178 3.4200 -0.7900 -6.1400 50.81 51.00 48.66 0.0000 0.0000 -0.0000 47.6870 -122.2563
2013.4890 2013 179 -1.2900 0.4900 7.8800 50.78 50.96 48.81 0.0000 0.0000 -0.0000 47.6870 -122.2563
2013.4918 2013 180 0.8600 -0.1300 5.8200 50.44 50.95 49.17 0.0000 0.0000 -0.0000 47.6870 -122.2563
2013.4945 2013 181 1.1600 0.1300 -6.1200 50.65 51.03 49.08 0.0000 0.0000 -0.0000 47.6870 -122.2563
2013.4973 2013 182 -1.7800 -0.5000 5.6300 50.29 51.06 49.37 0.0000 0.0000 -0.0000 47.6870 -122.2563
2013.5000 2013 183 0.4700 -1.2900 2.6800 50.05 51.06 49.64 0.0000 0.0000 -0.0000 47.6870 -122.2563
2013.5027 2013 184 -1.2800 -0.8600 1.3600 50.21 50.95 49.88 0.0000 0.0000 -0.0000 47.6870 -122.2563
2013.5055 2013 185 0.8200 -0.3000 1.5500 50.78 50.58 49.77 0.0000 0.0000 -0.0000 47.6870 -122.2563
2013.5082 2013 186 1.5900 -0.3400 1.6400 NaN NaN NaN 0.0000 0.0000 0.0000 47.6870 -122.2563
2013.5110 2013 187 1.9500 -0.0100 4.2100 NaN NaN NaN 0.0000 0.0000 0.0000 47.6870 -122.2563
2013.5137 2013 188 2.1000 -1.2000 1.1000 NaN NaN NaN 0.0000 0.0000 0.0000 47.6870 -122.2563
2013.5164 2013 189 0.9800 -0.2400 3.7800 NaN NaN NaN 0.0000 0.0000 0.0000 47.6870 -122.2563
2013.5192 2013 190 -0.7300 0.1200 -0.9100 NaN NaN NaN 0.0000 0.0000 0.0000 47.6870 -122.2563
2013.5219 2013 191 -1.8900 0.1800 -3.2500 NaN NaN NaN 0.0000 0.0000 0.0000 47.6870 -122.2563
2013.5247 2013 192 -3.3100 0.1400 14.2500 NaN NaN NaN 0.0000 0.0000 0.0000 47.6870 -122.2563
2013.5274 2013 193 -1.3700 -0.1800 4.1300 NaN NaN NaN 0.0000 0.0000 0.0000 47.6870 -122.2563
2013.5301 2013 194 -0.7900 -0.6600 0.7400 NaN NaN NaN 0.0000 0.0000 0.0000 47.6870 -122.2563
2013.5329 2013 195 2.6100 0.0200 -1.1400 NaN NaN NaN 0.0000 0.0000 0.0000 47.6870 -122.2563
2013.6233 2013 228 -2.6400 2.6900 3.7200 48.34 52.46 50.38 -0.0000 0.0000 0.0000 47.6870 -122.2563
2013.6260 2013 229 -3.2600 -0.5600 0.5900 48.17 52.03 50.69 -0.0000 0.0000 0.0000 47.6870 -122.2563
2013.6288 2013 230 -2.5600 0.6600 -2.2300 48.67 51.99 50.87 -0.0000 0.0000 0.0000 47.6870 -122.2563
2013.6315 2013 231 -1.5100 0.8700 -1.3300 48.97 51.77 51.34 -0.0000 0.0000 0.0000 47.6870 -122.2563
2013.6342 2013 232 -0.3400 0.7300 1.5500 49.38 52.00 52.04 -0.0000 0.0000 0.0000 47.6870 -122.2563
2013.6370 2013 233 -0.8400 1.1200 2.4500 49.53 51.97 52.63 -0.0000 0.0000 0.0000 47.6870 -122.2563
2013.6397 2013 234 -0.9600 1.2300 2.6000 49.25 51.65 53.93 -0.0000 0.0000 0.0000 47.6870 -122.2563
2013.6425 2013 235 -0.2900 -0.4500 3.2700 48.79 51.11 54.30 -0.0000 0.0000 0.0000 47.6870 -122.2563
2013.6452 2013 236 -0.4400 0.1300 3.0500 48.47 50.98 54.22 -0.0000 0.0000 0.0000 47.6870 -122.2563
2013.6479 2013 237 0.2300 -0.6200 2.0800 47.92 50.51 54.48 -0.0000 0.0000 0.0000 47.6870 -122.2563
2013.6507 2013 238 0.5000 1.1300 0.3400 47.71 50.86 54.31 -0.0000 0.0000 0.0000 47.6870 -122.2563
2013.6534 2013 239 -0.7800 0.2500 -1.5700 48.08 50.68 53.52 -0.0000 0.0000 0.0000 47.6870 -122.2563
2013.6562 2013 240 -0.3700 2.5700 -2.3800 48.41 51.01 53.43 -0.0000 0.0000 0.0000 47.6870 -122.2563
2013.6589 2013 241 2.5600 -0.5000 0.2400 48.86 50.83 53.33 -0.0000 0.0000 0.0000 47.6870 -122.2563
2013.6616 2013 242 -0.7500 1.4300 -3.8100 49.32 50.88 53.00 -0.0000 0.0000 0.0000 47.6870 -122.2563
2013.6644 2013 243 -0.2100 0.5500 -0.5100 49.55 50.80 52.51 -0.0000 0.0000 0.0000 47.6870 -122.2563
2013.6671 2013 244 -2.0600 1.3600 -1.3300 49.46 50.75 52.10 -0.0000 0.0000 0.0000 47.6870 -122.2563
2013.6699 2013 245 -2.7900 1.7800 0.7200 49.61 50.54 51.62 -0.0000 0.0000 0.0000 47.6870 -122.2563
2013.6726 2013 246 -2.3900 2.7900 -1.6100 49.50 50.87 51.49 -0.0000 0.0000 0.0000 47.6870 -122.2563
2013.6753 2013 247 -4.2300 1.3000 3.3000 49.41 51.03 51.11 -0.0000 0.0000 0.0000 47.6870 -122.2563
2013.6781 2013 248 -4.2800 1.5000 5.9900 49.51 51.23 51.18 -0.0000 0.0000 0.0000 47.6870 -122.2563
2013.6808 2013 249 -1.5500 3.0400 -4.7000 49.56 50.94 50.91 -0.0000 0.0000 0.0000 47.6870 -122.2563
2013.6836 2013 250 -1.2700 1.9900 0.2400 49.65 51.05 50.87 -0.0000 0.0000 0.0000 47.6870 -122.2563
2013.6863 2013 251 -2.0300 0.3700 -2.2500 49.32 50.52 50.97 -0.0000 0.0000 0.0000 47.6870 -122.2563
2013.6890 2013 252 1.4800 1.6300 -2.2300 48.89 50.72 50.92 -0.0000 0.0000 0.0000 47.6870 -122.2563
2013.6918 2013 253 1.8500 0.8100 -2.1000 48.91 50.43 50.98 -0.0000 0.0000 0.0000 47.6870 -122.2563
2013.6945 2013 254 -1.3600 0.2900 0.1000 48.91 50.34 50.81 -0.0000 0.0000 0.0000 47.6870 -122.2563
2013.6973 2013 255 0.8800 0.5600 -1.7900 49.35 49.89 50.61 -0.0000 -0.0000 0.0000 47.6870 -122.2563
2013.7000 2013 256 -0.8600 1.4300 5.6300 49.94 49.56 50.46 -0.0000 -0.0000 0.0000 47.6870 -122.2563
2013.7027 2013 257 0.8700 1.2900 -0.7100 50.26 48.76 50.50 0.0000 -0.0000 0.0000 47.6870 -122.2563
2013.7055 2013 258 1.8800 0.1600 9.5600 51.21 48.61 50.22 0.0000 -0.0000 0.0000 47.6870 -122.2563
2013.7082 2013 259 -1.3600 -0.2700 -0.3600 51.90 48.22 49.89 0.0000 -0.0000 -0.0000 47.6870 -122.2563
2013.7110 2013 260 -1.9200 0.3900 -2.6100 51.88 47.80 50.38 0.0000 -0.0000 0.0000 47.6870 -122.2563
2013.7137 2013 261 -3.0800 -0.3100 -0.6400 51.85 47.36 50.31 0.0000 -0.0000 0.0000 47.6870 -122.2563
2013.7164 2013 262 -1.2000 0.5100 6.0600 51.88 47.22 50.43 0.0000 -0.0000 0.0000 47.6870 -122.2563
2013.7192 2013 263 0.4900 0.6800 8.5300 51.39 46.84 50.67 0.0000 -0.0000 0.0000 47.6870 -122.2563
2013.7219 2013 264 0.3700 0.1600 5.5700 NaN NaN NaN 0.0000 0.0000 0.0000 47.6870 -122.2563
2013.7247 2013 265 -0.1700 -2.0300 11.0600 NaN NaN NaN 0.0000 0.0000 0.0000 47.6870 -122.2563
2013.7274 2013 266 0.0600 -0.6300 1.2000 NaN NaN NaN 0.0000 0.0000 0.0000 47.6870 -122.2563
2013.7301 2013 267 -1.2600 -2.8000 -4.2000 NaN NaN NaN 0.0000 0.0000 0.0000 47.6870 -122.2563
2013.7329 2013 268 1.4100 -0.6200 -0.1300 NaN NaN NaN 0.0000 0.0000 0.0000 47.6870 -122.2563
2013.7356 2013 269 0.1200 -0.5400 -3.7300 NaN NaN NaN 0.0000 0.0000 0.0000 47.6870 -122.2563
2013.7384 2013 270 -0.3300 -0.0600 -0.9100 NaN NaN NaN 0.0000 0.0000 0.0000 47.6870 -122.2563
2013.7411 2013 271 1.2400 0.5700 -3.0700 NaN NaN NaN 0.0000 0.0000 0.0000 47.6870 -122.2563
2013.7438 2013 272 -0.8100 -0.9400 2.3300 NaN NaN NaN 0.0000 0.0000 0.0000 47.6870 -122.2563
2013.7466 2013 273 -0.9300 -0.7100 6.1000 NaN NaN NaN 0.0000 0.0000 0.0000 47.6870 -122.2563
2013.8726 2013 319 -1.1500 -0.0900 11.2700 49.72 50.04 51.28 -0.0000 0.0000 0.0000 47.6870 -122.2563
2013.8753 2013 320 -2.2300 1.0900 16.3100 49.80 49.85 51.04 -0.0000 -0.0000 0.0000 47.6870 -122.2563
2013.8781 2013 321 -0.6000 -0.7700 7.7700 49.86 50.20 51.47 -0.0000 0.0000 0.0000 47.6870 -122.2563
2013.8808 2013 322 -1.5100 -0.4900 3.7800 49.65 50.41 51.52 -0.0000 0.0000 0.0000 47.6870 -122.2563
2013.8836 2013 323 -1.9100 0.5000 5.1500 49.17 50.79 51.44 -0.0000 0.0000 0.0000 47.6870 -122.2563
2013.8863 2013 324 -1.5400 0.2200 2.8000 48.65 50.75 51.05 -0.0000 0.0000 0.0000 47.6870 -122.2563
2013.8890 2013 325 -0.4600 0.3800 -5.4300 48.67 51.24 50.94 -0.0000 0.0000 0.0000 47.6870 -122.2563
2013.8918 2013 326 0.7600 1.0600 -10.2600 48.24 51.55 50.84 -0.0000 0.0000 0.0000 47.6870 -122.2563
2013.8945 2013 327 -0.4700 0.6700 -9.4800 48.03 51.75 51.47 -0.0000 0.0000 0.0000 47.6870 -122.2563
2013.8973 2013 328 0.9500 0.1400 -6.3500 48.18 52.56 51.81 -0.0000 0.0000 0.0000 47.6870 -122.2563
2013.9000 2013 329 1.3800 0.2700 -8.9000 48.34 52.90 51.92 -0.0000 0.0000 0.0000 47.6870 -122.2563
2013.9027 2013 330 1.2300 1.4700 0.8800 48.84 52.90 51.06 -0.0000 0.0000 0.0000 47.6870 -122.2563
2013.9055 2013 331 -1.2100 0.9300 4.0200 49.17 52.33 49.90 -0.0000 0.0000 -0.0000 47.6870 -122.2563
2013.9082 2013 332 1.1400 0.9700 -4.0400 49.34 52.57 49.24 -0.0000 0.0000 -0.0000 47.6870 -122.2563
2013.9110 2013 333 -0.1400 0.8100 -6.6200 49.50 52.73 48.78 -0.0000 0.0000 -0.0000 47.6870 -122.2563
2013.9137 2013 334 -0.1400 -0.1300 -4.6900 NaN NaN NaN 0.0000 0.0000 0.0000 47.6870 -122.2563
2013.9164 2013 335 -0.8600 -0.0200 3.5800 NaN NaN NaN 0.0000 0.0000 0.0000 47.6870 -122.2563
2013.9192 2013 336 -2.3500 1.2700 4.6900 NaN NaN NaN 0.0000 0.0000 0.0000 47.6870 -122.2563
2013.9219 2013 337 -0.3100 0.8700 8.0800 NaN NaN NaN 0.0000 0.0000 0.0000 47.6870 -122.2563
2013.9247 2013 338 3.3500 1.2800 -4.0900 NaN NaN NaN 0.0000 0.0000 0.0000 47.6870 -122.2563
2013.9274 2013 339 1.9000 0.6800 -6.8100 NaN NaN NaN 0.0000 0.0000 0.0000 47.6870 -122.2563
2013.9301 2013 340 2.4500 0.1300 -4.4700 NaN NaN NaN 0.0000 0.0000 0.0000 47.6870 -122.2563
2013.9329 2013 341 0.2400 -0.7300 -5.8000 NaN NaN NaN 0.0000 0.0000 0.0000 47.6870 -122.2563
2013.9356 2013 342 0.7700 -0.2900 -5.2700 NaN NaN NaN 0.0000 0.0000 0.0000 47.6870 -122.2563
2013.9384 2013 343 -0.4500 -0.2900 -4.8600 NaN NaN NaN 0.0000 0.0000 0.0000 47.6870 -122.2563
