2005.0014 0.0000 0.0000 2.4000 1.8600 -3.7600 0.0000 0.0000 0.0000 0.0000 0.0000 0.0023 0.0000 0.0000
2005.0041 0.0000 0.0000 1.4800 1.9000 -6.0000 0.0000 0.0000 0.0000 0.0000 0.0000 0.0002 0.0000 0.0000
2005.0068 0.0000 0.0000 1.6500 0.6700 -1.4800 0.0000 0.0000 0.0000 0.0000 0.0000 0.0005 0.0000 0.0000
2005.0096 0.0000 0.0000 1.6800 0.8400 -4.6600 0.0000 0.0000 0.0000 0.0000 0.0000 0.0001 0.0000 0.0000
2005.0123 0.0000 0.0000 0.7100 0.6400 -1.4100 0.0000 0.0000 0.0000 0.0000 0.0000 0.0007 0.0000 0.0000
2005.0151 0.0000 0.0000 0.7600 1.2200 -5.2300 0.0000 0.0000 0.0000 0.0000 0.0000 0.0008 0.0000 0.0000
2005.0178 0.0000 0.0000 2.2900 1.0800 -4.3400 0.0000 0.0000 0.0000 0.0000 0.0000 0.0014 0.0000 0.0000
2005.0205 0.0000 0.0000 3.1000 0.3000 -8.0500 0.0000 0.0000 0.0000 0.0001 0.0000 0.0029 0.0000 0.0000
2005.0233 0.0000 0.0000 0.4400 -0.4300 4.1500 0.0000 0.0000 0.0000 0.0003 0.0001 0.0131 0.0000 0.0000
2005.0260 0.0000 0.0000 -0.0200 1.4800 -4.6600 0.0000 0.0000 0.0000 0.0009 0.0001 0.0231 0.0000 0.0000
2005.0288 0.0000 0.0000 -0.6500 0.2900 -3.2700 0.0000 0.0000 0.0000 0.0005 0.0002 0.0510 0.0000 0.0000
2005.0315 0.0000 0.0000 -1.3900 1.9600 1.6400 0.0000 0.0000 0.0000 0.0006 0.0002 0.0661 0.0000 0.0000
2005.0342 0.0000 0.0000 0.5700 1.8800 -0.2800 0.0000 0.0000 0.0000 0.0003 0.0007 0.0789 0.0000 0.0000
2005.0370 0.0000 0.0000 2.9200 0.6400 2.3600 0.0000 0.0000 0.0000 0.0003 0.0013 0.0793 0.0000 0.0000
2005.0397 0.0000 0.0000 -0.6400 0.8500 8.5300 0.0000 0.0000 0.0000 0.0018 0.0017 0.1230 0.0000 0.0000
2005.0425 0.0000 0.0000 2.3400 0.3900 2.7300 0.0000 0.0000 0.0000 0.0015 0.0018 0.1053 0.0000 0.0000
2005.0452 0.0000 0.0000 2.0700 0.8100 2.5400 0.0000 0.0000 0.0000 0.0025 0.0014 0.1184 0.0000 0.0000
2005.0479 0.0000 0.0000 1.7300 1.2900 2.6600 0.0000 0.0000 0.0000 0.0034 0.0011 0.0942 0.0000 0.0000
2005.0507 0.0000 0.0000 1.0300 1.7300 2.9900 0.0000 0.0000 0.0000 0.0047 0.0013 0.0619 0.0000 0.0000
2005.0534 0.0000 0.0000 2.7000 0.2700 4.2200 0.0000 0.0000 0.0000 0.0061 0.0020 0.0324 0.0000 0.0000
2005.0562 0.0000 0.0000 2.8100 0.6600 6.5100 0.0000 0.0000 0.0000 0.0064 0.0016 0.0226 0.0000 0.0000
2005.0589 0.0000 0.0000 2.9300 2.3600 3.8700 0.0000 0.0000 0.0000 0.0031 0.0006 0.0162 0.0000 0.0000
2005.0616 0.0000 0.0000 0.8900 2.0500 3.2200 0.0000 0.0000 0.0000 0.0033 0.0023 0.0060 0.0000 0.0000
2005.0644 0.0000 0.0000 -1.5500 -0.4700 6.5000 0.0000 0.0000 0.0000 0.0041 0.0019 0.0040 0.0000 0.0000
2005.0671 0.0000 0.0000 4.2000 2.4600 -1.5900 0.0000 0.0000 0.0000 0.0005 0.0012 0.0094 0.0000 0.0000
2005.0699 0.0000 0.0000 1.4100 0.5400 -5.0800 0.0000 0.0000 0.0000 0.0012 0.0044 0.0068 0.0000 0.0000
2005.0726 0.0000 0.0000 1.7400 0.2500 2.8300 0.0000 0.0000 0.0000 0.0003 0.0029 0.0020 0.0000 0.0000
2005.0753 0.0000 0.0000 4.0300 1.1200 2.9800 0.0000 0.0000 0.0000 0.0009 0.0051 0.0029 0.0000 0.0000
2005.0781 0.0000 0.0000 1.5500 1.2500 5.3000 0.0000 0.0000 0.0000 0.0010 0.0054 0.0021 0.0000 0.0000
2005.0808 0.0000 0.0000 0.4400 2.1000 3.2900 0.0000 0.0000 0.0000 0.0009 0.0047 0.0038 0.0000 0.0000
2005.0836 0.0000 0.0000 -2.3400 1.5400 4.1600 0.0000 0.0000 0.0000 0.0012 0.0046 0.0042 0.0000 0.0000
2005.0863 0.0000 0.0000 0.5000 1.3100 5.4300 0.0000 0.0000 0.0000 0.0005 0.0033 0.0072 0.0000 0.0000
2005.0890 0.0000 0.0000 0.5600 0.4300 5.3700 0.0000 0.0000 0.0000 0.0003 0.0089 0.0069 0.0000 0.0000
2005.0918 0.0000 0.0000 1.4300 1.0300 3.5000 0.0000 0.0000 0.0000 0.0003 0.0113 0.0113 0.0000 0.0000
2005.0945 0.0000 0.0000 -0.3600 0.1900 -0.9700 0.0000 0.0000 0.0000 0.0002 0.0158 0.0101 0.0000 0.0000
2005.1000 0.0000 0.0000 -0.1500 0.9000 1.9300 0.0000 0.0000 0.0000 0.0002 0.0245 0.0123 0.0000 0.0000
2005.1027 0.0000 0.0000 0.3500 -0.2400 3.1800 0.0000 0.0000 0.0000 0.0002 0.0188 0.0144 0.0000 0.0000
2005.1055 0.0000 0.0000 1.6100 0.6500 6.8600 0.0000 0.0000 0.0000 0.0003 0.0144 0.0075 0.0000 0.0000
2005.1082 0.0000 0.0000 0.4300 0.7200 7.2800 0.0000 0.0000 0.0000 0.0002 0.0109 0.0111 0.0000 0.0000
2005.1110 0.0000 0.0000 1.3000 0.5000 1.6600 0.0000 0.0000 0.0000 0.0002 0.0089 0.0097 0.0000 0.0000
2005.1137 0.0000 0.0000 0.6400 0.7000 0.6800 0.0000 0.0000 0.0000 0.0002 0.0104 0.0087 0.0000 0.0000
2005.1164 0.0000 0.0000 0.3700 0.4600 0.7500 0.0000 0.0000 0.0000 0.0002 0.0080 0.0092 0.0000 0.0000
2005.1192 0.0000 0.0000 1.5800 0.8700 -0.0400 0.0000 0.0000 0.0000 0.0004 0.0085 0.0123 0.0000 0.0000
2005.1219 0.0000 0.0000 1.0900 0.7500 3.9100 0.0000 0.0000 0.0000 0.0003 0.0073 0.0046 0.0000 0.0000
2005.1247 0.0000 0.0000 1.3900 1.7700 4.1800 0.0000 0.0000 0.0000 0.0003 0.0090 0.0050 0.0000 0.0000
2005.1274 0.0000 0.0000 -0.1600 2.1700 -1.7700 0.0000 0.0000 0.0000 0.0003 0.0203 0.0075 0.0000 0.0000
2005.1301 0.0000 0.0000 0.4200 1.2500 6.8000 0.0000 0.0000 0.0000 0.0003 0.0503 0.0014 0.0000 0.0000
2005.1329 0.0000 0.0000 0.7500 0.4100 4.6400 0.0000 0.0000 0.0000 0.0003 0.0687 0.0034 0.0000 0.0000
2005.1356 0.0000 0.0000 -0.8500 -0.0900 -4.4500 0.0000 0.0000 0.0000 0.0002 0.0460 0.0038 0.0000 0.0000
2005.1384 0.0000 0.0000 0.1700 -0.0800 3.0500 0.0000 0.0000 0.0000 0.0003 0.0251 0.0038 0.0000 0.0000
2005.1411 0.0000 0.0000 -0.3700 -0.3500 -0.3900 0.0000 0.0000 0.0000 0.0002 0.0053 0.0048 0.0000 0.0000
2005.1438 0.0000 0.0000 1.0200 1.3500 2.0000 0.0000 0.0000 0.0000 0.0002 0.0030 0.0011 0.0000 0.0000
2005.1466 0.0000 0.0000 0.6200 1.2600 2.5200 0.0000 0.0000 0.0000 0.0001 0.0057 0.0007 0.0000 0.0000
2005.1493 0.0000 0.0000 0.2100 0.6600 -3.7100 0.0000 0.0000 0.0000 0.0001 0.0060 0.0031 0.0000 0.0000
2005.1521 0.0000 0.0000 1.2200 0.7200 -4.7400 0.0000 0.0000 0.0000 0.0002 0.0042 0.0067 0.0000 0.0000
2005.1548 0.0000 0.0000 0.6500 1.0000 -0.1000 0.0000 0.0000 0.0000 0.0003 0.0032 0.0005 0.0000 0.0000
2005.1575 0.0000 0.0000 1.0300 2.2400 2.1400 0.0000 0.0000 0.0000 0.0003 0.0052 0.0006 0.0000 0.0000
2005.1603 0.0000 0.0000 2.5600 2.8800 -9.4400 0.0000 0.0000 0.0000 0.0004 0.0078 0.0020 0.0000 0.0000
2005.1630 0.0000 0.0000 1.3800 2.2100 -3.4700 0.0000 0.0000 0.0000 0.0005 0.0134 0.0008 0.0000 0.0000
2005.1658 0.0000 0.0000 1.4200 -0.2200 0.5700 0.0000 0.0000 0.0000 0.0005 0.0110 0.0008 0.0000 0.0000
2005.1685 0.0000 0.0000 0.9500 0.9200 -2.2400 0.0000 0.0000 0.0000 0.0008 0.0053 0.0007 0.0000 0.0000
2005.1712 0.0000 0.0000 -1.7200 0.5900 0.1600 0.0000 0.0000 0.0000 0.0017 0.0056 0.0005 0.0000 0.0000
2005.1740 0.0000 0.0000 -2.4300 1.8200 2.1400 0.0000 0.0000 0.0000 0.0025 0.0054 0.0005 0.0000 0.0000
2005.1767 0.0000 0.0000 -1.4700 0.2700 1.9800 0.0000 0.0000 0.0000 0.0012 0.0106 0.0010 0.0000 0.0000
2005.1795 0.0000 0.0000 0.3100 2.0300 -7.7000 0.0000 0.0000 0.0000 0.0017 0.0128 0.0017 0.0000 0.0000
2005.1822 0.0000 0.0000 -0.1600 3.2700 -4.0400 0.0000 0.0000 0.0000 0.0011 0.0163 0.0004 0.0000 0.0000
2005.1849 0.0000 0.0000 -1.2500 1.5100 4.4400 0.0000 0.0000 0.0000 0.0010 0.0132 0.0011 0.0000 0.0000
2005.1877 0.0000 0.0000 -1.5200 0.5800 1.0200 0.0000 0.0000 0.0000 0.0007 0.0078 0.0011 0.0000 0.0000
2005.1904 0.0000 0.0000 0.4400 0.2500 2.2700 0.0000 0.0000 0.0000 0.0005 0.0253 0.0021 0.0000 0.0000
2005.1932 0.0000 0.0000 2.1300 1.0400 -0.9400 0.0000 0.0000 0.0000 0.0006 0.0137 0.0022 0.0000 0.0000
2005.1959 0.0000 0.0000 2.2200 1.1600 -3.4200 0.0000 0.0000 0.0000 0.0008 0.0144 0.0016 0.0000 0.0000
2005.1986 0.0000 0.0000 -0.1700 0.3700 2.5600 0.0000 0.0000 0.0000 0.0005 0.0092 0.0017 0.0000 0.0000
2005.2014 0.0000 0.0000 0.2700 -0.4100 3.5400 0.0000 0.0000 0.0000 0.0008 0.0131 0.0020 0.0000 0.0000
2005.2041 0.0000 0.0000 1.3500 0.0500 6.0600 0.0000 0.0000 0.0000 0.0010 0.0180 0.0041 0.0000 0.0000
2005.2068 0.0000 0.0000 1.3100 0.7400 -1.2200 0.0000 0.0000 0.0000 0.0011 0.0166 0.0038 0.0000 0.0000
2005.2096 0.0000 0.0000 0.2700 0.5200 -2.4200 0.0000 0.0000 0.0000 0.0007 0.0139 0.0027 0.0000 0.0000
2005.2123 0.0000 0.0000 1.6600 2.0000 -3.5100 0.0000 0.0000 0.0000 0.0008 0.0039 0.0011 0.0000 0.0000
2005.2151 0.0000 0.0000 2.4500 -0.3700 1.9600 0.0000 0.0000 0.0000 0.0007 0.0054 0.0006 0.0000 0.0000
2005.2178 0.0000 0.0000 0.4400 -0.9800 1.4700 0.0000 0.0000 0.0000 0.0002 0.0032 0.0005 0.0000 0.0000
2005.2205 0.0000 0.0000 2.9600 -1.7400 1.4700 0.0000 0.0000 0.0000 0.0004 0.0068 0.0005 0.0000 0.0000
2005.2233 0.0000 0.0000 0.7300 0.2400 1.9500 0.0000 0.0000 0.0000 0.0003 0.0051 0.0006 0.0000 0.0000
2005.2260 0.0000 0.0000 1.1400 1.5000 -3.4900 0.0000 0.0000 0.0000 0.0001 0.0038 0.0004 0.0000 0.0000
2005.2288 0.0000 0.0000 0.1100 0.8400 1.2500 0.0000 0.0000 0.0000 0.0003 0.0012 0.0003 0.0000 0.0000
2005.2315 0.0000 0.0000 -3.2600 0.8100 1.7300 0.0000 0.0000 0.0000 0.0005 0.0011 0.0003 0.0000 0.0000
2005.2397 0.0000 0.0000 0.4600 0.2700 3.8400 0.0000 0.0000 0.0000 0.0001 0.0011 0.0002 0.0000 0.0000
2005.2425 0.0000 0.0000 -0.1700 1.4900 -1.7600 0.0000 0.0000 0.0000 0.0001 0.0012 0.0002 0.0000 0.0000
2005.2452 0.0000 0.0000 0.4800 0.2600 -3.4000 0.0000 0.0000 0.0000 0.0001 0.0020 0.0002 0.0000 0.0000
2005.2479 0.0000 0.0000 0.5100 -0.3300 6.7600 0.0000 0.0000 0.0000 0.0001 0.0012 0.0001 0.0000 0.0000
2005.2507 0.0000 0.0000 0.2300 0.2500 5.7500 0.0000 0.0000 0.0000 0.0001 0.0016 0.0001 0.0000 0.0000
2005.2534 0.0000 0.0000 1.8600 -0.1600 -0.7700 0.0000 0.0000 0.0000 0.0002 0.0015 0.0002 0.0000 0.0000
2005.2562 0.0000 0.0000 1.6700 1.4800 -7.9700 0.0000 0.0000 0.0000 0.0002 0.0016 0.0004 0.0000 0.0000
2005.2589 0.0000 0.0000 2.1600 0.7300 5.9300 0.0000 0.0000 0.0000 0.0003 0.0011 0.0002 0.0000 0.0000
2005.2616 0.0000 0.0000 2.0800 0.3500 7.3300 0.0000 0.0000 0.0000 0.0003 0.0009 0.0004 0.0000 0.0000
2005.2644 0.0000 0.0000 1.9400 -0.8600 7.3300 0.0000 0.0000 0.0000 0.0002 0.0019 0.0003 0.0000 0.0000
2005.2671 0.0000 0.0000 1.3100 -0.0600 2.6800 0.0000 0.0000 0.0000 0.0002 0.0037 0.0003 0.0000 0.0000
2005.2699 0.0000 0.0000 -0.5600 1.1500 0.1400 0.0000 0.0000 0.0000 0.0004 0.0019 0.0004 0.0000 0.0000
2005.2726 0.0000 0.0000 0.1500 1.2000 -3.7700 0.0000 0.0000 0.0000 0.0004 0.0019 0.0004 0.0000 0.0000
2005.2753 0.0000 0.0000 1.6400 0.1900 -3.1400 0.0000 0.0000 0.0000 0.0003 0.0013 0.0005 0.0000 0.0000
2005.2781 0.0000 0.0000 0.8600 0.8600 0.5100 0.0000 0.0000 0.0000 0.0002 0.0012 0.0002 0.0000 0.0000
2005.2808 0.0000 0.0000 0.9400 -0.5200 4.0400 0.0000 0.0000 0.0000 0.0004 0.0036 0.0003 0.0000 0.0000
2005.2836 0.0000 0.0000 -0.8900 1.1800 -0.6500 0.0000 0.0000 0.0000 0.0008 0.0030 0.0002 0.0000 0.0000
2005.2863 0.0000 0.0000 0.3800 2.0000 2.9400 0.0000 0.0000 0.0000 0.0010 0.0013 0.0001 0.0000 0.0000
2005.2890 0.0000 0.0000 0.4800 -1.0800 -0.4900 0.0000 0.0000 0.0000 0.0011 0.0027 0.0003 0.0000 0.0000
2005.2918 0.0000 0.0000 0.7300 -0.4700 -4.1200 0.0000 0.0000 0.0000 0.0018 0.0031 0.0002 0.0000 0.0000
2005.2945 0.0000 0.0000 -0.4500 0.6300 7.0100 0.0000 0.0000 0.0000 0.0016 0.0021 0.0001 0.0000 0.0000
2005.2973 0.0000 0.0000 0.6500 -2.3200 8.8700 0.0000 0.0000 0.0000 0.0026 0.0043 0.0002 0.0000 0.0000
2005.3000 0.0000 0.0000 -1.0300 -0.8900 -4.2200 0.0000 0.0000 0.0000 0.0020 0.0046 0.0002 0.0000 0.0000
2005.3027 0.0000 0.0000 1.4700 0.2500 -3.1100 0.0000 0.0000 0.0000 0.0016 0.0049 0.0001 0.0000 0.0000
2005.3055 0.0000 0.0000 0.4100 0.1200 0.0200 0.0000 0.0000 0.0000 0.0027 0.0020 0.0001 0.0000 0.0000
2005.3082 0.0000 0.0000 -1.4000 -0.4200 -0.3700 0.0000 0.0000 0.0000 0.0024 0.0017 0.0001 0.0000 0.0000
2005.3110 0.0000 0.0000 0.7400 -0.6900 5.4200 0.0000 0.0000 0.0000 0.0015 0.0014 0.0001 0.0000 0.0000
2005.3137 0.0000 0.0000 1.8900 -0.8100 4.4300 0.0000 0.0000 0.0000 0.0035 0.0011 0.0002 0.0000 0.0000
2005.3164 0.0000 0.0000 1.5900 -0.6500 1.1100 0.0000 0.0000 0.0000 0.0047 0.0012 0.0001 0.0000 0.0000
2005.3192 0.0000 0.0000 0.7100 -0.7900 -1.0200 0.0000 0.0000 0.0000 0.0059 0.0009 0.0002 0.0000 0.0000
2005.3219 0.0000 0.0000 -0.3900 0.5500 -0.5500 0.0000 0.0000 0.0000 0.0038 0.0008 0.0001 0.0000 0.0000
2005.3247 0.0000 0.0000 0.6400 0.0100 8.8400 0.0000 0.0000 0.0000 0.0030 0.0009 0.0001 0.0000 0.0000
2005.3274 0.0000 0.0000 2.4200 0.4500 6.8300 0.0000 0.0000 0.0000 0.0063 0.0013 0.0002 0.0000 0.0000
2005.3301 0.0000 0.0000 1.3600 0.8700 2.1100 0.0000 0.0000 0.0000 0.0059 0.0014 0.0002 0.0000 0.0000
2005.3329 0.0000 0.0000 2.1000 0.5200 -4.8900 0.0000 0.0000 0.0000 0.0101 0.0025 0.0002 0.0000 0.0000
2005.3356 0.0000 0.0000 0.4700 -0.9000 3.5600 0.0000 0.0000 0.0000 0.0058 0.0044 0.0004 0.0000 0.0000
2005.3384 0.0000 0.0000 0.6800 -0.7300 -10.4400 0.0000 0.0000 0.0000 0.0042 0.0015 0.0006 0.0000 0.0000
2005.3411 0.0000 0.0000 1.4100 1.0500 1.4600 0.0000 0.0000 0.0000 0.0048 0.0013 0.0003 0.0000 0.0000
2005.3438 0.0000 0.0000 1.1700 0.0000 -0.5000 0.0000 0.0000 0.0000 0.0036 0.0013 0.0009 0.0000 0.0000
2005.3466 0.0000 0.0000 0.9200 0.5100 -3.7800 0.0000 0.0000 0.0000 0.0025 0.0008 0.0004 0.0000 0.0000
2005.3493 0.0000 0.0000 2.6200 0.9200 -5.7400 0.0000 0.0000 0.0000 0.0041 0.0009 0.0003 0.0000 0.0000
2005.3521 0.0000 0.0000 2.1500 -0.1400 -0.4400 0.0000 0.0000 0.0000 0.0037 0.0011 0.0002 0.0000 0.0000
2005.3548 0.0000 0.0000 2.4400 0.2500 -7.2100 0.0000 0.0000 0.0000 0.0046 0.0006 0.0002 0.0000 0.0000
2005.3575 0.0000 0.0000 1.6300 2.7900 4.7500 0.0000 0.0000 0.0000 0.0023 0.0008 0.0001 0.0000 0.0000
2005.3603 0.0000 0.0000 1.1100 0.5900 -1.7800 0.0000 0.0000 0.0000 0.0013 0.0007 0.0001 0.0000 0.0000
2005.3630 0.0000 0.0000 1.7800 -0.0100 0.8400 0.0000 0.0000 0.0000 0.0007 0.0005 0.0001 0.0000 0.0000
2005.3658 0.0000 0.0000 2.3600 0.0900 5.4400 0.0000 0.0000 0.0000 0.0008 0.0009 0.0001 0.0000 0.0000
2005.3685 0.0000 0.0000 3.7500 -1.1300 3.1600 0.0000 0.0000 0.0000 0.0011 0.0003 0.0002 0.0000 0.0000
2005.3712 0.0000 0.0000 1.9200 0.9500 -0.7500 0.0000 0.0000 0.0000 0.0003 0.0001 0.0002 0.0000 0.0000
2005.3740 0.0000 0.0000 3.5900 0.6600 -2.0700 0.0000 0.0000 0.0000 0.0005 0.0003 0.0003 0.0000 0.0000
2005.3767 0.0000 0.0000 5.2700 -2.8000 -0.8800 0.0000 0.0000 0.0000 0.0014 0.0004 0.0004 0.0000 0.0000
2005.3795 0.0000 0.0000 5.5900 1.5400 -0.8000 0.0000 0.0000 0.0000 0.0017 0.0003 0.0003 0.0000 0.0000
2005.3822 0.0000 0.0000 3.1100 -1.0200 4.1300 0.0000 0.0000 0.0000 0.0003 0.0006 0.0004 0.0000 0.0000
2005.3849 0.0000 0.0000 3.7000 0.7100 0.7000 0.0000 0.0000 0.0000 0.0007 0.0003 0.0004 0.0000 0.0000
2005.3877 0.0000 0.0000 1.4400 1.1400 -2.0300 0.0000 0.0000 0.0000 0.0027 0.0005 0.0003 0.0000 0.0000
2005.3904 0.0000 0.0000 -2.8400 0.0200 3.5000 0.0000 0.0000 0.0000 0.0033 0.0004 0.0003 0.0000 0.0000
2005.3932 0.0000 0.0000 -2.2700 1.0700 -3.0700 0.0000 0.0000 0.0000 0.0014 0.0005 0.0003 0.0000 0.0000
2005.3959 0.0000 0.0000 1.8000 -0.3400 1.2700 0.0000 0.0000 0.0000 0.0002 0.0007 0.0002 0.0000 0.0000
2005.3986 0.0000 0.0000 2.2400 0.0400 3.8600 0.0000 0.0000 0.0000 0.0003 0.0005 0.0002 0.0000 0.0000
2005.4014 0.0000 0.0000 3.1100 1.1500 -4.4600 0.0000 0.0000 0.0000 0.0003 0.0005 0.0002 0.0000 0.0000
2005.4041 0.0000 0.0000 3.1700 1.2100 0.9300 0.0000 0.0000 0.0000 0.0003 0.0004 0.0002 0.0000 0.0000
2005.4068 0.0000 0.0000 2.8600 1.0000 -3.5000 0.0000 0.0000 0.0000 0.0004 0.0008 0.0002 0.0000 0.0000
2005.4096 0.0000 0.0000 0.5100 -0.0600 -3.3900 0.0000 0.0000 0.0000 0.0017 0.0005 0.0002 0.0000 0.0000
2005.4123 0.0000 0.0000 -1.9800 1.8500 -4.3600 0.0000 0.0000 0.0000 0.0013 0.0004 0.0003 0.0000 0.0000
2005.4151 0.0000 0.0000 -1.5400 -1.2200 1.6300 0.0000 0.0000 0.0000 0.0008 0.0009 0.0003 0.0000 0.0000
2005.4178 0.0000 0.0000 -0.7400 -1.0400 5.8600 0.0000 0.0000 0.0000 0.0015 0.0007 0.0002 0.0000 0.0000
2005.4205 0.0000 0.0000 -4.0300 0.9900 5.2800 0.0000 0.0000 0.0000 0.0005 0.0005 0.0003 0.0000 0.0000
2005.4233 0.0000 0.0000 -3.5300 1.4700 -0.7000 0.0000 0.0000 0.0000 0.0007 0.0006 0.0002 0.0000 0.0000
2005.4260 0.0000 0.0000 0.7500 0.4400 -0.3600 0.0000 0.0000 0.0000 0.0006 0.0007 0.0003 0.0000 0.0000
2005.4288 0.0000 0.0000 1.7300 0.6300 -5.9500 0.0000 0.0000 0.0000 0.0004 0.0010 0.0003 0.0000 0.0000
2005.4315 0.0000 0.0000 3.1100 0.4500 0.8100 0.0000 0.0000 0.0000 0.0014 0.0016 0.0004 0.0000 0.0000
2005.4342 0.0000 0.0000 1.2800 0.9200 -1.8900 0.0000 0.0000 0.0000 0.0010 0.0034 0.0008 0.0000 0.0000
2005.4370 0.0000 0.0000 2.8400 -0.0600 -3.5100 0.0000 0.0000 0.0000 0.0019 0.0050 0.0007 0.0000 0.0000
2005.4397 0.0000 0.0000 1.7200 0.6800 -1.2400 0.0000 0.0000 0.0000 0.0026 0.0107 0.0029 0.0000 0.0000
2005.4425 0.0000 0.0000 -3.2800 -0.7300 1.1100 0.0000 0.0000 0.0000 0.0006 0.0127 0.0017 0.0000 0.0000
2005.4452 0.0000 0.0000 -1.5200 0.1500 7.3700 0.0000 0.0000 0.0000 0.0003 0.0132 0.0037 0.0000 0.0000
2005.4479 0.0000 0.0000 -2.3300 0.3500 1.6400 0.0000 0.0000 0.0000 0.0002 0.0184 0.0017 0.0000 0.0000
2005.4507 0.0000 0.0000 -1.7200 -0.0600 -1.0700 0.0000 0.0000 0.0000 0.0004 0.0180 0.0029 0.0000 0.0000
2005.4534 0.0000 0.0000 -1.7400 -0.9900 -1.4500 0.0000 0.0000 0.0000 0.0003 0.0123 0.0037 0.0000 0.0000
2005.4562 0.0000 0.0000 4.3600 -0.4300 0.8000 0.0000 0.0000 0.0000 0.0003 0.0073 0.0143 0.0000 0.0000
2005.4589 0.0000 0.0000 5.1200 -0.2800 2.2500 0.0000 0.0000 0.0000 0.0002 0.0070 0.0071 0.0000 0.0000
2005.4616 0.0000 0.0000 4.6800 0.9000 6.9100 0.0000 0.0000 0.0000 0.0003 0.0053 0.0068 0.0000 0.0000
2005.4644 0.0000 0.0000 1.9800 0.8200 -6.2800 0.0000 0.0000 0.0000 0.0004 0.0094 0.0060 0.0000 0.0000
2005.4671 0.0000 0.0000 2.0300 -0.5000 -1.9000 0.0000 0.0000 0.0000 0.0006 0.0109 0.0097 0.0000 0.0000
2005.4699 0.0000 0.0000 3.0900 0.7900 -6.2700 0.0000 0.0000 0.0000 0.0019 0.0054 0.0092 0.0000 0.0000
2005.4726 0.0000 0.0000 0.4500 1.3900 -1.8200 0.0000 0.0000 0.0000 0.0012 0.0076 0.0103 0.0000 0.0000
2005.4753 0.0000 0.0000 0.8300 1.7400 -4.1000 0.0000 0.0000 0.0000 0.0013 0.0109 0.0074 0.0000 0.0000
2005.4781 0.0000 0.0000 2.1000 2.2300 -5.8000 0.0000 0.0000 0.0000 0.0024 0.0174 0.0079 0.0000 0.0000
2005.4808 0.0000 0.0000 -0.0800 0.7200 -8.4400 0.0000 0.0000 0.0000 0.0018 0.0256 0.0179 0.0000 0.0000
2005.4836 0.0000 0.0000 0.6200 -0.0100 -4.9600 0.0000 0.0000 0.0000 0.0014 0.0221 0.0276 0.0000 0.0000
2005.4863 0.0000 0.0000 3.1100 0.8200 -2.9100 0.0000 0.0000 0.0000 0.0007 0.0212 0.0297 0.0000 0.0000
2005.4890 0.0000 0.0000 0.4400 1.5800 -2.5100 0.0000 0.0000 0.0000 0.0023 0.0209 0.0222 0.0000 0.0000
2005.4918 0.0000 0.0000 0.0900 2.1100 -5.3900 0.0000 0.0000 0.0000 0.0020 0.0441 0.0281 0.0000 0.0000
2005.4945 0.0000 0.0000 0.6200 0.8900 -8.3800 0.0000 0.0000 0.0000 0.0044 0.0231 0.0232 0.0000 0.0000
2005.4973 0.0000 0.0000 -3.1500 1.9400 -9.5000 0.0000 0.0000 0.0000 0.0086 0.0494 0.0123 0.0000 0.0000
2005.5000 0.0000 0.0000 -2.5800 1.4300 -6.4500 0.0000 0.0000 0.0000 0.0040 0.0329 0.0075 0.0000 0.0000
2005.5027 0.0000 0.0000 -2.7300 2.0400 -9.9600 0.0000 0.0000 0.0000 0.0025 0.0595 0.0062 0.0000 0.0000
2005.5055 0.0000 0.0000 -1.8900 1.9300 -3.7500 0.0000 0.0000 0.0000 0.0009 0.0676 0.0044 0.0000 0.0000
2005.5082 0.0000 0.0000 -1.9900 2.7200 -5.5000 0.0000 0.0000 0.0000 0.0006 0.1186 0.0044 0.0000 0.0000
2005.5110 0.0000 0.0000 -0.6400 1.7000 -5.0900 0.0000 0.0000 0.0000 0.0004 0.0665 0.0048 0.0000 0.0000
2005.5137 0.0000 0.0000 0.5600 -0.3900 -7.7600 0.0000 0.0000 0.0000 0.0002 0.0772 0.0035 0.0000 0.0000
2005.5164 0.0000 0.0000 2.3100 0.5300 -1.1200 0.0000 0.0000 0.0000 0.0001 0.0365 0.0027 0.0000 0.0000
2005.5192 0.0000 0.0000 1.6600 0.6000 -1.5600 0.0000 0.0000 0.0000 0.0001 0.0208 0.0035 0.0000 0.0000
2005.5219 0.0000 0.0000 3.6100 -0.7100 0.4200 0.0000 0.0000 0.0000 0.0001 0.0251 0.0041 0.0000 0.0000
2005.5247 0.0000 0.0000 2.9900 -1.5500 0.5500 0.0000 0.0000 0.0000 0.0001 0.0471 0.0075 0.0000 0.0000
2005.5274 0.0000 0.0000 -1.4400 0.3900 -3.5700 0.0000 0.0000 0.0000 0.0002 0.0656 0.0101 0.0000 0.0000
2005.5301 0.0000 0.0000 -4.9900 2.4600 -7.7300 0.0000 0.0000 0.0000 0.0003 0.0520 0.0073 0.0000 0.0000
2005.5329 0.0000 0.0000 0.6500 0.9800 -2.9600 0.0000 0.0000 0.0000 0.0002 0.0188 0.0046 0.0000 0.0000
2005.5356 0.0000 0.0000 2.0700 -0.3100 -2.0500 0.0000 0.0000 0.0000 0.0002 0.0123 0.0064 0.0000 0.0000
2005.5384 0.0000 0.0000 -1.0700 -0.0700 -7.4700 0.0000 0.0000 0.0000 0.0001 0.0080 0.0030 0.0000 0.0000
2005.5411 0.0000 0.0000 1.4400 -0.9800 -0.4200 0.0000 0.0000 0.0000 0.0002 0.0061 0.0028 0.0000 0.0000
2005.5438 0.0000 0.0000 2.6800 -0.2900 -2.9500 0.0000 0.0000 0.0000 0.0002 0.0053 0.0032 0.0000 0.0000
2005.5466 0.0000 0.0000 3.6900 0.4700 1.6200 0.0000 0.0000 0.0000 0.0003 0.0054 0.0039 0.0000 0.0000
2005.5493 0.0000 0.0000 1.8700 -0.4300 1.1900 0.0000 0.0000 0.0000 0.0003 0.0032 0.0052 0.0000 0.0000
2005.5521 0.0000 0.0000 0.7700 -2.2700 0.4000 0.0000 0.0000 0.0000 0.0002 0.0027 0.0049 0.0000 0.0000
2005.5548 0.0000 0.0000 2.6500 -0.2700 -4.1600 0.0000 0.0000 0.0000 0.0003 0.0031 0.0061 0.0000 0.0000
2005.5575 0.0000 0.0000 -2.0800 1.6700 -9.5100 0.0000 0.0000 0.0000 0.0003 0.0027 0.0013 0.0000 0.0000
2005.5603 0.0000 0.0000 -3.0100 -0.5800 -2.0500 0.0000 0.0000 0.0000 0.0002 0.0011 0.0010 0.0000 0.0000
2005.5630 0.0000 0.0000 -2.4900 -0.1100 -2.6400 0.0000 0.0000 0.0000 0.0001 0.0008 0.0005 0.0000 0.0000
2005.5658 0.0000 0.0000 -0.1100 -0.8600 6.5400 0.0000 0.0000 0.0000 0.0001 0.0009 0.0005 0.0000 0.0000
2005.5685 0.0000 0.0000 2.4700 -1.1600 0.3300 0.0000 0.0000 0.0000 0.0001 0.0010 0.0003 0.0000 0.0000
2005.5712 0.0000 0.0000 0.7800 -0.6800 -1.9300 0.0000 0.0000 0.0000 0.0001 0.0012 0.0004 0.0000 0.0000
2005.5740 0.0000 0.0000 1.1300 -1.2100 0.9200 0.0000 0.0000 0.0000 0.0001 0.0016 0.0004 0.0000 0.0000
2005.5767 0.0000 0.0000 0.1300 -1.3900 2.9500 0.0000 0.0000 0.0000 0.0001 0.0016 0.0005 0.0000 0.0000
2005.5795 0.0000 0.0000 -2.9000 -1.3100 -3.3600 0.0000 0.0000 0.0000 0.0001 0.0012 0.0006 0.0000 0.0000
2005.5822 0.0000 0.0000 -2.1000 -0.4900 -6.4800 0.0000 0.0000 0.0000 0.0000 0.0010 0.0011 0.0000 0.0000
2005.5849 0.0000 0.0000 -1.8000 -0.1700 0.8900 0.0000 0.0000 0.0000 0.0001 0.0010 0.0010 0.0000 0.0000
2005.5877 0.0000 0.0000 0.2600 0.0300 -0.5400 0.0000 0.0000 0.0000 0.0001 0.0010 0.0018 0.0000 0.0000
2005.5904 0.0000 0.0000 1.2900 0.6600 1.3100 0.0000 0.0000 0.0000 0.0001 0.0013 0.0009 0.0000 0.0000
2005.5932 0.0000 0.0000 1.3200 0.1300 4.0800 0.0000 0.0000 0.0000 0.0000 0.0016 0.0007 0.0000 0.0000
2005.5959 0.0000 0.0000 0.0700 0.4900 -6.0500 0.0000 0.0000 0.0000 0.0000 0.0022 0.0013 0.0000 0.0000
2005.5986 0.0000 0.0000 -0.6100 -0.4100 -6.3000 0.0000 0.0000 0.0000 0.0000 0.0035 0.0014 0.0000 0.0000
2005.6014 0.0000 0.0000 1.2600 -0.0800 -0.6500 0.0000 0.0000 0.0000 0.0001 0.0033 0.0014 0.0000 0.0000
2005.6041 0.0000 0.0000 -1.0500 0.3300 -10.5000 0.0000 0.0000 0.0000 0.0000 0.0039 0.0024 0.0000 0.0000
2005.6068 0.0000 0.0000 -0.2200 0.2100 -3.5100 0.0000 0.0000 0.0000 0.0001 0.0030 0.0043 0.0000 0.0000
2005.6096 0.0000 0.0000 -0.5000 0.5000 2.8600 0.0000 0.0000 0.0000 0.0001 0.0034 0.0030 0.0000 0.0000
2005.6123 0.0000 0.0000 -2.0500 -0.6100 -1.4900 0.0000 0.0000 0.0000 0.0000 0.0035 0.0016 0.0000 0.0000
2005.6151 0.0000 0.0000 -2.6100 0.2000 -6.5100 0.0000 0.0000 0.0000 0.0001 0.0012 0.0008 0.0000 0.0000
2005.6178 0.0000 0.0000 0.7800 0.2400 -6.4000 0.0000 0.0000 0.0000 0.0001 0.0010 0.0011 0.0000 0.0000
2005.6205 0.0000 0.0000 1.9400 -0.6700 -8.3800 0.0000 0.0000 0.0000 0.0001 0.0010 0.0010 0.0000 0.0000
2005.6233 0.0000 0.0000 0.9700 0.0400 -7.6700 0.0000 0.0000 0.0000 0.0001 0.0009 0.0010 0.0000 0.0000
2005.6260 0.0000 0.0000 -1.6300 0.9100 -3.0000 0.0000 0.0000 0.0000 0.0000 0.0009 0.0010 0.0000 0.0000
2005.6288 0.0000 0.0000 -1.3900 -0.5100 -5.9700 0.0000 0.0000 0.0000 0.0001 0.0020 0.0007 0.0000 0.0000
2005.6315 0.0000 0.0000 2.5100 -1.7500 -4.0900 0.0000 0.0000 0.0000 0.0000 0.0023 0.0005 0.0000 0.0000
2005.6342 0.0000 0.0000 1.5000 -1.0400 -1.3300 0.0000 0.0000 0.0000 0.0001 0.0018 0.0006 0.0000 0.0000
2005.6370 0.0000 0.0000 -0.8500 -0.4400 -8.9300 0.0000 0.0000 0.0000 0.0001 0.0017 0.0003 0.0000 0.0000
2005.6397 0.0000 0.0000 -1.0200 0.0600 -5.1200 0.0000 0.0000 0.0000 0.0001 0.0020 0.0002 0.0000 0.0000
2005.6425 0.0000 0.0000 -2.4400 -0.8000 -1.3800 0.0000 0.0000 0.0000 0.0000 0.0020 0.0002 0.0000 0.0000
2005.6452 0.0000 0.0000 -3.9500 -0.0600 -5.5800 0.0000 0.0000 0.0000 0.0001 0.0031 0.0002 0.0000 0.0000
2005.6479 0.0000 0.0000 2.7300 -1.4400 3.1900 0.0000 0.0000 0.0000 0.0001 0.0018 0.0002 0.0000 0.0000
2005.6507 0.0000 0.0000 0.6400 0.6300 -3.7600 0.0000 0.0000 0.0000 0.0001 0.0022 0.0002 0.0000 0.0000
2005.6534 0.0000 0.0000 2.1600 0.1700 -2.3400 0.0000 0.0000 0.0000 0.0002 0.0049 0.0003 0.0000 0.0000
2005.6562 0.0000 0.0000 -0.2000 -0.4100 -4.9400 0.0000 0.0000 0.0000 0.0002 0.0025 0.0005 0.0000 0.0000
2005.6589 0.0000 0.0000 -1.8400 -0.6600 -0.1300 0.0000 0.0000 0.0000 0.0002 0.0105 0.0006 0.0000 0.0000
2005.6616 0.0000 0.0000 -3.4300 -3.2300 7.3700 0.0000 0.0000 0.0000 0.0005 0.0089 0.0006 0.0000 0.0000
2005.6644 0.0000 0.0000 -1.8900 -0.5400 7.5200 0.0000 0.0000 0.0000 0.0001 0.0013 0.0005 0.0000 0.0000
2005.6671 0.0000 0.0000 0.0200 -0.1700 1.4100 0.0000 0.0000 0.0000 0.0001 0.0024 0.0002 0.0000 0.0000
2005.6699 0.0000 0.0000 -1.7200 0.7200 -4.8500 0.0000 0.0000 0.0000 0.0001 0.0030 0.0002 0.0000 0.0000
2005.6726 0.0000 0.0000 -0.9700 0.2200 -9.5100 0.0000 0.0000 0.0000 0.0001 0.0037 0.0003 0.0000 0.0000
2005.6753 0.0000 0.0000 -1.2000 -0.1200 -0.6700 0.0000 0.0000 0.0000 0.0001 0.0039 0.0005 0.0000 0.0000
2005.6781 0.0000 0.0000 0.2300 -0.3500 -1.8100 0.0000 0.0000 0.0000 0.0001 0.0047 0.0003 0.0000 0.0000
2005.6808 0.0000 0.0000 -1.2000 -0.5500 0.2600 0.0000 0.0000 0.0000 0.0002 0.0041 0.0002 0.0000 0.0000
2005.6836 0.0000 0.0000 -0.4100 0.6900 -5.2800 0.0000 0.0000 0.0000 0.0002 0.0033 0.0001 0.0000 0.0000
2005.6863 0.0000 0.0000 1.0100 0.2500 -6.5800 0.0000 0.0000 0.0000 0.0003 0.0038 0.0002 0.0000 0.0000
2005.6890 0.0000 0.0000 -0.0400 0.0000 -4.4600 0.0000 0.0000 0.0000 0.0004 0.0042 0.0003 0.0000 0.0000
2005.6918 0.0000 0.0000 -0.3200 -0.7400 -0.9000 0.0000 0.0000 0.0000 0.0006 0.0026 0.0004 0.0000 0.0000
2005.6945 0.0000 0.0000 1.5000 2.0700 -4.5100 0.0000 0.0000 0.0000 0.0006 0.0015 0.0004 0.0000 0.0000
2005.6973 0.0000 0.0000 0.7500 0.2400 -4.3600 0.0000 0.0000 0.0000 0.0008 0.0020 0.0009 0.0000 0.0000
2005.7000 0.0000 0.0000 -0.9200 -0.0100 -9.4300 0.0000 0.0000 0.0000 0.0006 0.0013 0.0009 0.0000 0.0000
2005.7027 0.0000 0.0000 -0.5200 -0.4300 -5.5700 0.0000 0.0000 0.0000 0.0009 0.0012 0.0011 0.0000 0.0000
2005.7055 0.0000 0.0000 -1.0100 0.3800 -10.0400 0.0000 0.0000 0.0000 0.0010 0.0008 0.0011 0.0000 0.0000
2005.7082 0.0000 0.0000 0.0000 0.4700 -6.4700 0.0000 0.0000 0.0000 0.0010 0.0011 0.0007 0.0000 0.0000
2005.7110 0.0000 0.0000 -0.8900 0.0000 -6.8000 0.0000 0.0000 0.0000 0.0012 0.0010 0.0006 0.0000 0.0000
2005.7137 0.0000 0.0000 -1.7200 0.3700 -5.4300 0.0000 0.0000 0.0000 0.0019 0.0013 0.0006 0.0000 0.0000
2005.7164 0.0000 0.0000 -0.1900 -0.3800 -1.9900 0.0000 0.0000 0.0000 0.0023 0.0015 0.0005 0.0000 0.0000
2005.7192 0.0000 0.0000 -0.1400 -0.2400 -2.6400 0.0000 0.0000 0.0000 0.0012 0.0019 0.0006 0.0000 0.0000
2005.7219 0.0000 0.0000 -0.7000 -0.1500 -3.0900 0.0000 0.0000 0.0000 0.0015 0.0020 0.0006 0.0000 0.0000
2005.7247 0.0000 0.0000 -3.2000 0.0400 -6.4300 0.0000 0.0000 0.0000 0.0026 0.0014 0.0006 0.0000 0.0000
2005.7274 0.0000 0.0000 -1.1400 -0.5000 -3.5800 0.0000 0.0000 0.0000 0.0026 0.0016 0.0006 0.0000 0.0000
2005.7301 0.0000 0.0000 -2.9900 -0.9500 2.2400 0.0000 0.0000 0.0000 0.0045 0.0023 0.0005 0.0000 0.0000
2005.7329 0.0000 0.0000 -0.8800 0.0500 3.3300 0.0000 0.0000 0.0000 0.0033 0.0021 0.0009 0.0000 0.0000
2005.7356 0.0000 0.0000 -0.2500 -0.7700 -2.6500 0.0000 0.0000 0.0000 0.0017 0.0040 0.0009 0.0000 0.0000
2005.7384 0.0000 0.0000 -0.0200 -0.3100 -3.1300 0.0000 0.0000 0.0000 0.0010 0.0048 0.0012 0.0000 0.0000
2005.7411 0.0000 0.0000 -0.5200 1.6500 0.9000 0.0000 0.0000 0.0000 0.0006 0.0050 0.0016 0.0000 0.0000
2005.7438 0.0000 0.0000 -3.2100 0.3400 0.8800 0.0000 0.0000 0.0000 0.0004 0.0040 0.0028 0.0000 0.0000
2005.7466 0.0000 0.0000 -4.0600 0.5700 -8.6100 0.0000 0.0000 0.0000 0.0036 0.0015 0.0033 0.0000 0.0000
2005.7493 0.0000 0.0000 -0.7300 -0.2400 -3.6600 0.0000 0.0000 0.0000 0.0040 0.0026 0.0008 0.0000 0.0000
2005.7521 0.0000 0.0000 0.4800 -0.9900 -2.5500 0.0000 0.0000 0.0000 0.0015 0.0024 0.0016 0.0000 0.0000
2005.7548 0.0000 0.0000 -0.3600 -0.3800 -5.6300 0.0000 0.0000 0.0000 0.0013 0.0036 0.0008 0.0000 0.0000
2005.7575 0.0000 0.0000 -2.3600 -0.0800 -1.2500 0.0000 0.0000 0.0000 0.0020 0.0018 0.0009 0.0000 0.0000
2005.7603 0.0000 0.0000 -0.4000 0.1800 -3.0100 0.0000 0.0000 0.0000 0.0015 0.0021 0.0012 0.0000 0.0000
2005.7630 0.0000 0.0000 -0.4000 -1.6600 -6.5900 0.0000 0.0000 0.0000 0.0009 0.0025 0.0011 0.0000 0.0000
2005.7658 0.0000 0.0000 -3.4800 -1.1900 -4.6800 0.0000 0.0000 0.0000 0.0012 0.0079 0.0004 0.0000 0.0000
2005.7685 0.0000 0.0000 -3.6000 -0.5100 1.6400 0.0000 0.0000 0.0000 0.0016 0.0068 0.0009 0.0000 0.0000
2005.7712 0.0000 0.0000 -2.3800 1.1300 -5.2200 0.0000 0.0000 0.0000 0.0007 0.0049 0.0004 0.0000 0.0000
2005.7740 0.0000 0.0000 -2.1800 0.2100 3.6100 0.0000 0.0000 0.0000 0.0004 0.0028 0.0003 0.0000 0.0000
2005.7767 0.0000 0.0000 -5.4500 0.1500 0.1400 0.0000 0.0000 0.0000 0.0004 0.0015 0.0007 0.0000 0.0000
2005.7795 0.0000 0.0000 -4.4400 -0.8800 -5.6100 0.0000 0.0000 0.0000 0.0003 0.0027 0.0005 0.0000 0.0000
2005.7822 0.0000 0.0000 -1.7400 0.1500 2.7000 0.0000 0.0000 0.0000 0.0001 0.0038 0.0006 0.0000 0.0000
2005.7849 0.0000 0.0000 0.9400 1.0000 -2.3500 0.0000 0.0000 0.0000 0.0001 0.0006 0.0008 0.0000 0.0000
2005.7877 0.0000 0.0000 -0.5400 -1.2400 0.7100 0.0000 0.0000 0.0000 0.0000 0.0024 0.0007 0.0000 0.0000
2005.7904 0.0000 0.0000 -4.4100 -2.6000 2.1900 0.0000 0.0000 0.0000 0.0000 0.0043 0.0007 0.0000 0.0000
2005.7932 0.0000 0.0000 -1.4700 -0.2600 2.6500 0.0000 0.0000 0.0000 0.0000 0.0020 0.0006 0.0000 0.0000
2005.7959 0.0000 0.0000 1.3200 -2.6400 2.1500 0.0000 0.0000 0.0000 0.0000 0.0033 0.0008 0.0000 0.0000
2005.7986 0.0000 0.0000 -1.2900 -2.1200 0.4300 0.0000 0.0000 0.0000 0.0000 0.0029 0.0006 0.0000 0.0000
2005.8014 0.0000 0.0000 -0.2700 -0.6000 0.6600 0.0000 0.0000 0.0000 0.0002 0.0033 0.0005 0.0000 0.0000
2005.8041 0.0000 0.0000 -3.9200 -1.2200 -3.1400 0.0000 0.0000 0.0000 0.0002 0.0016 0.0010 0.0000 0.0000
2005.8068 0.0000 0.0000 -2.4900 -0.4500 -2.8000 0.0000 0.0000 0.0000 0.0001 0.0008 0.0007 0.0000 0.0000
2005.8096 0.0000 0.0000 -1.5000 -0.1500 -0.5500 0.0000 0.0000 0.0000 0.0002 0.0006 0.0005 0.0000 0.0000
2005.8123 0.0000 0.0000 -3.4600 -2.1300 -7.6100 0.0000 0.0000 0.0000 0.0001 0.0005 0.0007 0.0000 0.0000
2005.8151 0.0000 0.0000 -1.3100 -1.4800 -8.5200 0.0000 0.0000 0.0000 0.0001 0.0005 0.0006 0.0000 0.0000
2005.8178 0.0000 0.0000 -1.9700 -0.2500 -3.0300 0.0000 0.0000 0.0000 0.0001 0.0006 0.0005 0.0000 0.0000
2005.8205 0.0000 0.0000 0.5000 -1.2400 -2.2300 0.0000 0.0000 0.0000 0.0001 0.0007 0.0005 0.0000 0.0000
2005.8233 0.0000 0.0000 0.0500 -1.6300 1.1100 0.0000 0.0000 0.0000 0.0001 0.0010 0.0004 0.0000 0.0000
2005.8260 0.0000 0.0000 -0.8900 -0.8500 0.4700 0.0000 0.0000 0.0000 0.0001 0.0014 0.0004 0.0000 0.0000
2005.8288 0.0000 0.0000 -1.3900 -0.5200 -1.7100 0.0000 0.0000 0.0000 0.0002 0.0021 0.0004 0.0000 0.0000
2005.8315 0.0000 0.0000 -1.3200 -0.7500 -2.0100 0.0000 0.0000 0.0000 0.0002 0.0030 0.0004 0.0000 0.0000
2005.8342 0.0000 0.0000 -0.2100 -0.6400 -2.9700 0.0000 0.0000 0.0000 0.0001 0.0058 0.0004 0.0000 0.0000
2005.8370 0.0000 0.0000 -1.3000 -1.1200 -4.4100 0.0000 0.0000 0.0000 0.0001 0.0106 0.0003 0.0000 0.0000
2005.8397 0.0000 0.0000 0.5000 -2.1500 -4.8800 0.0000 0.0000 0.0000 0.0001 0.0103 0.0002 0.0000 0.0000
2005.8425 0.0000 0.0000 -1.3800 -0.6800 -3.7800 0.0000 0.0000 0.0000 0.0001 0.0234 0.0002 0.0000 0.0000
2005.8452 0.0000 0.0000 -1.3600 -2.9600 -2.3400 0.0000 0.0000 0.0000 0.0000 0.0164 0.0001 0.0000 0.0000
2005.8479 0.0000 0.0000 -0.3500 -1.3400 3.4100 0.0000 0.0000 0.0000 0.0000 0.0116 0.0002 0.0000 0.0000
2005.8507 0.0000 0.0000 -0.8900 -1.9200 -1.8700 0.0000 0.0000 0.0000 0.0000 0.0155 0.0001 0.0000 0.0000
2005.8534 0.0000 0.0000 -3.7400 -2.6600 3.0500 0.0000 0.0000 0.0000 0.0001 0.0116 0.0003 0.0000 0.0000
2005.8562 0.0000 0.0000 -3.3900 -0.7000 -3.1000 0.0000 0.0000 0.0000 0.0001 0.0114 0.0002 0.0000 0.0000
2005.8589 0.0000 0.0000 -2.2400 -1.5900 0.0500 0.0000 0.0000 0.0000 0.0000 0.0205 0.0003 0.0000 0.0000
2005.8616 0.0000 0.0000 -1.9100 -2.0200 -1.9300 0.0000 0.0000 0.0000 0.0000 0.0125 0.0004 0.0000 0.0000
2005.8644 0.0000 0.0000 -0.7400 -0.0600 0.5000 0.0000 0.0000 0.0000 0.0000 0.0158 0.0004 0.0000 0.0000
2005.8671 0.0000 0.0000 -1.3200 -0.8000 -0.3500 0.0000 0.0000 0.0000 0.0000 0.0165 0.0006 0.0000 0.0000
2005.8699 0.0000 0.0000 -1.5900 -0.6500 -3.0900 0.0000 0.0000 0.0000 0.0000 0.0257 0.0009 0.0000 0.0000
2005.8726 0.0000 0.0000 -5.3900 -1.3000 3.3800 0.0000 0.0000 0.0000 0.0001 0.0303 0.0008 0.0000 0.0000
2005.8753 0.0000 0.0000 -0.8600 -0.7000 1.2700 0.0000 0.0000 0.0000 0.0000 0.0272 0.0016 0.0000 0.0000
2005.8781 0.0000 0.0000 -1.1700 -0.9100 -4.0100 0.0000 0.0000 0.0000 0.0000 0.0311 0.0014 0.0000 0.0000
2005.8808 0.0000 0.0000 -0.9600 -0.6700 1.9000 0.0000 0.0000 0.0000 0.0001 0.0246 0.0020 0.0000 0.0000
2005.8836 0.0000 0.0000 -1.3100 -0.0200 0.0400 0.0000 0.0000 0.0000 0.0001 0.0354 0.0011 0.0000 0.0000
2005.8863 0.0000 0.0000 -1.5100 -0.9400 -3.8000 0.0000 0.0000 0.0000 0.0000 0.0358 0.0013 0.0000 0.0000
2005.8890 0.0000 0.0000 -0.2100 -0.7300 -4.8600 0.0000 0.0000 0.0000 0.0001 0.0258 0.0035 0.0000 0.0000
2005.8918 0.0000 0.0000 -0.7200 -1.5000 0.0500 0.0000 0.0000 0.0000 0.0001 0.0185 0.0016 0.0000 0.0000
2005.8945 0.0000 0.0000 -3.0100 -0.8200 -3.1500 0.0000 0.0000 0.0000 0.0001 0.0058 0.0016 0.0000 0.0000
2005.8973 0.0000 0.0000 -0.8100 0.1600 -5.3100 0.0000 0.0000 0.0000 0.0000 0.0040 0.0014 0.0000 0.0000
2005.9000 0.0000 0.0000 -0.4900 -1.1300 -3.4700 0.0000 0.0000 0.0000 0.0001 0.0033 0.0020 0.0000 0.0000
2005.9027 0.0000 0.0000 -1.8200 -0.3900 -4.5900 0.0000 0.0000 0.0000 0.0000 0.0015 0.0012 0.0000 0.0000
2005.9055 0.0000 0.0000 -1.5700 0.5800 -5.6400 0.0000 0.0000 0.0000 0.0000 0.0020 0.0017 0.0000 0.0000
2005.9082 0.0000 0.0000 0.4400 -0.8000 -9.3400 0.0000 0.0000 0.0000 0.0001 0.0015 0.0017 0.0000 0.0000
2005.9110 0.0000 0.0000 0.1900 0.1800 -5.7700 0.0000 0.0000 0.0000 0.0002 0.0008 0.0009 0.0000 0.0000
2005.9137 0.0000 0.0000 -0.2800 0.1400 -0.5400 0.0000 0.0000 0.0000 0.0006 0.0013 0.0001 0.0000 0.0000
2005.9164 0.0000 0.0000 0.6100 -3.0100 1.8500 0.0000 0.0000 0.0000 0.0012 0.0008 0.0001 0.0000 0.0000
2005.9192 0.0000 0.0000 -1.3700 -0.7800 -10.7600 0.0000 0.0000 0.0000 0.0026 0.0016 0.0001 0.0000 0.0000
2005.9219 0.0000 0.0000 -2.4000 -1.2200 -6.3500 0.0000 0.0000 0.0000 0.0041 0.0012 0.0001 0.0000 0.0000
2005.9247 0.0000 0.0000 -1.9300 -0.2600 -0.8200 0.0000 0.0000 0.0000 0.0080 0.0016 0.0001 0.0000 0.0000
2005.9274 0.0000 0.0000 -0.9500 -0.2800 0.1500 0.0000 0.0000 0.0000 0.0236 0.0023 0.0001 0.0000 0.0000
2005.9301 0.0000 0.0000 -0.5500 -0.0700 1.2900 0.0000 0.0000 0.0000 0.0418 0.0024 0.0001 0.0000 0.0000
2005.9329 0.0000 0.0000 -1.7700 -0.3200 -6.6400 0.0000 0.0000 0.0000 0.0618 0.0042 0.0001 0.0000 0.0000
2005.9356 0.0000 0.0000 -2.9000 -2.1000 -1.7400 0.0000 0.0000 0.0000 0.0902 0.0094 0.0004 0.0000 0.0000
2005.9384 0.0000 0.0000 -1.6300 -0.4200 -3.4300 0.0000 0.0000 0.0000 0.1613 0.0218 0.0004 0.0000 0.0000
2005.9411 0.0000 0.0000 -1.4400 -0.5500 3.2300 0.0000 0.0000 0.0000 0.2646 0.0269 0.0005 0.0000 0.0000
2005.9438 0.0000 0.0000 -2.7100 -0.8400 -0.8500 0.0000 0.0000 0.0000 0.3338 0.0258 0.0005 0.0000 0.0000
2005.9466 0.0000 0.0000 -1.6400 -0.3000 -2.2200 0.0000 0.0000 0.0000 0.3600 0.0363 0.0007 0.0000 0.0000
2005.9493 0.0000 0.0000 -1.3000 -0.9300 -1.8700 0.0000 0.0000 0.0000 0.4161 0.0442 0.0007 0.0000 0.0000
2005.9521 0.0000 0.0000 -2.3300 -0.6900 -0.6800 0.0000 0.0000 0.0000 0.3849 0.0445 0.0006 0.0000 0.0000
2005.9548 0.0000 0.0000 -1.6100 -1.0700 -2.5100 0.0000 0.0000 0.0000 0.3167 0.0617 0.0011 0.0000 0.0000
2005.9575 0.0000 0.0000 -0.8700 -1.0300 -2.7500 0.0000 0.0000 0.0000 0.4460 0.0796 0.0016 0.0000 0.0000
2005.9603 0.0000 0.0000 -1.0500 -0.4800 -5.1700 0.0000 0.0000 0.0000 0.4393 0.0402 0.0036 0.0000 0.0000
2005.9630 0.0000 0.0000 -0.6000 -2.0800 -10.7900 0.0000 0.0000 0.0000 0.2751 0.0893 0.0106 0.0000 0.0000
2005.9658 0.0000 0.0000 2.2900 -3.8200 -11.1600 0.0000 0.0000 0.0000 0.3072 0.1971 0.0099 0.0000 0.0000
2005.9685 0.0000 0.0000 2.6200 -0.0800 -7.1500 0.0000 0.0000 0.0000 0.3776 0.0747 0.0080 0.0000 0.0000
2005.9712 0.0000 0.0000 1.5400 -3.2900 -3.6100 0.0000 0.0000 0.0000 0.1267 0.1419 0.0182 0.0000 0.0000
2005.9740 0.0000 0.0000 0.2200 -3.5200 -2.4000 0.0000 0.0000 0.0000 0.0546 0.0753 0.0303 0.0000 0.0000
2005.9767 0.0000 0.0000 -1.9900 -2.4900 -8.4800 0.0000 0.0000 0.0000 0.0551 0.1392 0.0139 0.0000 0.0000
2005.9795 0.0000 0.0000 0.9200 -0.2900 -8.5200 0.0000 0.0000 0.0000 0.0686 0.0564 0.0068 0.0000 0.0000
2005.9822 0.0000 0.0000 1.1900 0.1300 -14.3600 0.0000 0.0000 0.0000 0.0753 0.0190 0.0057 0.0000 0.0000
2005.9849 0.0000 0.0000 0.1500 -0.9900 -5.4600 0.0000 0.0000 0.0000 0.0415 0.0116 0.0033 0.0000 0.0000
2005.9877 0.0000 0.0000 -0.7800 -4.4100 -6.8800 0.0000 0.0000 0.0000 0.0170 0.0040 0.0039 0.0000 0.0000
2005.9904 0.0000 0.0000 1.5400 -3.0500 -0.2300 0.0000 0.0000 0.0000 0.0193 0.0030 0.0060 0.0000 0.0000
2005.9932 0.0000 0.0000 -0.6000 -1.1900 -7.6000 0.0000 0.0000 0.0000 0.0066 0.0032 0.0020 0.0000 0.0000
2005.9959 0.0000 0.0000 2.3200 -4.4900 -4.1100 0.0000 0.0000 0.0000 0.0044 0.0020 0.0017 0.0000 0.0000
2005.9986 0.0000 0.0000 -0.3100 -3.1800 2.1300 0.0000 0.0000 0.0000 0.0021 0.0014 0.0029 0.0000 0.0000
2006.0014 0.0000 0.0000 1.3100 -3.3500 -11.5500 0.0000 0.0000 0.0000 0.0013 0.0013 0.0008 0.0000 0.0000
2006.0041 0.0000 0.0000 -0.7900 -2.6600 1.0900 0.0000 0.0000 0.0000 0.0005 0.0009 0.0015 0.0000 0.0000
2006.0068 0.0000 0.0000 2.3200 -1.8000 -5.1400 0.0000 0.0000 0.0000 0.0006 0.0005 0.0013 0.0000 0.0000
2006.0096 0.0000 0.0000 -0.4200 -0.3700 0.8600 0.0000 0.0000 0.0000 0.0003 0.0003 0.0021 0.0000 0.0000
2006.0123 0.0000 0.0000 1.7900 1.1800 -2.2500 0.0000 0.0000 0.0000 0.0005 0.0001 0.0018 0.0000 0.0000
2006.0151 0.0000 0.0000 0.5900 0.9100 4.5300 0.0000 0.0000 0.0000 0.0003 0.0001 0.0018 0.0000 0.0000
2006.0178 0.0000 0.0000 -1.5300 -2.9200 2.5900 0.0000 0.0000 0.0000 0.0002 0.0000 0.0029 0.0000 0.0000
2006.0205 0.0000 0.0000 1.1600 -1.2800 2.9100 0.0000 0.0000 0.0000 0.0004 0.0000 0.0040 0.0000 0.0000
2006.0233 0.0000 0.0000 -0.8900 -1.6300 -0.3800 0.0000 0.0000 0.0000 0.0003 0.0000 0.0042 0.0000 0.0000
2006.0260 0.0000 0.0000 0.3900 -0.5400 2.4700 0.0000 0.0000 0.0000 0.0004 0.0001 0.0040 0.0000 0.0000
2006.0288 0.0000 0.0000 0.9100 -3.2100 -2.3000 0.0000 0.0000 0.0000 0.0008 0.0000 0.0033 0.0000 0.0000
2006.0315 0.0000 0.0000 -1.4100 -3.6400 2.0500 0.0000 0.0000 0.0000 0.0003 0.0000 0.0026 0.0000 0.0000
2006.0342 0.0000 0.0000 0.8000 -2.8500 -6.1700 0.0000 0.0000 0.0000 0.0010 0.0000 0.0018 0.0000 0.0000
2006.0370 0.0000 0.0000 -2.4300 -2.2700 -1.0800 0.0000 0.0000 0.0000 0.0005 0.0000 0.0006 0.0000 0.0000
2006.0397 0.0000 0.0000 -1.3300 -0.7700 -2.8800 0.0000 0.0000 0.0000 0.0003 0.0000 0.0004 0.0000 0.0000
2006.0425 0.0000 0.0000 -2.1500 -4.4300 1.4600 0.0000 0.0000 0.0000 0.0003 0.0000 0.0005 0.0000 0.0000
2006.0452 0.0000 0.0000 -0.8900 -2.0900 -1.4800 0.0000 0.0000 0.0000 0.0002 0.0000 0.0002 0.0000 0.0000
2006.0479 0.0000 0.0000 -0.9300 -3.2000 2.1900 0.0000 0.0000 0.0000 0.0002 0.0000 0.0002 0.0000 0.0000
2006.0507 0.0000 0.0000 -1.1400 -1.3100 -4.1400 0.0000 0.0000 0.0000 0.0001 0.0000 0.0001 0.0000 0.0000
2006.0534 0.0000 0.0000 -1.0900 -1.5100 -2.2000 0.0000 0.0000 0.0000 0.0002 0.0000 0.0001 0.0000 0.0000
2006.0562 0.0000 0.0000 -0.8400 -1.1300 -2.8100 0.0000 0.0000 0.0000 0.0002 0.0000 0.0001 0.0000 0.0000
2006.0589 0.0000 0.0000 -1.8600 -0.2100 -1.0300 0.0000 0.0000 0.0000 0.0001 0.0000 0.0001 0.0000 0.0000
2006.0616 0.0000 0.0000 -0.5500 -1.3700 -0.8100 0.0000 0.0000 0.0000 0.0001 0.0001 0.0003 0.0000 0.0000
2006.0644 0.0000 0.0000 -1.3400 -1.2800 2.1500 0.0000 0.0000 0.0000 0.0000 0.0001 0.0002 0.0000 0.0000
2006.0671 0.0000 0.0000 -0.4700 -1.5900 0.3600 0.0000 0.0000 0.0000 0.0001 0.0001 0.0003 0.0000 0.0000
2006.0699 0.0000 0.0000 -1.1600 -1.9400 -7.1900 0.0000 0.0000 0.0000 0.0001 0.0001 0.0002 0.0000 0.0000
2006.0726 0.0000 0.0000 -4.2300 -0.9900 -10.1800 0.0000 0.0000 0.0000 0.0000 0.0001 0.0004 0.0000 0.0000
2006.0753 0.0000 0.0000 -1.8300 -3.5300 -3.4600 0.0000 0.0000 0.0000 0.0000 0.0001 0.0003 0.0000 0.0000
2006.0781 0.0000 0.0000 -2.3000 -2.1200 -0.7000 0.0000 0.0000 0.0000 0.0000 0.0001 0.0005 0.0000 0.0000
2006.0808 0.0000 0.0000 -1.0100 -1.3700 -3.0200 0.0000 0.0000 0.0000 0.0000 0.0001 0.0004 0.0000 0.0000
2006.0836 0.0000 0.0000 -0.9900 -0.7000 -5.7200 0.0000 0.0000 0.0000 0.0000 0.0001 0.0003 0.0000 0.0000
2006.0863 0.0000 0.0000 -1.0900 -3.2100 -7.3200 0.0000 0.0000 0.0000 0.0000 0.0001 0.0003 0.0000 0.0000
2006.0890 0.0000 0.0000 -0.1500 -1.0500 0.1300 0.0000 0.0000 0.0000 0.0000 0.0001 0.0004 0.0000 0.0000
2006.0918 0.0000 0.0000 -2.8100 -1.6600 -7.1900 0.0000 0.0000 0.0000 0.0000 0.0002 0.0002 0.0000 0.0000
2006.0945 0.0000 0.0000 -0.6500 -1.6600 -2.6100 0.0000 0.0000 0.0000 0.0000 0.0002 0.0002 0.0000 0.0000
2006.0973 0.0000 0.0000 -1.9400 -0.6400 -4.0100 0.0000 0.0000 0.0000 0.0000 0.0003 0.0002 0.0000 0.0000
2006.1000 0.0000 0.0000 -2.5400 -1.3900 0.7900 0.0000 0.0000 0.0000 0.0000 0.0003 0.0002 0.0000 0.0000
2006.1027 0.0000 0.0000 -2.9500 -1.3600 -0.4500 0.0000 0.0000 0.0000 0.0001 0.0003 0.0002 0.0000 0.0000
2006.1055 0.0000 0.0000 -5.6100 -1.2900 1.0100 0.0000 0.0000 0.0000 0.0002 0.0002 0.0002 0.0000 0.0000
2006.1082 0.0000 0.0000 -2.3600 -1.2400 1.3200 0.0000 0.0000 0.0000 0.0000 0.0003 0.0003 0.0000 0.0000
2006.1110 0.0000 0.0000 -2.3300 -2.5600 0.6300 0.0000 0.0000 0.0000 0.0000 0.0002 0.0004 0.0000 0.0000
2006.1137 0.0000 0.0000 -2.4000 -1.5900 -1.5100 0.0000 0.0000 0.0000 0.0003 0.0003 0.0006 0.0000 0.0000
2006.1164 0.0000 0.0000 -8.0000 -2.0500 -4.2100 0.0000 0.0000 0.0000 0.0013 0.0002 0.0006 0.0000 0.0000
2006.1192 0.0000 0.0000 -7.3700 -0.7200 1.1100 0.0000 0.0000 0.0000 0.0025 0.0002 0.0015 0.0000 0.0000
2006.1219 0.0000 0.0000 -4.2800 -1.2400 -5.1100 0.0000 0.0000 0.0000 0.0027 0.0002 0.0011 0.0000 0.0000
2006.1247 0.0000 0.0000 -3.5000 -0.5000 -3.5700 0.0000 0.0000 0.0000 0.0046 0.0002 0.0009 0.0000 0.0000
2006.1274 0.0000 0.0000 -1.8400 -0.4400 -5.5000 0.0000 0.0000 0.0000 0.0111 0.0002 0.0008 0.0000 0.0000
2006.1301 0.0000 0.0000 -2.4700 -0.6800 -1.3100 0.0000 0.0000 0.0000 0.0237 0.0003 0.0008 0.0000 0.0000
2006.1329 0.0000 0.0000 -2.7500 -0.7400 -3.3900 0.0000 0.0000 0.0000 0.0468 0.0003 0.0009 0.0000 0.0000
2006.1356 0.0000 0.0000 -3.3900 -0.2600 -5.4900 0.0000 0.0000 0.0000 0.0958 0.0003 0.0006 0.0000 0.0000
2006.1384 0.0000 0.0000 -3.4700 -0.5500 -1.3400 0.0000 0.0000 0.0000 0.2668 0.0003 0.0005 0.0000 0.0000
2006.1411 0.0000 0.0000 -2.7100 -0.4600 2.2400 0.0000 0.0000 0.0000 0.4031 0.0004 0.0005 0.0000 0.0000
2006.1438 0.0000 0.0000 -5.4100 -2.6000 7.4300 0.0000 0.0000 0.0000 0.7326 0.0002 0.0009 0.0000 0.0000
2006.1466 0.0000 0.0000 -5.7900 -1.7400 5.7800 0.0000 0.0000 0.0000 0.7011 0.0005 0.0012 0.0000 0.0000
2006.1493 0.0000 0.0000 -5.3700 -0.4100 -2.0300 0.0000 0.0000 0.0000 0.6887 0.0002 0.0007 0.0000 0.0000
2006.1521 0.0000 0.0000 -1.6200 -1.4800 3.5400 0.0000 0.0000 0.0000 0.6323 0.0000 0.0015 0.0000 0.0000
2006.1548 0.0000 0.0000 0.7800 0.8400 -4.8800 0.0000 0.0000 0.0000 0.2863 0.0002 0.0015 0.0000 0.0000
2006.1575 0.0000 0.0000 -0.2800 -5.4000 -2.0800 0.0000 0.0000 0.0000 0.4588 0.0012 0.0004 0.0000 0.0000
2006.1603 0.0000 0.0000 -0.0200 -1.1600 0.2000 0.0000 0.0000 0.0000 0.3577 0.0002 0.0006 0.0000 0.0000
2006.1630 0.0000 0.0000 -1.4900 0.4800 -4.6700 0.0000 0.0000 0.0000 0.2404 0.0004 0.0002 0.0000 0.0000
2006.1658 0.0000 0.0000 3.3500 -0.0700 9.9400 0.0000 0.0000 0.0000 0.0959 0.0003 0.0004 0.0000 0.0000
2006.2041 0.0000 0.0000 4.2100 3.3000 -5.8100 0.0000 0.0000 0.0000 0.0036 0.0004 0.0032 0.0000 0.0000
2006.2068 0.0000 0.0000 1.7900 0.8100 -3.8000 0.0000 0.0000 0.0000 0.0046 0.0007 0.0084 0.0000 0.0000
2006.2096 0.0000 0.0000 0.1800 0.0300 -0.1100 0.0000 0.0000 0.0000 0.0050 0.0008 0.0050 0.0000 0.0000
2006.2123 0.0000 0.0000 -0.0200 0.4900 -2.5500 0.0000 0.0000 0.0000 0.0063 0.0008 0.0037 0.0000 0.0000
2006.2151 0.0000 0.0000 0.1400 0.7600 1.5100 0.0000 0.0000 0.0000 0.0047 0.0008 0.0019 0.0000 0.0000
2006.2178 0.0000 0.0000 0.4500 1.6000 -1.2300 0.0000 0.0000 0.0000 0.0033 0.0008 0.0019 0.0000 0.0000
2006.2205 0.0000 0.0000 1.5200 2.2600 -4.1500 0.0000 0.0000 0.0000 0.0017 0.0015 0.0013 0.0000 0.0000
2006.2233 0.0000 0.0000 3.3500 3.8800 -5.6300 0.0000 0.0000 0.0000 0.0012 0.0009 0.0024 0.0000 0.0000
2006.2260 0.0000 0.0000 3.2600 3.6400 -1.2000 0.0000 0.0000 0.0000 0.0011 0.0018 0.0020 0.0000 0.0000
2006.2288 0.0000 0.0000 1.4400 1.1200 -0.4200 0.0000 0.0000 0.0000 0.0015 0.0005 0.0014 0.0000 0.0000
2006.2315 0.0000 0.0000 1.3900 2.0000 -1.9500 0.0000 0.0000 0.0000 0.0027 0.0009 0.0013 0.0000 0.0000
2006.2342 0.0000 0.0000 1.5700 1.4900 3.5200 0.0000 0.0000 0.0000 0.0023 0.0011 0.0005 0.0000 0.0000
2006.2370 0.0000 0.0000 4.9700 2.7800 -0.4400 0.0000 0.0000 0.0000 0.0019 0.0013 0.0009 0.0000 0.0000
2006.2397 0.0000 0.0000 -0.7200 -0.1200 -4.5100 0.0000 0.0000 0.0000 0.0014 0.0014 0.0006 0.0000 0.0000
2006.2425 0.0000 0.0000 0.2200 0.9100 -0.5800 0.0000 0.0000 0.0000 0.0012 0.0038 0.0005 0.0000 0.0000
2006.2452 0.0000 0.0000 3.7800 2.7400 -5.2200 0.0000 0.0000 0.0000 0.0006 0.0023 0.0005 0.0000 0.0000
2006.2479 0.0000 0.0000 1.7700 1.3300 -5.6100 0.0000 0.0000 0.0000 0.0002 0.0023 0.0006 0.0000 0.0000
2006.2507 0.0000 0.0000 1.9000 1.7300 -2.9200 0.0000 0.0000 0.0000 0.0002 0.0024 0.0004 0.0000 0.0000
2006.2534 0.0000 0.0000 1.2000 1.7100 1.8800 0.0000 0.0000 0.0000 0.0002 0.0022 0.0002 0.0000 0.0000
2006.2562 0.0000 0.0000 0.8100 0.6100 -3.1300 0.0000 0.0000 0.0000 0.0002 0.0023 0.0001 0.0000 0.0000
2006.2589 0.0000 0.0000 0.9400 -0.4000 -3.4400 0.0000 0.0000 0.0000 0.0002 0.0030 0.0001 0.0000 0.0000
2006.2616 0.0000 0.0000 2.0200 0.4300 1.0600 0.0000 0.0000 0.0000 0.0003 0.0035 0.0000 0.0000 0.0000
2006.2644 0.0000 0.0000 -0.7700 0.3700 2.1900 0.0000 0.0000 0.0000 0.0001 0.0034 0.0001 0.0000 0.0000
2006.2671 0.0000 0.0000 1.0800 1.9300 -1.5100 0.0000 0.0000 0.0000 0.0002 0.0034 0.0000 0.0000 0.0000
2006.2699 0.0000 0.0000 0.6100 0.6600 0.0400 0.0000 0.0000 0.0000 0.0001 0.0024 0.0000 0.0000 0.0000
2006.2726 0.0000 0.0000 1.3200 0.7200 -6.8800 0.0000 0.0000 0.0000 0.0002 0.0014 0.0001 0.0000 0.0000
2006.2753 0.0000 0.0000 1.5100 0.7800 -15.7500 0.0000 0.0000 0.0000 0.0002 0.0015 0.0004 0.0000 0.0000
2006.2781 0.0000 0.0000 3.7800 1.8200 -0.5700 0.0000 0.0000 0.0000 0.0003 0.0013 0.0001 0.0000 0.0000
2006.2808 0.0000 0.0000 1.3200 1.2300 -2.2700 0.0000 0.0000 0.0000 0.0005 0.0008 0.0001 0.0000 0.0000
2006.2836 0.0000 0.0000 0.1800 1.3500 3.0100 0.0000 0.0000 0.0000 0.0005 0.0007 0.0000 0.0000 0.0000
2006.2863 0.0000 0.0000 2.2400 1.5800 5.4500 0.0000 0.0000 0.0000 0.0010 0.0005 0.0001 0.0000 0.0000
2006.2890 0.0000 0.0000 2.1800 1.3000 -7.5600 0.0000 0.0000 0.0000 0.0010 0.0005 0.0001 0.0000 0.0000
2006.2918 0.0000 0.0000 1.5800 1.4200 -5.0100 0.0000 0.0000 0.0000 0.0011 0.0004 0.0001 0.0000 0.0000
2006.2945 0.0000 0.0000 0.6300 2.9600 -2.2100 0.0000 0.0000 0.0000 0.0020 0.0006 0.0001 0.0000 0.0000
2006.2973 0.0000 0.0000 0.3600 1.5300 -0.5700 0.0000 0.0000 0.0000 0.0042 0.0007 0.0001 0.0000 0.0000
2006.3000 0.0000 0.0000 -0.1200 0.7000 -3.5500 0.0000 0.0000 0.0000 0.0084 0.0006 0.0001 0.0000 0.0000
2006.3027 0.0000 0.0000 -0.8900 -0.1600 1.9900 0.0000 0.0000 0.0000 0.0223 0.0006 0.0001 0.0000 0.0000
2006.3055 0.0000 0.0000 -0.1500 2.1900 -1.4700 0.0000 0.0000 0.0000 0.0242 0.0005 0.0001 0.0000 0.0000
2006.3082 0.0000 0.0000 3.7300 1.4800 -0.7200 0.0000 0.0000 0.0000 0.0011 0.0007 0.0001 0.0000 0.0000
2006.3110 0.0000 0.0000 3.6000 0.7800 0.5900 0.0000 0.0000 0.0000 0.0009 0.0006 0.0001 0.0000 0.0000
2006.3137 0.0000 0.0000 1.2500 1.0800 -1.4200 0.0000 0.0000 0.0000 0.0079 0.0005 0.0002 0.0000 0.0000
2006.3164 0.0000 0.0000 -3.5800 1.3700 0.0800 0.0000 0.0000 0.0000 0.0236 0.0005 0.0002 0.0000 0.0000
2006.3192 0.0000 0.0000 -3.1500 1.6600 3.6300 0.0000 0.0000 0.0000 0.0223 0.0006 0.0005 0.0000 0.0000
2006.3219 0.0000 0.0000 -0.1300 2.0500 0.1500 0.0000 0.0000 0.0000 0.0177 0.0005 0.0002 0.0000 0.0000
2006.3247 0.0000 0.0000 0.7400 2.9600 0.7700 0.0000 0.0000 0.0000 0.0378 0.0006 0.0002 0.0000 0.0000
2006.3274 0.0000 0.0000 -2.8600 2.1800 -2.4700 0.0000 0.0000 0.0000 0.0721 0.0010 0.0002 0.0000 0.0000
2006.3301 0.0000 0.0000 -1.6700 1.2800 -0.7400 0.0000 0.0000 0.0000 0.0809 0.0010 0.0003 0.0000 0.0000
2006.3329 0.0000 0.0000 -2.1600 1.9800 -4.7400 0.0000 0.0000 0.0000 0.0689 0.0013 0.0003 0.0000 0.0000
2006.3356 0.0000 0.0000 0.0200 1.0700 -2.2500 0.0000 0.0000 0.0000 0.1044 0.0010 0.0004 0.0000 0.0000
2006.3384 0.0000 0.0000 3.9900 2.2000 -1.1200 0.0000 0.0000 0.0000 0.1097 0.0009 0.0002 0.0000 0.0000
2006.3411 0.0000 0.0000 1.6300 1.7100 -3.2300 0.0000 0.0000 0.0000 0.2169 0.0012 0.0002 0.0000 0.0000
2006.3438 0.0000 0.0000 -1.7400 1.9400 -6.0800 0.0000 0.0000 0.0000 0.1608 0.0008 0.0003 0.0000 0.0000
2006.3466 0.0000 0.0000 0.2200 1.8100 -1.7000 0.0000 0.0000 0.0000 0.2867 0.0013 0.0004 0.0000 0.0000
2006.3493 0.0000 0.0000 -1.9100 0.8200 -0.3200 0.0000 0.0000 0.0000 0.1973 0.0008 0.0002 0.0000 0.0000
2006.3521 0.0000 0.0000 0.1400 2.2300 -0.2600 0.0000 0.0000 0.0000 0.2009 0.0005 0.0002 0.0000 0.0000
2006.3548 0.0000 0.0000 0.7300 2.8100 -0.8500 0.0000 0.0000 0.0000 0.3001 0.0007 0.0001 0.0000 0.0000
2006.3575 0.0000 0.0000 0.1900 1.6900 1.4300 0.0000 0.0000 0.0000 0.1846 0.0006 0.0001 0.0000 0.0000
2006.3603 0.0000 0.0000 -1.2000 3.1300 -2.5500 0.0000 0.0000 0.0000 0.2449 0.0009 0.0001 0.0000 0.0000
2006.3630 0.0000 0.0000 -1.5600 1.4700 -1.9000 0.0000 0.0000 0.0000 0.0939 0.0006 0.0001 0.0000 0.0000
2006.3658 0.0000 0.0000 3.6600 2.2000 -4.3200 0.0000 0.0000 0.0000 0.1162 0.0009 0.0001 0.0000 0.0000
2006.3685 0.0000 0.0000 2.8200 0.6400 -3.0200 0.0000 0.0000 0.0000 0.3571 0.0005 0.0001 0.0000 0.0000
2006.3712 0.0000 0.0000 1.4800 2.8300 8.5500 0.0000 0.0000 0.0000 0.4289 0.0006 0.0001 0.0000 0.0000
2006.3740 0.0000 0.0000 2.4400 3.0300 -3.3600 0.0000 0.0000 0.0000 0.4145 0.0006 0.0001 0.0000 0.0000
2006.3767 0.0000 0.0000 2.3600 1.6200 -1.9300 0.0000 0.0000 0.0000 0.2741 0.0003 0.0001 0.0000 0.0000
2006.3795 0.0000 0.0000 3.5400 1.8100 -1.5200 0.0000 0.0000 0.0000 0.3235 0.0008 0.0001 0.0000 0.0000
2006.3822 0.0000 0.0000 -0.3400 0.1700 0.3900 0.0000 0.0000 0.0000 0.1939 0.0004 0.0001 0.0000 0.0000
2006.3849 0.0000 0.0000 2.1200 3.0100 2.8500 0.0000 0.0000 0.0000 0.3181 0.0007 0.0000 0.0000 0.0000
2006.3877 0.0000 0.0000 2.7000 3.7600 -3.0600 0.0000 0.0000 0.0000 0.3123 0.0007 0.0000 0.0000 0.0000
2006.3904 0.0000 0.0000 5.5400 5.3900 -4.2100 0.0000 0.0000 0.0000 0.2564 0.0005 0.0001 0.0000 0.0000
2006.3932 0.0000 0.0000 3.7200 2.6600 4.6700 0.0000 0.0000 0.0000 0.2171 0.0007 0.0001 0.0000 0.0000
2006.3959 0.0000 0.0000 4.1200 0.9300 1.1200 0.0000 0.0000 0.0000 0.1675 0.0006 0.0001 0.0000 0.0000
2006.3986 0.0000 0.0000 4.1100 2.5500 -2.6000 0.0000 0.0000 0.0000 0.1194 0.0005 0.0001 0.0000 0.0000
2006.4014 0.0000 0.0000 2.9200 2.5200 -3.1900 0.0000 0.0000 0.0000 0.0558 0.0007 0.0001 0.0000 0.0000
2006.4041 0.0000 0.0000 2.5900 2.1200 -0.7700 0.0000 0.0000 0.0000 0.0339 0.0005 0.0000 0.0000 0.0000
2006.4068 0.0000 0.0000 1.5700 2.5700 -3.8800 0.0000 0.0000 0.0000 0.0107 0.0011 0.0000 0.0000 0.0000
2006.4096 0.0000 0.0000 2.2000 -0.0200 2.4400 0.0000 0.0000 0.0000 0.0035 0.0011 0.0000 0.0000 0.0000
2006.4123 0.0000 0.0000 4.7900 1.1500 -5.1200 0.0000 0.0000 0.0000 0.0044 0.0007 0.0001 0.0000 0.0000
2006.4151 0.0000 0.0000 3.1200 1.7100 2.7900 0.0000 0.0000 0.0000 0.0014 0.0006 0.0001 0.0000 0.0000
2006.4178 0.0000 0.0000 4.6800 2.2700 2.4300 0.0000 0.0000 0.0000 0.0021 0.0006 0.0001 0.0000 0.0000
2006.4205 0.0000 0.0000 4.6900 1.8500 1.6300 0.0000 0.0000 0.0000 0.0024 0.0006 0.0002 0.0000 0.0000
2006.4233 0.0000 0.0000 5.3700 1.6600 -0.7900 0.0000 0.0000 0.0000 0.0031 0.0004 0.0003 0.0000 0.0000
2006.4260 0.0000 0.0000 3.0600 2.5500 -3.6700 0.0000 0.0000 0.0000 0.0098 0.0005 0.0003 0.0000 0.0000
2006.4288 0.0000 0.0000 0.3300 1.0300 -7.8600 0.0000 0.0000 0.0000 0.0048 0.0005 0.0003 0.0000 0.0000
2006.4315 0.0000 0.0000 0.8800 2.1200 -9.7300 0.0000 0.0000 0.0000 0.0182 0.0004 0.0004 0.0000 0.0000
2006.4342 0.0000 0.0000 -1.8300 2.1700 -0.4400 0.0000 0.0000 0.0000 0.0037 0.0005 0.0003 0.0000 0.0000
2006.4370 0.0000 0.0000 -0.1700 2.7200 -0.3000 0.0000 0.0000 0.0000 0.0013 0.0004 0.0002 0.0000 0.0000
2006.4397 0.0000 0.0000 0.8400 1.7000 4.0600 0.0000 0.0000 0.0000 0.0015 0.0005 0.0003 0.0000 0.0000
2006.4425 0.0000 0.0000 1.0000 1.1700 -1.8300 0.0000 0.0000 0.0000 0.0011 0.0004 0.0001 0.0000 0.0000
2006.4452 0.0000 0.0000 5.0300 2.8200 -1.4600 0.0000 0.0000 0.0000 0.0027 0.0004 0.0002 0.0000 0.0000
2006.4479 0.0000 0.0000 4.6000 1.7400 -2.4900 0.0000 0.0000 0.0000 0.0058 0.0003 0.0002 0.0000 0.0000
2006.4507 0.0000 0.0000 4.5000 1.8900 0.1500 0.0000 0.0000 0.0000 0.0086 0.0006 0.0002 0.0000 0.0000
2006.4534 0.0000 0.0000 2.2700 0.5000 2.1600 0.0000 0.0000 0.0000 0.0129 0.0004 0.0004 0.0000 0.0000
2006.4562 0.0000 0.0000 2.7700 3.6100 -0.8500 0.0000 0.0000 0.0000 0.0158 0.0005 0.0003 0.0000 0.0000
2006.4589 0.0000 0.0000 -2.3700 3.1700 -1.5400 0.0000 0.0000 0.0000 0.0151 0.0003 0.0005 0.0000 0.0000
2006.4616 0.0000 0.0000 -2.2600 2.6300 -1.6700 0.0000 0.0000 0.0000 0.0083 0.0004 0.0005 0.0000 0.0000
2006.4644 0.0000 0.0000 -3.4500 1.5100 7.3700 0.0000 0.0000 0.0000 0.0092 0.0005 0.0007 0.0000 0.0000
2006.4671 0.0000 0.0000 -0.4200 2.7400 5.6200 0.0000 0.0000 0.0000 0.0032 0.0004 0.0007 0.0000 0.0000
2006.4699 0.0000 0.0000 -0.0300 1.5500 6.8700 0.0000 0.0000 0.0000 0.0030 0.0008 0.0004 0.0000 0.0000
2006.4726 0.0000 0.0000 0.5600 2.1700 2.9800 0.0000 0.0000 0.0000 0.0019 0.0004 0.0005 0.0000 0.0000
2006.4753 0.0000 0.0000 -0.4100 2.4500 0.7400 0.0000 0.0000 0.0000 0.0028 0.0008 0.0003 0.0000 0.0000
2006.4781 0.0000 0.0000 1.8900 0.2500 1.4400 0.0000 0.0000 0.0000 0.0094 0.0016 0.0008 0.0000 0.0000
2006.4808 0.0000 0.0000 2.2000 0.3000 -3.5700 0.0000 0.0000 0.0000 0.0118 0.0023 0.0005 0.0000 0.0000
2006.4836 0.0000 0.0000 3.3600 0.4200 3.8700 0.0000 0.0000 0.0000 0.0144 0.0017 0.0012 0.0000 0.0000
2006.4863 0.0000 0.0000 4.8000 0.1000 -0.0900 0.0000 0.0000 0.0000 0.0345 0.0017 0.0010 0.0000 0.0000
2006.4890 0.0000 0.0000 3.7300 2.8700 2.4500 0.0000 0.0000 0.0000 0.0129 0.0012 0.0008 0.0000 0.0000
2006.4918 0.0000 0.0000 4.1100 1.4300 -0.0400 0.0000 0.0000 0.0000 0.0339 0.0014 0.0017 0.0000 0.0000
2006.4945 0.0000 0.0000 4.0600 1.4600 1.0700 0.0000 0.0000 0.0000 0.0271 0.0006 0.0014 0.0000 0.0000
2006.4973 0.0000 0.0000 5.8400 1.4600 4.4000 0.0000 0.0000 0.0000 0.0638 0.0010 0.0006 0.0000 0.0000
2006.5000 0.0000 0.0000 2.5700 2.2200 -3.3200 0.0000 0.0000 0.0000 0.0430 0.0007 0.0007 0.0000 0.0000
2006.5027 0.0000 0.0000 1.7900 2.1000 -2.4800 0.0000 0.0000 0.0000 0.0206 0.0016 0.0018 0.0000 0.0000
2006.5055 0.0000 0.0000 4.5300 2.2400 -9.3000 0.0000 0.0000 0.0000 0.1390 0.0009 0.0022 0.0000 0.0000
2006.5082 0.0000 0.0000 2.9400 3.0100 -0.9500 0.0000 0.0000 0.0000 0.1081 0.0017 0.0011 0.0000 0.0000
2006.5110 0.0000 0.0000 1.0200 0.1500 -0.5800 0.0000 0.0000 0.0000 0.0193 0.0013 0.0013 0.0000 0.0000
2006.5137 0.0000 0.0000 -0.4000 0.6800 -6.1000 0.0000 0.0000 0.0000 0.0041 0.0010 0.0006 0.0000 0.0000
2006.5164 0.0000 0.0000 0.8200 0.3200 -0.0600 0.0000 0.0000 0.0000 0.0024 0.0010 0.0006 0.0000 0.0000
2006.5192 0.0000 0.0000 0.6000 1.2700 2.4900 0.0000 0.0000 0.0000 0.0016 0.0007 0.0005 0.0000 0.0000
2006.5219 0.0000 0.0000 -0.8300 1.7000 -3.9800 0.0000 0.0000 0.0000 0.0004 0.0008 0.0003 0.0000 0.0000
2006.5247 0.0000 0.0000 0.1500 -0.3600 1.0800 0.0000 0.0000 0.0000 0.0006 0.0009 0.0003 0.0000 0.0000
2006.5274 0.0000 0.0000 1.1800 0.7600 1.1300 0.0000 0.0000 0.0000 0.0007 0.0010 0.0003 0.0000 0.0000
2006.5301 0.0000 0.0000 2.5000 1.0200 -2.4600 0.0000 0.0000 0.0000 0.0010 0.0008 0.0002 0.0000 0.0000
2006.5329 0.0000 0.0000 1.1300 0.4600 -2.6300 0.0000 0.0000 0.0000 0.0007 0.0008 0.0002 0.0000 0.0000
2006.5356 0.0000 0.0000 2.1000 2.1500 -3.1200 0.0000 0.0000 0.0000 0.0012 0.0004 0.0001 0.0000 0.0000
2006.5384 0.0000 0.0000 -1.8300 0.9600 -2.9800 0.0000 0.0000 0.0000 0.0008 0.0008 0.0001 0.0000 0.0000
2006.5411 0.0000 0.0000 -1.6500 0.1100 5.0400 0.0000 0.0000 0.0000 0.0004 0.0003 0.0001 0.0000 0.0000
2006.5438 0.0000 0.0000 -3.0200 1.1200 7.8800 0.0000 0.0000 0.0000 0.0001 0.0005 0.0001 0.0000 0.0000
2006.5466 0.0000 0.0000 -0.9900 -1.2500 -6.0200 0.0000 0.0000 0.0000 0.0002 0.0005 0.0000 0.0000 0.0000
2006.5493 0.0000 0.0000 1.6300 0.3300 -7.1400 0.0000 0.0000 0.0000 0.0001 0.0006 0.0001 0.0000 0.0000
2006.5521 0.0000 0.0000 3.3700 0.7400 2.3600 0.0000 0.0000 0.0000 0.0001 0.0003 0.0001 0.0000 0.0000
2006.5548 0.0000 0.0000 2.3400 2.5700 4.4500 0.0000 0.0000 0.0000 0.0001 0.0002 0.0001 0.0000 0.0000
2006.5795 0.0000 0.0000 -7.3800 4.2500 11.0000 0.0000 0.0000 0.0000 0.0004 0.0002 0.0006 0.0000 0.0000
2006.5822 0.0000 0.0000 -1.2000 -0.1100 2.3300 0.0000 0.0000 0.0000 0.0001 0.0000 0.0001 0.0000 0.0000
2006.5849 0.0000 0.0000 1.3500 2.2900 11.2300 0.0000 0.0000 0.0000 0.0003 0.0007 0.0001 0.0000 0.0000
2006.5877 0.0000 0.0000 -9.4100 -12.5500 -31.3200 0.0000 0.0000 0.0000 0.0000 0.0003 0.0000 0.0000 0.0000
2006.5904 0.0000 0.0000 3.7100 0.4300 7.6700 0.0000 0.0000 0.0000 0.0001 0.0000 0.0000 0.0000 0.0000
2006.5932 0.0000 0.0000 5.0900 0.5600 6.0000 0.0000 0.0000 0.0000 0.0001 0.0002 0.0000 0.0000 0.0000
2006.5959 0.0000 0.0000 2.4300 -0.9300 5.5000 0.0000 0.0000 0.0000 0.0007 0.0001 0.0000 0.0000 0.0000
2006.5986 0.0000 0.0000 5.1600 0.9400 2.3700 0.0000 0.0000 0.0000 0.0004 0.0001 0.0000 0.0000 0.0000
2006.6014 0.0000 0.0000 4.3100 1.9400 0.4300 0.0000 0.0000 0.0000 0.0009 0.0001 0.0000 0.0000 0.0000
2006.6041 0.0000 0.0000 1.4600 0.3100 1.1100 0.0000 0.0000 0.0000 0.0007 0.0002 0.0000 0.0000 0.0000
2006.6068 0.0000 0.0000 -1.2200 0.3900 1.4300 0.0000 0.0000 0.0000 0.0055 0.0003 0.0000 0.0000 0.0000
2006.6096 0.0000 0.0000 -2.9300 0.6200 -3.8400 0.0000 0.0000 0.0000 0.0037 0.0002 0.0001 0.0000 0.0000
2006.6123 0.0000 0.0000 -1.0800 1.5400 3.1100 0.0000 0.0000 0.0000 0.0012 0.0004 0.0001 0.0000 0.0000
2006.6151 0.0000 0.0000 2.7000 0.2200 5.2200 0.0000 0.0000 0.0000 0.0003 0.0003 0.0002 0.0000 0.0000
2006.6178 0.0000 0.0000 4.8000 2.5200 5.1200 0.0000 0.0000 0.0000 0.0003 0.0004 0.0001 0.0000 0.0000
2006.6288 0.0000 0.0000 3.5500 0.5900 0.7400 0.0000 0.0000 0.0000 0.0005 0.0002 0.0002 0.0000 0.0000
2006.6315 0.0000 0.0000 4.7200 0.9100 4.5300 0.0000 0.0000 0.0000 0.0008 0.0002 0.0002 0.0000 0.0000
2006.6342 0.0000 0.0000 3.9900 2.3900 1.1600 0.0000 0.0000 0.0000 0.0005 0.0002 0.0002 0.0000 0.0000
2006.6370 0.0000 0.0000 2.8000 0.7700 0.3000 0.0000 0.0000 0.0000 0.0005 0.0002 0.0001 0.0000 0.0000
2006.6397 0.0000 0.0000 -0.2900 -0.4900 -0.8100 0.0000 0.0000 0.0000 0.0003 0.0002 0.0002 0.0000 0.0000
2006.6589 0.0000 0.0000 0.2000 0.7700 2.4100 0.0000 0.0000 0.0000 0.0002 0.0003 0.0003 0.0000 0.0000
2006.6616 0.0000 0.0000 -2.4400 -0.2600 9.3400 0.0000 0.0000 0.0000 0.0001 0.0004 0.0001 0.0000 0.0000
2006.6644 0.0000 0.0000 -0.3800 0.1600 0.9700 0.0000 0.0000 0.0000 0.0001 0.0005 0.0002 0.0000 0.0000
2006.6671 0.0000 0.0000 1.5500 -0.2900 1.0400 0.0000 0.0000 0.0000 0.0001 0.0008 0.0004 0.0000 0.0000
2006.6699 0.0000 0.0000 2.6800 1.4700 -1.1400 0.0000 0.0000 0.0000 0.0001 0.0011 0.0006 0.0000 0.0000
2006.6726 0.0000 0.0000 2.8800 1.0800 -2.6400 0.0000 0.0000 0.0000 0.0001 0.0011 0.0005 0.0000 0.0000
2006.6753 0.0000 0.0000 1.2500 1.8900 -2.5700 0.0000 0.0000 0.0000 0.0002 0.0012 0.0005 0.0000 0.0000
2006.6781 0.0000 0.0000 0.7600 1.1700 2.4300 0.0000 0.0000 0.0000 0.0001 0.0008 0.0007 0.0000 0.0000
2006.6808 0.0000 0.0000 2.7100 0.7600 2.8800 0.0000 0.0000 0.0000 0.0002 0.0025 0.0009 0.0000 0.0000
2006.6836 0.0000 0.0000 -2.6600 -1.7600 0.4800 0.0000 0.0000 0.0000 0.0001 0.0070 0.0011 0.0000 0.0000
2006.6863 0.0000 0.0000 -0.9200 2.1700 -3.4800 0.0000 0.0000 0.0000 0.0003 0.0087 0.0009 0.0000 0.0000
2006.6890 0.0000 0.0000 1.4800 0.8200 0.9900 0.0000 0.0000 0.0000 0.0001 0.0062 0.0008 0.0000 0.0000
2006.6918 0.0000 0.0000 2.6500 1.3600 0.1400 0.0000 0.0000 0.0000 0.0002 0.0029 0.0009 0.0000 0.0000
2006.6945 0.0000 0.0000 1.1500 0.3500 2.8200 0.0000 0.0000 0.0000 0.0004 0.0036 0.0010 0.0000 0.0000
2006.6973 0.0000 0.0000 1.1300 -0.9100 -0.6100 0.0000 0.0000 0.0000 0.0014 0.0039 0.0006 0.0000 0.0000
2006.7000 0.0000 0.0000 -2.3700 -0.5800 0.9100 0.0000 0.0000 0.0000 0.0021 0.0072 0.0007 0.0000 0.0000
2006.7027 0.0000 0.0000 -1.9800 -0.0400 1.9900 0.0000 0.0000 0.0000 0.0023 0.0085 0.0007 0.0000 0.0000
2006.7055 0.0000 0.0000 1.0500 -0.0100 4.8200 0.0000 0.0000 0.0000 0.0048 0.0063 0.0007 0.0000 0.0000
2006.7082 0.0000 0.0000 -0.8800 0.3400 5.3100 0.0000 0.0000 0.0000 0.0059 0.0064 0.0005 0.0000 0.0000
2006.7110 0.0000 0.0000 0.7400 -0.0600 -1.3300 0.0000 0.0000 0.0000 0.0082 0.0110 0.0010 0.0000 0.0000
2006.7137 0.0000 0.0000 -0.7900 0.9300 -6.8200 0.0000 0.0000 0.0000 0.0152 0.0045 0.0004 0.0000 0.0000
2006.7164 0.0000 0.0000 -3.0600 -1.6300 10.8200 0.0000 0.0000 0.0000 0.0077 0.0110 0.0002 0.0000 0.0000
2006.7192 0.0000 0.0000 -2.2300 -1.3400 8.9900 0.0000 0.0000 0.0000 0.0011 0.0082 0.0005 0.0000 0.0000
2006.7219 0.0000 0.0000 -0.1500 -0.6600 4.9400 0.0000 0.0000 0.0000 0.0008 0.0080 0.0002 0.0000 0.0000
2006.7247 0.0000 0.0000 -3.1300 -2.5200 8.6900 0.0000 0.0000 0.0000 0.0019 0.0040 0.0006 0.0000 0.0000
2006.7274 0.0000 0.0000 -0.9100 -1.5600 2.1600 0.0000 0.0000 0.0000 0.0015 0.0028 0.0007 0.0000 0.0000
2006.7301 0.0000 0.0000 1.3300 -0.7800 5.0200 0.0000 0.0000 0.0000 0.0011 0.0021 0.0007 0.0000 0.0000
2006.7329 0.0000 0.0000 1.4800 -1.0200 2.4000 0.0000 0.0000 0.0000 0.0014 0.0010 0.0008 0.0000 0.0000
2006.7356 0.0000 0.0000 0.9400 -0.8200 1.3300 0.0000 0.0000 0.0000 0.0010 0.0007 0.0005 0.0000 0.0000
2006.7384 0.0000 0.0000 1.8900 -0.2600 2.6700 0.0000 0.0000 0.0000 0.0015 0.0006 0.0004 0.0000 0.0000
2006.7411 0.0000 0.0000 2.4200 0.8400 3.2900 0.0000 0.0000 0.0000 0.0010 0.0003 0.0003 0.0000 0.0000
2006.7438 0.0000 0.0000 1.9500 1.0300 4.7700 0.0000 0.0000 0.0000 0.0016 0.0003 0.0003 0.0000 0.0000
2006.7466 0.0000 0.0000 2.2300 0.7000 3.8100 0.0000 0.0000 0.0000 0.0008 0.0006 0.0003 0.0000 0.0000
2006.7493 0.0000 0.0000 0.0100 -0.8000 -2.3700 0.0000 0.0000 0.0000 0.0009 0.0011 0.0002 0.0000 0.0000
2006.7521 0.0000 0.0000 2.5700 -0.8000 2.4900 0.0000 0.0000 0.0000 0.0007 0.0013 0.0001 0.0000 0.0000
2006.7548 0.0000 0.0000 0.6100 -1.1500 6.1100 0.0000 0.0000 0.0000 0.0003 0.0012 0.0001 0.0000 0.0000
2006.7575 0.0000 0.0000 1.3800 -1.0000 0.4900 0.0000 0.0000 0.0000 0.0001 0.0008 0.0001 0.0000 0.0000
2006.7603 0.0000 0.0000 1.8200 -0.1200 2.4200 0.0000 0.0000 0.0000 0.0001 0.0005 0.0001 0.0000 0.0000
2006.7630 0.0000 0.0000 0.6700 1.3700 6.9700 0.0000 0.0000 0.0000 0.0005 0.0004 0.0001 0.0000 0.0000
2006.7658 0.0000 0.0000 -4.8600 0.4000 6.8600 0.0000 0.0000 0.0000 0.0002 0.0004 0.0001 0.0000 0.0000
2006.7685 0.0000 0.0000 -0.6600 -0.3100 -5.3100 0.0000 0.0000 0.0000 0.0002 0.0007 0.0002 0.0000 0.0000
2006.7712 0.0000 0.0000 -1.0300 -0.1400 -0.1400 0.0000 0.0000 0.0000 0.0002 0.0006 0.0001 0.0000 0.0000
2006.7740 0.0000 0.0000 1.0000 -0.1200 3.9200 0.0000 0.0000 0.0000 0.0004 0.0005 0.0001 0.0000 0.0000
2006.7767 0.0000 0.0000 0.4300 -0.1300 6.4000 0.0000 0.0000 0.0000 0.0010 0.0006 0.0002 0.0000 0.0000
2006.7795 0.0000 0.0000 0.4700 -1.6300 5.8600 0.0000 0.0000 0.0000 0.0027 0.0005 0.0001 0.0000 0.0000
2006.7822 0.0000 0.0000 0.9400 0.1000 4.4000 0.0000 0.0000 0.0000 0.0031 0.0003 0.0002 0.0000 0.0000
2006.7849 0.0000 0.0000 1.7000 0.7600 1.4200 0.0000 0.0000 0.0000 0.0031 0.0002 0.0001 0.0000 0.0000
2006.7877 0.0000 0.0000 0.8900 1.0000 4.3700 0.0000 0.0000 0.0000 0.0051 0.0002 0.0003 0.0000 0.0000
2006.7904 0.0000 0.0000 2.9000 0.1100 1.0700 0.0000 0.0000 0.0000 0.0125 0.0002 0.0003 0.0000 0.0000
2006.7932 0.0000 0.0000 -4.9300 0.2600 3.2900 0.0000 0.0000 0.0000 0.0427 0.0003 0.0006 0.0000 0.0000
2006.7959 0.0000 0.0000 -0.1000 -0.0200 -0.7000 0.0000 0.0000 0.0000 0.0260 0.0003 0.0007 0.0000 0.0000
2006.7986 0.0000 0.0000 -1.3900 0.2200 8.8000 0.0000 0.0000 0.0000 0.0859 0.0002 0.0014 0.0000 0.0000
2006.8014 0.0000 0.0000 -5.1100 0.3200 4.9400 0.0000 0.0000 0.0000 0.1707 0.0003 0.0012 0.0000 0.0000
2006.8041 0.0000 0.0000 -2.5200 -1.2100 4.1600 0.0000 0.0000 0.0000 0.1163 0.0004 0.0006 0.0000 0.0000
2006.8068 0.0000 0.0000 -0.9700 -0.4600 2.6400 0.0000 0.0000 0.0000 0.1698 0.0003 0.0012 0.0000 0.0000
2006.8096 0.0000 0.0000 -2.8800 0.0200 1.4200 0.0000 0.0000 0.0000 0.1722 0.0003 0.0022 0.0000 0.0000
2006.8123 0.0000 0.0000 -2.7200 -0.1200 -1.6600 0.0000 0.0000 0.0000 0.2280 0.0003 0.0082 0.0000 0.0000
2006.8151 0.0000 0.0000 -2.3400 -1.4500 7.0400 0.0000 0.0000 0.0000 0.1270 0.0004 0.0070 0.0000 0.0000
2006.8178 0.0000 0.0000 -0.9900 0.4400 7.5700 0.0000 0.0000 0.0000 0.0471 0.0003 0.0101 0.0000 0.0000
2006.8205 0.0000 0.0000 -0.1900 0.3100 4.3200 0.0000 0.0000 0.0000 0.0337 0.0004 0.0025 0.0000 0.0000
2006.8233 0.0000 0.0000 -1.0500 -0.0300 4.2100 0.0000 0.0000 0.0000 0.0334 0.0004 0.0029 0.0000 0.0000
2006.8260 0.0000 0.0000 -0.2500 0.3900 -0.9600 0.0000 0.0000 0.0000 0.0257 0.0005 0.0024 0.0000 0.0000
2006.8288 0.0000 0.0000 -1.1000 -0.1300 -1.1400 0.0000 0.0000 0.0000 0.0149 0.0006 0.0059 0.0000 0.0000
2006.8315 0.0000 0.0000 1.9700 -0.3800 1.0900 0.0000 0.0000 0.0000 0.0055 0.0004 0.0055 0.0000 0.0000
2006.8342 0.0000 0.0000 1.2500 0.1300 3.3800 0.0000 0.0000 0.0000 0.0187 0.0006 0.0048 0.0000 0.0000
2006.8370 0.0000 0.0000 1.1000 -0.7600 0.8300 0.0000 0.0000 0.0000 0.0100 0.0003 0.0061 0.0000 0.0000
2006.8397 0.0000 0.0000 5.3800 1.0900 3.8000 0.0000 0.0000 0.0000 0.0064 0.0002 0.0018 0.0000 0.0000
2006.8425 0.0000 0.0000 2.3700 0.6400 1.8200 0.0000 0.0000 0.0000 0.0300 0.0006 0.0033 0.0000 0.0000
2006.8452 0.0000 0.0000 0.0800 -1.6300 -5.1000 0.0000 0.0000 0.0000 0.0399 0.0006 0.0027 0.0000 0.0000
2006.8479 0.0000 0.0000 1.5100 -0.3000 -2.2700 0.0000 0.0000 0.0000 0.0496 0.0005 0.0053 0.0000 0.0000
2006.8507 0.0000 0.0000 2.9100 0.2900 -0.8300 0.0000 0.0000 0.0000 0.0647 0.0004 0.0017 0.0000 0.0000
2006.8534 0.0000 0.0000 0.5500 1.1800 5.3500 0.0000 0.0000 0.0000 0.0519 0.0003 0.0012 0.0000 0.0000
2006.8562 0.0000 0.0000 0.2900 0.2600 -6.4300 0.0000 0.0000 0.0000 0.0343 0.0006 0.0008 0.0000 0.0000
2006.8589 0.0000 0.0000 1.1800 -0.4700 -1.4600 0.0000 0.0000 0.0000 0.0300 0.0007 0.0007 0.0000 0.0000
2006.8616 0.0000 0.0000 1.0000 -0.1300 2.3200 0.0000 0.0000 0.0000 0.0143 0.0004 0.0008 0.0000 0.0000
2006.8644 0.0000 0.0000 -0.5000 -0.1700 -0.3100 0.0000 0.0000 0.0000 0.0057 0.0006 0.0003 0.0000 0.0000
2006.8671 0.0000 0.0000 2.3600 -1.4500 1.6100 0.0000 0.0000 0.0000 0.0027 0.0003 0.0002 0.0000 0.0000
2006.8699 0.0000 0.0000 1.7200 0.4500 -3.2000 0.0000 0.0000 0.0000 0.0013 0.0004 0.0002 0.0000 0.0000
2006.8726 0.0000 0.0000 1.3200 0.0800 0.3300 0.0000 0.0000 0.0000 0.0009 0.0003 0.0001 0.0000 0.0000
2006.8753 0.0000 0.0000 2.2000 0.5200 10.5500 0.0000 0.0000 0.0000 0.0006 0.0004 0.0003 0.0000 0.0000
2006.8781 0.0000 0.0000 0.8700 -0.3900 0.8700 0.0000 0.0000 0.0000 0.0004 0.0003 0.0000 0.0000 0.0000
2006.8808 0.0000 0.0000 0.9300 -0.1700 0.0900 0.0000 0.0000 0.0000 0.0007 0.0003 0.0000 0.0000 0.0000
2006.8836 0.0000 0.0000 0.0300 -0.2900 -0.7700 0.0000 0.0000 0.0000 0.0005 0.0002 0.0000 0.0000 0.0000
2006.8863 0.0000 0.0000 3.0100 0.6700 -0.9500 0.0000 0.0000 0.0000 0.0017 0.0002 0.0000 0.0000 0.0000
2006.8890 0.0000 0.0000 2.2800 -0.5600 1.0900 0.0000 0.0000 0.0000 0.0005 0.0003 0.0001 0.0000 0.0000
2006.8918 0.0000 0.0000 4.1800 1.1100 -0.5600 0.0000 0.0000 0.0000 0.0012 0.0002 0.0001 0.0000 0.0000
2006.8945 0.0000 0.0000 1.2500 0.7200 -0.1700 0.0000 0.0000 0.0000 0.0005 0.0003 0.0001 0.0000 0.0000
2006.8973 0.0000 0.0000 0.3100 -0.4900 0.6600 0.0000 0.0000 0.0000 0.0005 0.0002 0.0001 0.0000 0.0000
2006.9000 0.0000 0.0000 0.4300 -0.9200 0.0700 0.0000 0.0000 0.0000 0.0006 0.0003 0.0002 0.0000 0.0000
2006.9027 0.0000 0.0000 1.0700 -1.5300 -2.5200 0.0000 0.0000 0.0000 0.0005 0.0005 0.0002 0.0000 0.0000
2006.9055 0.0000 0.0000 1.3700 1.0900 -2.6500 0.0000 0.0000 0.0000 0.0006 0.0005 0.0002 0.0000 0.0000
2006.9082 0.0000 0.0000 0.3200 0.7400 -0.5600 0.0000 0.0000 0.0000 0.0008 0.0003 0.0002 0.0000 0.0000
2006.9110 0.0000 0.0000 -1.0300 0.3400 1.7300 0.0000 0.0000 0.0000 0.0011 0.0002 0.0002 0.0000 0.0000
2006.9137 0.0000 0.0000 -0.2600 -0.5500 1.8400 0.0000 0.0000 0.0000 0.0016 0.0002 0.0002 0.0000 0.0000
2006.9164 0.0000 0.0000 -1.1000 0.5300 3.3900 0.0000 0.0000 0.0000 0.0014 0.0002 0.0003 0.0000 0.0000
2006.9192 0.0000 0.0000 -0.5700 -0.3900 1.8000 0.0000 0.0000 0.0000 0.0011 0.0002 0.0002 0.0000 0.0000
2006.9219 0.0000 0.0000 0.1500 -1.1000 0.5800 0.0000 0.0000 0.0000 0.0013 0.0002 0.0003 0.0000 0.0000
2006.9247 0.0000 0.0000 -1.4200 0.3300 2.4400 0.0000 0.0000 0.0000 0.0010 0.0002 0.0006 0.0000 0.0000
2006.9274 0.0000 0.0000 -0.4700 0.0700 -3.4000 0.0000 0.0000 0.0000 0.0006 0.0002 0.0003 0.0000 0.0000
2006.9301 0.0000 0.0000 -0.3400 -1.6000 3.5800 0.0000 0.0000 0.0000 0.0003 0.0002 0.0006 0.0000 0.0000
2006.9329 0.0000 0.0000 -0.1300 -1.0900 -5.0400 0.0000 0.0000 0.0000 0.0003 0.0005 0.0005 0.0000 0.0000
2006.9356 0.0000 0.0000 0.7200 1.1800 -0.5100 0.0000 0.0000 0.0000 0.0004 0.0003 0.0004 0.0000 0.0000
2006.9384 0.0000 0.0000 2.5400 2.7400 -0.1200 0.0000 0.0000 0.0000 0.0003 0.0002 0.0003 0.0000 0.0000
2006.9411 0.0000 0.0000 1.2200 0.7600 3.1400 0.0000 0.0000 0.0000 0.0005 0.0004 0.0005 0.0000 0.0000
2006.9438 0.0000 0.0000 2.0300 -2.1500 1.8200 0.0000 0.0000 0.0000 0.0007 0.0002 0.0002 0.0000 0.0000
2006.9466 0.0000 0.0000 2.9600 1.0800 3.0900 0.0000 0.0000 0.0000 0.0012 0.0004 0.0003 0.0000 0.0000
2006.9493 0.0000 0.0000 1.8700 -0.4200 10.1800 0.0000 0.0000 0.0000 0.0010 0.0004 0.0007 0.0000 0.0000
2006.9521 0.0000 0.0000 2.4600 2.0700 0.8800 0.0000 0.0000 0.0000 0.0018 0.0008 0.0004 0.0000 0.0000
2006.9548 0.0000 0.0000 -0.8100 0.4300 9.9000 0.0000 0.0000 0.0000 0.0012 0.0004 0.0015 0.0000 0.0000
2006.9575 0.0000 0.0000 -0.5500 0.0300 1.7400 0.0000 0.0000 0.0000 0.0009 0.0003 0.0012 0.0000 0.0000
2006.9603 0.0000 0.0000 -0.7800 -0.2700 4.5100 0.0000 0.0000 0.0000 0.0005 0.0003 0.0016 0.0000 0.0000
2006.9630 0.0000 0.0000 -1.9500 0.1100 0.3400 0.0000 0.0000 0.0000 0.0002 0.0003 0.0018 0.0000 0.0000
2006.9658 0.0000 0.0000 -1.2300 -0.4700 -3.0600 0.0000 0.0000 0.0000 0.0001 0.0004 0.0007 0.0000 0.0000
2006.9685 0.0000 0.0000 0.4200 -2.8300 -0.7400 0.0000 0.0000 0.0000 0.0001 0.0003 0.0002 0.0000 0.0000
2006.9712 0.0000 0.0000 0.1100 -1.0000 8.8500 0.0000 0.0000 0.0000 0.0000 0.0006 0.0003 0.0000 0.0000
2006.9740 0.0000 0.0000 0.0500 -0.1600 4.1200 0.0000 0.0000 0.0000 0.0000 0.0004 0.0001 0.0000 0.0000
2006.9767 0.0000 0.0000 0.3700 -1.6800 3.1100 0.0000 0.0000 0.0000 0.0001 0.0002 0.0001 0.0000 0.0000
2006.9795 0.0000 0.0000 1.1200 -0.4600 2.9400 0.0000 0.0000 0.0000 0.0001 0.0002 0.0002 0.0000 0.0000
2006.9822 0.0000 0.0000 4.1100 0.8900 -2.4900 0.0000 0.0000 0.0000 0.0001 0.0003 0.0001 0.0000 0.0000
2006.9849 0.0000 0.0000 4.8800 -3.2500 3.3700 0.0000 0.0000 0.0000 0.0001 0.0002 0.0001 0.0000 0.0000
2006.9877 0.0000 0.0000 0.0000 1.2000 2.9900 0.0000 0.0000 0.0000 0.0001 0.0004 0.0001 0.0000 0.0000
2006.9904 0.0000 0.0000 -1.6200 -0.0500 3.6500 0.0000 0.0000 0.0000 0.0001 0.0002 0.0001 0.0000 0.0000
2006.9932 0.0000 0.0000 -1.7500 -1.6400 -2.8300 0.0000 0.0000 0.0000 0.0000 0.0001 0.0001 0.0000 0.0000
2006.9959 0.0000 0.0000 -1.0400 -1.6400 1.8200 0.0000 0.0000 0.0000 0.0001 0.0001 0.0001 0.0000 0.0000
2006.9986 0.0000 0.0000 -0.0200 -0.4800 2.3100 0.0000 0.0000 0.0000 0.0000 0.0001 0.0001 0.0000 0.0000
2007.0014 0.0000 0.0000 -0.2200 -0.2300 2.3500 0.0000 0.0000 0.0000 0.0001 0.0001 0.0001 0.0000 0.0000
2007.0041 0.0000 0.0000 -0.6600 -0.6000 3.8000 0.0000 0.0000 0.0000 0.0000 0.0001 0.0001 0.0000 0.0000
2007.0068 0.0000 0.0000 2.5000 0.3200 7.0900 0.0000 0.0000 0.0000 0.0000 0.0001 0.0000 0.0000 0.0000
2007.0096 0.0000 0.0000 0.5600 -0.4800 2.2200 0.0000 0.0000 0.0000 0.0001 0.0001 0.0001 0.0000 0.0000
2007.0123 0.0000 0.0000 -1.1100 -0.5900 -4.8000 0.0000 0.0000 0.0000 0.0000 0.0001 0.0001 0.0000 0.0000
2007.0151 0.0000 0.0000 -0.9000 -0.8400 1.6900 0.0000 0.0000 0.0000 0.0001 0.0001 0.0001 0.0000 0.0000
2007.0178 0.0000 0.0000 -1.1100 0.1200 3.5500 0.0000 0.0000 0.0000 0.0005 0.0001 0.0001 0.0000 0.0000
2007.0205 0.0000 0.0000 -7.5200 -2.1500 15.4900 0.0000 0.0000 0.0000 0.0008 0.0001 0.0001 0.0000 0.0000
2007.0233 0.0000 0.0000 -2.0700 -0.4300 -0.2600 0.0000 0.0000 0.0000 0.0005 0.0002 0.0000 0.0000 0.0000
2007.0260 0.0000 0.0000 -2.3600 -0.2900 5.0000 0.0000 0.0000 0.0000 0.0006 0.0001 0.0001 0.0000 0.0000
2007.0288 0.0000 0.0000 2.9500 2.1200 8.3600 0.0000 0.0000 0.0000 0.0003 0.0002 0.0002 0.0000 0.0000
2007.0315 0.0000 0.0000 -2.2000 -1.3900 -0.4400 0.0000 0.0000 0.0000 0.0011 0.0001 0.0001 0.0000 0.0000
2007.0342 0.0000 0.0000 -2.3800 -0.3800 4.4600 0.0000 0.0000 0.0000 0.0031 0.0001 0.0001 0.0000 0.0000
2007.0370 0.0000 0.0000 -1.6500 -0.9400 4.2600 0.0000 0.0000 0.0000 0.0065 0.0001 0.0001 0.0000 0.0000
2007.0397 0.0000 0.0000 -0.9900 -0.4400 1.9800 0.0000 0.0000 0.0000 0.0193 0.0001 0.0001 0.0000 0.0000
2007.0425 0.0000 0.0000 -0.5100 0.7100 6.2600 0.0000 0.0000 0.0000 0.0440 0.0002 0.0001 0.0000 0.0000
2007.0452 0.0000 0.0000 -4.9600 -2.4800 2.4800 0.0000 0.0000 0.0000 0.0581 0.0002 0.0001 0.0000 0.0000
2007.0479 0.0000 0.0000 -1.9300 -1.2400 8.9800 0.0000 0.0000 0.0000 0.0152 0.0002 0.0001 0.0000 0.0000
2007.0507 0.0000 0.0000 -4.0300 -1.5900 -0.0300 0.0000 0.0000 0.0000 0.0067 0.0003 0.0001 0.0000 0.0000
2007.0534 0.0000 0.0000 -3.6500 -1.1700 6.6500 0.0000 0.0000 0.0000 0.0054 0.0003 0.0001 0.0000 0.0000
2007.0562 0.0000 0.0000 -3.2500 -1.6600 0.0600 0.0000 0.0000 0.0000 0.0043 0.0002 0.0001 0.0000 0.0000
2007.0589 0.0000 0.0000 -0.6100 -0.6300 5.0400 0.0000 0.0000 0.0000 0.0029 0.0002 0.0001 0.0000 0.0000
2007.0616 0.0000 0.0000 -1.0300 -1.2900 1.4400 0.0000 0.0000 0.0000 0.0023 0.0003 0.0001 0.0000 0.0000
2007.0644 0.0000 0.0000 0.8800 0.0300 0.7200 0.0000 0.0000 0.0000 0.0015 0.0003 0.0001 0.0000 0.0000
2007.0671 0.0000 0.0000 0.5200 -0.0100 6.5000 0.0000 0.0000 0.0000 0.0033 0.0003 0.0001 0.0000 0.0000
2007.0699 0.0000 0.0000 0.3200 -0.3500 6.0000 0.0000 0.0000 0.0000 0.0059 0.0003 0.0001 0.0000 0.0000
2007.0726 0.0000 0.0000 -0.2100 -0.0400 6.9600 0.0000 0.0000 0.0000 0.0107 0.0004 0.0001 0.0000 0.0000
2007.0753 0.0000 0.0000 -0.1000 -0.0800 2.4300 0.0000 0.0000 0.0000 0.0151 0.0007 0.0002 0.0000 0.0000
2007.0781 0.0000 0.0000 -0.7000 -1.0000 -1.1800 0.0000 0.0000 0.0000 0.0164 0.0007 0.0001 0.0000 0.0000
2007.0808 0.0000 0.0000 -0.6700 -0.0500 1.0200 0.0000 0.0000 0.0000 0.0133 0.0006 0.0002 0.0000 0.0000
2007.0836 0.0000 0.0000 -0.4400 -0.7400 4.2800 0.0000 0.0000 0.0000 0.0103 0.0015 0.0001 0.0000 0.0000
2007.0863 0.0000 0.0000 -1.5500 -1.9700 5.5600 0.0000 0.0000 0.0000 0.0101 0.0008 0.0002 0.0000 0.0000
2007.0890 0.0000 0.0000 -0.7400 -0.4100 3.0100 0.0000 0.0000 0.0000 0.0079 0.0009 0.0001 0.0000 0.0000
2007.0918 0.0000 0.0000 -0.0300 -1.2900 4.2400 0.0000 0.0000 0.0000 0.0058 0.0008 0.0002 0.0000 0.0000
2007.0945 0.0000 0.0000 0.0300 -0.7700 -0.6500 0.0000 0.0000 0.0000 0.0045 0.0008 0.0001 0.0000 0.0000
2007.0973 0.0000 0.0000 -1.9400 -0.8600 1.7400 0.0000 0.0000 0.0000 0.0039 0.0012 0.0001 0.0000 0.0000
2007.1000 0.0000 0.0000 -1.9300 -0.7900 3.8000 0.0000 0.0000 0.0000 0.0021 0.0016 0.0001 0.0000 0.0000
2007.1027 0.0000 0.0000 1.6800 -0.8200 12.9200 0.0000 0.0000 0.0000 0.0030 0.0017 0.0001 0.0000 0.0000
2007.1055 0.0000 0.0000 1.3200 -0.9600 3.9000 0.0000 0.0000 0.0000 0.0035 0.0016 0.0001 0.0000 0.0000
2007.1082 0.0000 0.0000 2.3200 -0.3900 1.0300 0.0000 0.0000 0.0000 0.0031 0.0017 0.0001 0.0000 0.0000
2007.1110 0.0000 0.0000 2.8200 -0.8500 4.8300 0.0000 0.0000 0.0000 0.0036 0.0006 0.0001 0.0000 0.0000
2007.1137 0.0000 0.0000 2.9400 0.6600 9.2200 0.0000 0.0000 0.0000 0.0042 0.0013 0.0001 0.0000 0.0000
2007.1164 0.0000 0.0000 -0.9300 -1.6800 6.5400 0.0000 0.0000 0.0000 0.0034 0.0011 0.0001 0.0000 0.0000
2007.1192 0.0000 0.0000 -0.4400 0.3300 2.9600 0.0000 0.0000 0.0000 0.0020 0.0007 0.0002 0.0000 0.0000
2007.1219 0.0000 0.0000 -1.5100 0.3200 -2.8600 0.0000 0.0000 0.0000 0.0012 0.0011 0.0002 0.0000 0.0000
2007.1247 0.0000 0.0000 1.6600 1.0400 2.7000 0.0000 0.0000 0.0000 0.0006 0.0017 0.0001 0.0000 0.0000
2007.1274 0.0000 0.0000 -0.9200 1.2800 2.1800 0.0000 0.0000 0.0000 0.0003 0.0034 0.0001 0.0000 0.0000
2007.1301 0.0000 0.0000 -0.7000 0.2000 3.7100 0.0000 0.0000 0.0000 0.0003 0.0047 0.0001 0.0000 0.0000
2007.1329 0.0000 0.0000 -2.0400 -0.7300 6.4100 0.0000 0.0000 0.0000 0.0003 0.0049 0.0001 0.0000 0.0000
2007.1356 0.0000 0.0000 -1.8100 -1.6700 5.4400 0.0000 0.0000 0.0000 0.0012 0.0026 0.0001 0.0000 0.0000
2007.1384 0.0000 0.0000 1.0100 -0.8000 3.3000 0.0000 0.0000 0.0000 0.0026 0.0006 0.0001 0.0000 0.0000
2007.1411 0.0000 0.0000 2.0500 0.3500 14.8200 0.0000 0.0000 0.0000 0.0046 0.0004 0.0001 0.0000 0.0000
2007.1438 0.0000 0.0000 1.1600 0.7700 9.0200 0.0000 0.0000 0.0000 0.0046 0.0003 0.0001 0.0000 0.0000
2007.1466 0.0000 0.0000 -0.2300 0.6500 0.8300 0.0000 0.0000 0.0000 0.0082 0.0005 0.0001 0.0000 0.0000
2007.1493 0.0000 0.0000 0.1500 -0.9200 4.4700 0.0000 0.0000 0.0000 0.0109 0.0005 0.0001 0.0000 0.0000
2007.1521 0.0000 0.0000 2.1200 -1.1300 4.9100 0.0000 0.0000 0.0000 0.0341 0.0003 0.0001 0.0000 0.0000
2007.1548 0.0000 0.0000 0.9300 0.0300 -0.5300 0.0000 0.0000 0.0000 0.0210 0.0004 0.0001 0.0000 0.0000
2007.1575 0.0000 0.0000 1.8000 0.3700 4.8600 0.0000 0.0000 0.0000 0.0363 0.0004 0.0001 0.0000 0.0000
2007.1603 0.0000 0.0000 -0.2700 0.8800 1.3300 0.0000 0.0000 0.0000 0.0439 0.0003 0.0001 0.0000 0.0000
2007.1630 0.0000 0.0000 0.8400 0.4100 4.0300 0.0000 0.0000 0.0000 0.0639 0.0005 0.0001 0.0000 0.0000
2007.1658 0.0000 0.0000 1.0200 0.6500 6.9600 0.0000 0.0000 0.0000 0.0561 0.0004 0.0001 0.0000 0.0000
2007.1685 0.0000 0.0000 0.0300 0.4600 0.5600 0.0000 0.0000 0.0000 0.0380 0.0005 0.0001 0.0000 0.0000
2007.1712 0.0000 0.0000 -1.6900 -0.8700 2.4900 0.0000 0.0000 0.0000 0.0290 0.0004 0.0000 0.0000 0.0000
2007.1740 0.0000 0.0000 -1.0100 -0.5700 2.6500 0.0000 0.0000 0.0000 0.0482 0.0007 0.0001 0.0000 0.0000
2007.1767 0.0000 0.0000 -0.9700 -0.8500 4.7100 0.0000 0.0000 0.0000 0.0408 0.0007 0.0000 0.0000 0.0000
2007.1795 0.0000 0.0000 -1.4700 0.3200 12.7200 0.0000 0.0000 0.0000 0.0381 0.0008 0.0001 0.0000 0.0000
2007.1822 0.0000 0.0000 -0.8700 -0.0800 0.9300 0.0000 0.0000 0.0000 0.0614 0.0005 0.0001 0.0000 0.0000
2007.1849 0.0000 0.0000 -0.1100 0.2700 4.9800 0.0000 0.0000 0.0000 0.0475 0.0005 0.0000 0.0000 0.0000
2007.1877 0.0000 0.0000 1.2500 -1.8700 -0.4800 0.0000 0.0000 0.0000 0.0177 0.0007 0.0001 0.0000 0.0000
2007.1904 0.0000 0.0000 -1.0400 -1.3900 3.6400 0.0000 0.0000 0.0000 0.0469 0.0010 0.0001 0.0000 0.0000
2007.1932 0.0000 0.0000 -1.2600 0.0000 8.6400 0.0000 0.0000 0.0000 0.0145 0.0009 0.0001 0.0000 0.0000
2007.1959 0.0000 0.0000 0.7900 0.9400 2.6400 0.0000 0.0000 0.0000 0.0068 0.0006 0.0001 0.0000 0.0000
2007.1986 0.0000 0.0000 -4.1000 0.9000 2.2300 0.0000 0.0000 0.0000 0.0120 0.0003 0.0001 0.0000 0.0000
2007.2014 0.0000 0.0000 -3.0900 -0.3500 1.8900 0.0000 0.0000 0.0000 0.0105 0.0002 0.0001 0.0000 0.0000
2007.2041 0.0000 0.0000 -1.5800 -0.6700 2.1500 0.0000 0.0000 0.0000 0.0071 0.0002 0.0001 0.0000 0.0000
2007.2068 0.0000 0.0000 -2.6000 -0.1800 -0.0400 0.0000 0.0000 0.0000 0.0038 0.0002 0.0001 0.0000 0.0000
2007.2096 0.0000 0.0000 -2.1600 -0.3400 3.8400 0.0000 0.0000 0.0000 0.0020 0.0002 0.0002 0.0000 0.0000
2007.2123 0.0000 0.0000 0.5200 1.0100 4.1500 0.0000 0.0000 0.0000 0.0006 0.0001 0.0003 0.0000 0.0000
2007.2151 0.0000 0.0000 -0.6700 1.1800 8.8300 0.0000 0.0000 0.0000 0.0002 0.0004 0.0003 0.0000 0.0000
2007.2178 0.0000 0.0000 -2.1200 -2.4500 5.3500 0.0000 0.0000 0.0000 0.0003 0.0007 0.0002 0.0000 0.0000
2007.2205 0.0000 0.0000 -5.5600 -0.8200 4.8500 0.0000 0.0000 0.0000 0.0004 0.0002 0.0001 0.0000 0.0000
2007.2233 0.0000 0.0000 -2.5400 -0.1900 2.6200 0.0000 0.0000 0.0000 0.0002 0.0002 0.0002 0.0000 0.0000
2007.2260 0.0000 0.0000 -1.6400 -0.1700 1.3600 0.0000 0.0000 0.0000 0.0002 0.0001 0.0004 0.0000 0.0000
2007.2288 0.0000 0.0000 1.6300 -0.3600 10.4000 0.0000 0.0000 0.0000 0.0001 0.0002 0.0004 0.0000 0.0000
2007.2315 0.0000 0.0000 1.3800 1.0000 5.4400 0.0000 0.0000 0.0000 0.0001 0.0002 0.0003 0.0000 0.0000
2007.2342 0.0000 0.0000 -0.9300 1.8700 -1.7500 0.0000 0.0000 0.0000 0.0001 0.0002 0.0001 0.0000 0.0000
2007.2370 0.0000 0.0000 -2.5700 -0.4800 1.2700 0.0000 0.0000 0.0000 0.0002 0.0001 0.0003 0.0000 0.0000
2007.2397 0.0000 0.0000 -1.2900 0.0900 0.2800 0.0000 0.0000 0.0000 0.0001 0.0001 0.0002 0.0000 0.0000
2007.2425 0.0000 0.0000 -1.8000 -0.8800 3.2800 0.0000 0.0000 0.0000 0.0001 0.0002 0.0003 0.0000 0.0000
2007.2452 0.0000 0.0000 0.5200 0.6000 -0.5100 0.0000 0.0000 0.0000 0.0003 0.0001 0.0002 0.0000 0.0000
2007.2479 0.0000 0.0000 -1.8300 1.4600 2.3100 0.0000 0.0000 0.0000 0.0004 0.0002 0.0003 0.0000 0.0000
2007.2507 0.0000 0.0000 -2.8600 -0.4700 -1.9100 0.0000 0.0000 0.0000 0.0004 0.0001 0.0003 0.0000 0.0000
2007.2534 0.0000 0.0000 -0.5600 -0.6500 0.7700 0.0000 0.0000 0.0000 0.0006 0.0001 0.0003 0.0000 0.0000
2007.2562 0.0000 0.0000 -1.2000 -0.2600 0.2700 0.0000 0.0000 0.0000 0.0009 0.0002 0.0003 0.0000 0.0000
2007.2589 0.0000 0.0000 -1.9100 -0.0900 1.8600 0.0000 0.0000 0.0000 0.0005 0.0002 0.0003 0.0000 0.0000
2007.2616 0.0000 0.0000 -1.4800 0.2100 0.8900 0.0000 0.0000 0.0000 0.0004 0.0002 0.0003 0.0000 0.0000
2007.2644 0.0000 0.0000 0.3500 0.3300 -2.1100 0.0000 0.0000 0.0000 0.0005 0.0003 0.0002 0.0000 0.0000
2007.2671 0.0000 0.0000 -1.6200 -0.5800 -1.7200 0.0000 0.0000 0.0000 0.0004 0.0003 0.0002 0.0000 0.0000
2007.2699 0.0000 0.0000 0.5500 1.0200 0.2700 0.0000 0.0000 0.0000 0.0006 0.0003 0.0001 0.0000 0.0000
2007.2726 0.0000 0.0000 -1.3400 -0.6000 0.1900 0.0000 0.0000 0.0000 0.0005 0.0005 0.0001 0.0000 0.0000
2007.2753 0.0000 0.0000 0.6300 0.3300 5.7400 0.0000 0.0000 0.0000 0.0007 0.0013 0.0001 0.0000 0.0000
2007.2781 0.0000 0.0000 -1.1400 0.2700 4.3000 0.0000 0.0000 0.0000 0.0006 0.0017 0.0001 0.0000 0.0000
2007.2808 0.0000 0.0000 -0.6000 -1.0600 0.1300 0.0000 0.0000 0.0000 0.0005 0.0012 0.0002 0.0000 0.0000
2007.2836 0.0000 0.0000 0.4700 -1.9100 -1.2300 0.0000 0.0000 0.0000 0.0007 0.0014 0.0002 0.0000 0.0000
2007.2863 0.0000 0.0000 -0.8200 -1.5900 5.5200 0.0000 0.0000 0.0000 0.0006 0.0007 0.0002 0.0000 0.0000
2007.2890 0.0000 0.0000 -1.5200 -0.6100 6.8700 0.0000 0.0000 0.0000 0.0003 0.0008 0.0002 0.0000 0.0000
2007.2918 0.0000 0.0000 1.1700 0.8600 2.8700 0.0000 0.0000 0.0000 0.0006 0.0004 0.0001 0.0000 0.0000
2007.2945 0.0000 0.0000 0.3900 2.1200 0.0000 0.0000 0.0000 0.0000 0.0007 0.0005 0.0002 0.0000 0.0000
2007.2973 0.0000 0.0000 0.3400 -0.8200 -2.7900 0.0000 0.0000 0.0000 0.0005 0.0003 0.0002 0.0000 0.0000
2007.3000 0.0000 0.0000 0.4700 0.3700 2.4400 0.0000 0.0000 0.0000 0.0004 0.0004 0.0003 0.0000 0.0000
2007.3027 0.0000 0.0000 2.8200 -0.3800 3.9400 0.0000 0.0000 0.0000 0.0008 0.0007 0.0003 0.0000 0.0000
2007.3055 0.0000 0.0000 1.6600 0.4000 3.1700 0.0000 0.0000 0.0000 0.0013 0.0007 0.0003 0.0000 0.0000
2007.3082 0.0000 0.0000 -1.1900 -0.6100 2.5000 0.0000 0.0000 0.0000 0.0004 0.0010 0.0002 0.0000 0.0000
2007.3110 0.0000 0.0000 -1.0700 -0.2800 1.4800 0.0000 0.0000 0.0000 0.0003 0.0007 0.0003 0.0000 0.0000
2007.3137 0.0000 0.0000 0.2800 0.9600 -2.1100 0.0000 0.0000 0.0000 0.0002 0.0008 0.0004 0.0000 0.0000
2007.3164 0.0000 0.0000 -2.8500 0.6200 -0.0400 0.0000 0.0000 0.0000 0.0001 0.0009 0.0002 0.0000 0.0000
2007.3192 0.0000 0.0000 -0.9900 1.1800 -1.1900 0.0000 0.0000 0.0000 0.0001 0.0007 0.0002 0.0000 0.0000
2007.3219 0.0000 0.0000 -2.6900 1.3300 -6.2600 0.0000 0.0000 0.0000 0.0001 0.0008 0.0004 0.0000 0.0000
2007.3247 0.0000 0.0000 -0.6600 -0.0700 0.0900 0.0000 0.0000 0.0000 0.0000 0.0007 0.0006 0.0000 0.0000
2007.3274 0.0000 0.0000 -2.1300 0.0500 -1.4400 0.0000 0.0000 0.0000 0.0000 0.0006 0.0004 0.0000 0.0000
2007.3301 0.0000 0.0000 0.5500 -0.0800 -0.2500 0.0000 0.0000 0.0000 0.0000 0.0005 0.0003 0.0000 0.0000
2007.3329 0.0000 0.0000 4.5500 0.1100 0.6900 0.0000 0.0000 0.0000 0.0000 0.0007 0.0004 0.0000 0.0000
2007.3356 0.0000 0.0000 1.8900 0.8100 -2.2100 0.0000 0.0000 0.0000 0.0000 0.0018 0.0006 0.0000 0.0000
2007.3384 0.0000 0.0000 0.8900 -1.2000 -1.9600 0.0000 0.0000 0.0000 0.0001 0.0012 0.0007 0.0000 0.0000
2007.3411 0.0000 0.0000 -0.9200 -1.3600 0.4200 0.0000 0.0000 0.0000 0.0001 0.0009 0.0011 0.0000 0.0000
2007.3438 0.0000 0.0000 -2.8400 -2.5800 0.6600 0.0000 0.0000 0.0000 0.0001 0.0005 0.0020 0.0000 0.0000
2007.3466 0.0000 0.0000 -1.0400 -1.3900 1.5100 0.0000 0.0000 0.0000 0.0001 0.0003 0.0054 0.0000 0.0000
2007.3493 0.0000 0.0000 0.6100 0.0600 1.2200 0.0000 0.0000 0.0000 0.0000 0.0004 0.0173 0.0000 0.0000
2007.3521 0.0000 0.0000 -0.9300 0.6400 -1.1400 0.0000 0.0000 0.0000 0.0000 0.0002 0.0301 0.0000 0.0000
2007.3548 0.0000 0.0000 1.2700 0.9400 -2.8700 0.0000 0.0000 0.0000 0.0000 0.0002 0.0418 0.0000 0.0000
2007.3575 0.0000 0.0000 0.8000 0.3500 -6.8400 0.0000 0.0000 0.0000 0.0000 0.0001 0.0358 0.0000 0.0000
2007.3603 0.0000 0.0000 1.1500 0.1000 -2.1900 0.0000 0.0000 0.0000 0.0000 0.0001 0.0182 0.0000 0.0000
2007.3630 0.0000 0.0000 -4.2700 0.2400 -2.9800 0.0000 0.0000 0.0000 0.0001 0.0002 0.0160 0.0000 0.0000
2007.3658 0.0000 0.0000 -1.6400 0.5800 -2.7800 0.0000 0.0000 0.0000 0.0000 0.0002 0.0145 0.0000 0.0000
2007.3685 0.0000 0.0000 0.2300 0.1900 -2.7100 0.0000 0.0000 0.0000 0.0000 0.0002 0.0137 0.0000 0.0000
2007.3712 0.0000 0.0000 -0.8600 0.0200 0.9600 0.0000 0.0000 0.0000 0.0000 0.0003 0.0161 0.0000 0.0000
2007.3740 0.0000 0.0000 1.2200 -0.4000 -0.7100 0.0000 0.0000 0.0000 0.0000 0.0003 0.0138 0.0000 0.0000
2007.3767 0.0000 0.0000 0.9000 -0.2000 2.8700 0.0000 0.0000 0.0000 0.0000 0.0005 0.0114 0.0000 0.0000
2007.3795 0.0000 0.0000 1.8600 -0.3700 1.9500 0.0000 0.0000 0.0000 0.0000 0.0006 0.0203 0.0000 0.0000
2007.3822 0.0000 0.0000 0.7900 -0.4000 -0.1300 0.0000 0.0000 0.0000 0.0000 0.0008 0.0144 0.0000 0.0000
2007.3849 0.0000 0.0000 -1.6600 -1.9700 2.2400 0.0000 0.0000 0.0000 0.0000 0.0007 0.0145 0.0000 0.0000
2007.3877 0.0000 0.0000 -1.5100 -1.9600 7.5900 0.0000 0.0000 0.0000 0.0000 0.0003 0.0301 0.0000 0.0000
2007.3904 0.0000 0.0000 -0.7000 -0.6300 3.2500 0.0000 0.0000 0.0000 0.0000 0.0002 0.0369 0.0000 0.0000
2007.3932 0.0000 0.0000 1.7500 -0.6200 4.1000 0.0000 0.0000 0.0000 0.0000 0.0001 0.0373 0.0000 0.0000
2007.3986 0.0000 0.0000 0.9100 0.6900 -5.0200 0.0000 0.0000 0.0000 0.0000 0.0001 0.0157 0.0000 0.0000
2007.4014 0.0000 0.0000 -2.0200 0.2900 4.8200 0.0000 0.0000 0.0000 0.0000 0.0001 0.0100 0.0000 0.0000
2007.4041 0.0000 0.0000 -2.2400 -0.1700 3.2200 0.0000 0.0000 0.0000 0.0000 0.0001 0.0081 0.0000 0.0000
2007.4068 0.0000 0.0000 1.6500 -0.4100 3.7400 0.0000 0.0000 0.0000 0.0000 0.0001 0.0050 0.0000 0.0000
2007.4096 0.0000 0.0000 2.8200 0.2100 6.1300 0.0000 0.0000 0.0000 0.0001 0.0001 0.0083 0.0000 0.0000
2007.4123 0.0000 0.0000 3.1900 0.4400 1.6600 0.0000 0.0000 0.0000 0.0001 0.0002 0.0065 0.0000 0.0000
2007.4151 0.0000 0.0000 3.0100 1.2300 3.5100 0.0000 0.0000 0.0000 0.0001 0.0002 0.0055 0.0000 0.0000
2007.4233 0.0000 0.0000 3.4000 -3.2400 7.4500 0.0000 0.0000 0.0000 0.0001 0.0002 0.0009 0.0000 0.0000
2007.4260 0.0000 0.0000 2.1100 0.2900 6.1400 0.0000 0.0000 0.0000 0.0002 0.0001 0.0007 0.0000 0.0000
2007.4288 0.0000 0.0000 0.8300 0.2300 3.5000 0.0000 0.0000 0.0000 0.0002 0.0001 0.0005 0.0000 0.0000
2007.4315 0.0000 0.0000 -2.2800 -1.6600 2.8500 0.0000 0.0000 0.0000 0.0003 0.0001 0.0004 0.0000 0.0000
2007.4342 0.0000 0.0000 0.0000 -0.6200 6.1500 0.0000 0.0000 0.0000 0.0004 0.0002 0.0005 0.0000 0.0000
2007.4370 0.0000 0.0000 0.8000 -0.0100 -0.1500 0.0000 0.0000 0.0000 0.0001 0.0003 0.0003 0.0000 0.0000
2007.4397 0.0000 0.0000 5.4000 0.3500 9.8000 0.0000 0.0000 0.0000 0.0004 0.0002 0.0004 0.0000 0.0000
2007.4425 0.0000 0.0000 -3.7000 -0.4600 0.8900 0.0000 0.0000 0.0000 0.0018 0.0003 0.0002 0.0000 0.0000
2007.4452 0.0000 0.0000 0.6600 -0.0400 3.0200 0.0000 0.0000 0.0000 0.0008 0.0003 0.0002 0.0000 0.0000
2007.4479 0.0000 0.0000 -1.3500 0.2400 8.3800 0.0000 0.0000 0.0000 0.0038 0.0003 0.0002 0.0000 0.0000
2007.4507 0.0000 0.0000 -5.4900 -1.3000 10.2500 0.0000 0.0000 0.0000 0.0102 0.0003 0.0002 0.0000 0.0000
2007.4534 0.0000 0.0000 -3.3900 -2.1000 -0.9300 0.0000 0.0000 0.0000 0.0013 0.0007 0.0001 0.0000 0.0000
2007.4562 0.0000 0.0000 -4.8900 0.3000 -1.3500 0.0000 0.0000 0.0000 0.0009 0.0007 0.0002 0.0000 0.0000
2007.4589 0.0000 0.0000 -3.4100 -0.3100 4.5800 0.0000 0.0000 0.0000 0.0008 0.0007 0.0002 0.0000 0.0000
2007.4616 0.0000 0.0000 -0.9200 -1.8800 7.1000 0.0000 0.0000 0.0000 0.0006 0.0005 0.0003 0.0000 0.0000
2007.4644 0.0000 0.0000 1.7500 0.7300 -0.7100 0.0000 0.0000 0.0000 0.0003 0.0017 0.0002 0.0000 0.0000
2007.4671 0.0000 0.0000 3.6500 -0.5200 -2.1300 0.0000 0.0000 0.0000 0.0006 0.0008 0.0002 0.0000 0.0000
2007.4699 0.0000 0.0000 0.4000 -1.2400 -1.1100 0.0000 0.0000 0.0000 0.0007 0.0007 0.0002 0.0000 0.0000
2007.4726 0.0000 0.0000 0.6100 -0.8400 0.5400 0.0000 0.0000 0.0000 0.0015 0.0008 0.0002 0.0000 0.0000
2007.4753 0.0000 0.0000 -1.5100 -0.3400 0.5000 0.0000 0.0000 0.0000 0.0010 0.0010 0.0001 0.0000 0.0000
2007.4781 0.0000 0.0000 -2.0400 -0.8600 2.9300 0.0000 0.0000 0.0000 0.0007 0.0007 0.0001 0.0000 0.0000
2007.4808 0.0000 0.0000 -1.8200 0.0600 2.3200 0.0000 0.0000 0.0000 0.0005 0.0009 0.0001 0.0000 0.0000
2007.4836 0.0000 0.0000 -0.5900 -1.3200 4.7800 0.0000 0.0000 0.0000 0.0005 0.0007 0.0001 0.0000 0.0000
2007.4863 0.0000 0.0000 1.0600 -0.9900 1.6800 0.0000 0.0000 0.0000 0.0005 0.0008 0.0001 0.0000 0.0000
2007.4890 0.0000 0.0000 0.7900 -2.1600 8.7800 0.0000 0.0000 0.0000 0.0009 0.0010 0.0001 0.0000 0.0000
2007.4918 0.0000 0.0000 3.0600 -0.7200 8.3000 0.0000 0.0000 0.0000 0.0015 0.0012 0.0003 0.0000 0.0000
2007.4945 0.0000 0.0000 1.2700 -1.5600 -0.0100 0.0000 0.0000 0.0000 0.0044 0.0010 0.0002 0.0000 0.0000
2007.4973 0.0000 0.0000 1.6200 -1.9600 -2.5600 0.0000 0.0000 0.0000 0.0070 0.0006 0.0002 0.0000 0.0000
2007.5000 0.0000 0.0000 2.2800 -1.8500 3.2300 0.0000 0.0000 0.0000 0.0081 0.0006 0.0004 0.0000 0.0000
2007.5027 0.0000 0.0000 -0.6800 -2.0900 -0.8800 0.0000 0.0000 0.0000 0.0103 0.0006 0.0004 0.0000 0.0000
2007.5055 0.0000 0.0000 -3.1100 -0.4700 2.2300 0.0000 0.0000 0.0000 0.0099 0.0006 0.0010 0.0000 0.0000
2007.5082 0.0000 0.0000 -1.2100 -1.1900 1.5000 0.0000 0.0000 0.0000 0.0030 0.0008 0.0015 0.0000 0.0000
2007.5110 0.0000 0.0000 -2.1000 0.2500 1.7300 0.0000 0.0000 0.0000 0.0022 0.0009 0.0015 0.0000 0.0000
2007.5137 0.0000 0.0000 -2.0900 2.5700 -7.1000 0.0000 0.0000 0.0000 0.0009 0.0010 0.0016 0.0000 0.0000
2007.5164 0.0000 0.0000 1.1500 -0.0500 -4.8900 0.0000 0.0000 0.0000 0.0012 0.0017 0.0005 0.0000 0.0000
2007.5192 0.0000 0.0000 1.6900 -1.0300 -0.5200 0.0000 0.0000 0.0000 0.0005 0.0028 0.0004 0.0000 0.0000
2007.5219 0.0000 0.0000 3.6900 -0.5900 4.0300 0.0000 0.0000 0.0000 0.0002 0.0062 0.0003 0.0000 0.0000
2007.5247 0.0000 0.0000 2.9000 -0.5800 4.7700 0.0000 0.0000 0.0000 0.0002 0.0189 0.0002 0.0000 0.0000
2007.5274 0.0000 0.0000 -1.0600 -2.9500 3.8900 0.0000 0.0000 0.0000 0.0002 0.0183 0.0002 0.0000 0.0000
2007.5301 0.0000 0.0000 2.8200 -1.9400 1.8800 0.0000 0.0000 0.0000 0.0005 0.0200 0.0002 0.0000 0.0000
2007.5329 0.0000 0.0000 2.9800 -1.7200 2.5000 0.0000 0.0000 0.0000 0.0004 0.0257 0.0003 0.0000 0.0000
2007.5356 0.0000 0.0000 4.4500 -2.2500 5.3300 0.0000 0.0000 0.0000 0.0004 0.0135 0.0004 0.0000 0.0000
2007.5384 0.0000 0.0000 1.7600 0.9500 4.6200 0.0000 0.0000 0.0000 0.0003 0.0554 0.0004 0.0000 0.0000
2007.5411 0.0000 0.0000 1.4900 -1.8400 6.8000 0.0000 0.0000 0.0000 0.0004 0.0317 0.0011 0.0000 0.0000
2007.5438 0.0000 0.0000 2.9200 -0.1700 -0.8500 0.0000 0.0000 0.0000 0.0006 0.0828 0.0006 0.0000 0.0000
2007.5466 0.0000 0.0000 2.3500 -2.4800 4.3700 0.0000 0.0000 0.0000 0.0005 0.0453 0.0015 0.0000 0.0000
2007.5493 0.0000 0.0000 2.8300 -1.2000 1.6400 0.0000 0.0000 0.0000 0.0009 0.0372 0.0020 0.0000 0.0000
2007.5521 0.0000 0.0000 1.6400 -1.9800 1.8700 0.0000 0.0000 0.0000 0.0006 0.0611 0.0023 0.0000 0.0000
2007.5548 0.0000 0.0000 1.8200 -1.6000 8.6900 0.0000 0.0000 0.0000 0.0012 0.0391 0.0038 0.0000 0.0000
2007.5575 0.0000 0.0000 -1.4600 -0.0700 4.5500 0.0000 0.0000 0.0000 0.0005 0.0299 0.0040 0.0000 0.0000
2007.5603 0.0000 0.0000 0.5900 -0.1000 0.4100 0.0000 0.0000 0.0000 0.0005 0.0341 0.0011 0.0000 0.0000
2007.5630 0.0000 0.0000 0.5000 -0.1900 3.0600 0.0000 0.0000 0.0000 0.0004 0.0447 0.0033 0.0000 0.0000
2007.5658 0.0000 0.0000 0.2100 -0.6700 -0.6100 0.0000 0.0000 0.0000 0.0003 0.0334 0.0018 0.0000 0.0000
2007.5685 0.0000 0.0000 0.1300 1.1300 3.8400 0.0000 0.0000 0.0000 0.0003 0.0232 0.0016 0.0000 0.0000
2007.5712 0.0000 0.0000 -1.3600 1.6100 -1.4600 0.0000 0.0000 0.0000 0.0003 0.0260 0.0019 0.0000 0.0000
2007.5740 0.0000 0.0000 -2.8300 2.4200 -0.2600 0.0000 0.0000 0.0000 0.0001 0.0264 0.0022 0.0000 0.0000
2007.5767 0.0000 0.0000 -2.2900 0.8400 -9.9600 0.0000 0.0000 0.0000 0.0002 0.0409 0.0022 0.0000 0.0000
2007.5795 0.0000 0.0000 1.1100 0.4600 -0.6400 0.0000 0.0000 0.0000 0.0003 0.0369 0.0023 0.0000 0.0000
2007.5822 0.0000 0.0000 1.4300 -0.0700 3.0300 0.0000 0.0000 0.0000 0.0002 0.0302 0.0046 0.0000 0.0000
2007.5849 0.0000 0.0000 2.3400 0.4800 0.4300 0.0000 0.0000 0.0000 0.0003 0.0230 0.0013 0.0000 0.0000
2007.5877 0.0000 0.0000 -0.4000 0.6700 3.4400 0.0000 0.0000 0.0000 0.0001 0.0179 0.0020 0.0000 0.0000
2007.5904 0.0000 0.0000 0.3200 0.7600 -0.2000 0.0000 0.0000 0.0000 0.0002 0.0135 0.0012 0.0000 0.0000
2007.5932 0.0000 0.0000 0.0700 0.2000 2.9900 0.0000 0.0000 0.0000 0.0001 0.0088 0.0021 0.0000 0.0000
2007.5959 0.0000 0.0000 1.8500 -0.6800 -0.3700 0.0000 0.0000 0.0000 0.0003 0.0040 0.0011 0.0000 0.0000
2007.5986 0.0000 0.0000 1.0700 0.3300 0.6700 0.0000 0.0000 0.0000 0.0002 0.0019 0.0010 0.0000 0.0000
2007.6014 0.0000 0.0000 0.5200 0.9600 -7.3700 0.0000 0.0000 0.0000 0.0002 0.0007 0.0003 0.0000 0.0000
2007.6041 0.0000 0.0000 -0.3700 0.8500 -7.8700 0.0000 0.0000 0.0000 0.0001 0.0005 0.0007 0.0000 0.0000
2007.6068 0.0000 0.0000 -1.8000 -0.2100 3.4100 0.0000 0.0000 0.0000 0.0001 0.0005 0.0018 0.0000 0.0000
2007.6096 0.0000 0.0000 -0.5000 0.1600 1.9400 0.0000 0.0000 0.0000 0.0001 0.0005 0.0008 0.0000 0.0000
2007.6123 0.0000 0.0000 -0.0900 0.6900 -0.4300 0.0000 0.0000 0.0000 0.0001 0.0003 0.0005 0.0000 0.0000
2007.6151 0.0000 0.0000 -1.6100 0.2000 -5.7600 0.0000 0.0000 0.0000 0.0000 0.0003 0.0002 0.0000 0.0000
2007.6178 0.0000 0.0000 0.9600 0.4400 -2.9400 0.0000 0.0000 0.0000 0.0000 0.0002 0.0002 0.0000 0.0000
2007.6205 0.0000 0.0000 0.6100 0.4400 1.6300 0.0000 0.0000 0.0000 0.0000 0.0004 0.0003 0.0000 0.0000
2007.6233 0.0000 0.0000 0.2400 -0.3300 3.3000 0.0000 0.0000 0.0000 0.0000 0.0002 0.0002 0.0000 0.0000
2007.6260 0.0000 0.0000 -0.3400 -0.2800 0.8500 0.0000 0.0000 0.0000 0.0000 0.0004 0.0002 0.0000 0.0000
2007.6288 0.0000 0.0000 0.5100 0.6100 -2.1800 0.0000 0.0000 0.0000 0.0000 0.0004 0.0002 0.0000 0.0000
2007.6315 0.0000 0.0000 0.7200 -1.1000 -1.1500 0.0000 0.0000 0.0000 0.0000 0.0004 0.0003 0.0000 0.0000
2007.6342 0.0000 0.0000 1.8500 0.6100 3.0100 0.0000 0.0000 0.0000 0.0000 0.0004 0.0003 0.0000 0.0000
2007.6370 0.0000 0.0000 -2.3000 0.8400 9.9100 0.0000 0.0000 0.0000 0.0001 0.0005 0.0002 0.0000 0.0000
2007.6397 0.0000 0.0000 -6.6800 0.8300 6.7500 0.0000 0.0000 0.0000 0.0000 0.0004 0.0007 0.0000 0.0000
2007.6425 0.0000 0.0000 -5.6600 0.7100 -3.3700 0.0000 0.0000 0.0000 0.0001 0.0005 0.0019 0.0000 0.0000
2007.6452 0.0000 0.0000 0.7900 -0.1400 -0.3900 0.0000 0.0000 0.0000 0.0000 0.0005 0.0009 0.0000 0.0000
2007.6479 0.0000 0.0000 2.7300 0.4400 4.2100 0.0000 0.0000 0.0000 0.0000 0.0006 0.0010 0.0000 0.0000
2007.6507 0.0000 0.0000 -2.3300 -0.0200 0.2300 0.0000 0.0000 0.0000 0.0000 0.0006 0.0020 0.0000 0.0000
2007.6534 0.0000 0.0000 -1.1800 0.1200 -4.6800 0.0000 0.0000 0.0000 0.0000 0.0005 0.0049 0.0000 0.0000
2007.6562 0.0000 0.0000 -0.2700 0.4000 3.3400 0.0000 0.0000 0.0000 0.0000 0.0007 0.0016 0.0000 0.0000
2007.6589 0.0000 0.0000 -0.7000 0.3900 0.7600 0.0000 0.0000 0.0000 0.0000 0.0004 0.0023 0.0000 0.0000
2007.6616 0.0000 0.0000 0.9100 0.2300 1.9000 0.0000 0.0000 0.0000 0.0000 0.0005 0.0019 0.0000 0.0000
2007.6644 0.0000 0.0000 -0.9500 0.6000 3.9100 0.0000 0.0000 0.0000 0.0000 0.0004 0.0019 0.0000 0.0000
2007.6671 0.0000 0.0000 -1.9200 1.0200 4.6500 0.0000 0.0000 0.0000 0.0000 0.0007 0.0029 0.0000 0.0000
2007.6699 0.0000 0.0000 0.1900 -0.3200 3.1800 0.0000 0.0000 0.0000 0.0000 0.0008 0.0042 0.0000 0.0000
2007.6726 0.0000 0.0000 -0.4200 0.1100 0.3700 0.0000 0.0000 0.0000 0.0000 0.0006 0.0056 0.0000 0.0000
2007.6753 0.0000 0.0000 -0.2400 0.2900 4.0400 0.0000 0.0000 0.0000 0.0000 0.0005 0.0051 0.0000 0.0000
2007.6781 0.0000 0.0000 -7.6700 -1.8600 4.7600 0.0000 0.0000 0.0000 0.0002 0.0004 0.0034 0.0000 0.0000
2007.6808 0.0000 0.0000 -4.9900 -0.1000 6.1800 0.0000 0.0000 0.0000 0.0001 0.0002 0.0019 0.0000 0.0000
2007.6836 0.0000 0.0000 -1.1200 2.3000 5.4600 0.0000 0.0000 0.0000 0.0002 0.0002 0.0011 0.0000 0.0000
2007.6863 0.0000 0.0000 0.4300 -0.1300 5.5600 0.0000 0.0000 0.0000 0.0001 0.0001 0.0006 0.0000 0.0000
2007.6890 0.0000 0.0000 0.2400 0.2600 6.6400 0.0000 0.0000 0.0000 0.0000 0.0001 0.0004 0.0000 0.0000
2007.6918 0.0000 0.0000 2.0000 1.4200 2.1100 0.0000 0.0000 0.0000 0.0000 0.0000 0.0002 0.0000 0.0000
2007.6945 0.0000 0.0000 1.1300 0.1700 1.1900 0.0000 0.0000 0.0000 0.0000 0.0000 0.0000 0.0000 0.0000
2007.6973 0.0000 0.0000 0.5900 0.1000 2.9800 0.0000 0.0000 0.0000 0.0000 0.0000 0.0000 0.0000 0.0000
2007.7000 0.0000 0.0000 -0.0600 0.0300 3.3500 0.0000 0.0000 0.0000 0.0000 0.0000 0.0000 0.0000 0.0000
2007.7027 0.0000 0.0000 -0.4900 -0.9300 0.8300 0.0000 0.0000 0.0000 0.0000 0.0000 0.0000 0.0000 0.0000
2007.7055 0.0000 0.0000 -0.5900 0.1700 2.6500 0.0000 0.0000 0.0000 0.0000 0.0000 0.0000 0.0000 0.0000
2007.7082 0.0000 0.0000 -2.6500 1.0600 2.1000 0.0000 0.0000 0.0000 0.0000 0.0000 0.0000 0.0000 0.0000
2007.7110 0.0000 0.0000 -5.3600 -0.7300 8.1000 0.0000 0.0000 0.0000 0.0001 0.0004 0.0000 0.0000 0.0000
2007.7137 0.0000 0.0000 -2.6700 1.0600 4.5100 0.0000 0.0000 0.0000 0.0000 0.0000 0.0000 0.0000 0.0000
