2005.0014 0.0000 0.0000 -0.6400 -0.4700 -1.9000 0.0000 0.0000 0.0000 0.0000 0.0000 0.0000 0.0000 0.0000
2005.0041 0.0000 0.0000 1.6700 0.5100 -7.1600 0.0000 0.0000 0.0000 0.0000 0.0000 0.0000 0.0000 0.0000
2005.0068 0.0000 0.0000 2.6000 0.9200 -4.3800 0.0000 0.0000 0.0000 0.0000 0.0000 0.0000 0.0000 0.0000
2005.0096 0.0000 0.0000 3.1600 1.9700 -4.4100 0.0000 0.0000 0.0000 0.0000 0.0000 0.0000 0.0000 0.0000
2005.0123 0.0000 0.0000 0.0300 1.7600 -3.8900 0.0000 0.0000 0.0000 0.0000 0.0000 0.0000 0.0000 0.0000
2005.0151 0.0000 0.0000 1.5800 1.3900 -8.1400 0.0000 0.0000 0.0000 0.0000 0.0000 0.0000 0.0000 0.0000
2005.0178 0.0000 0.0000 1.9300 -0.5600 5.2500 0.0000 0.0000 0.0000 0.0000 0.0000 0.0000 0.0000 0.0000
2005.0205 0.0000 0.0000 0.7000 -1.3700 -1.7900 0.0000 0.0000 0.0000 0.0000 0.0001 0.0000 0.0000 0.0000
2005.0233 0.0000 0.0000 1.9600 -0.0100 -5.0200 0.0000 0.0000 0.0000 0.0000 0.0002 0.0001 0.0000 0.0000
2005.0260 0.0000 0.0000 0.8700 0.7800 -3.5400 0.0000 0.0000 0.0000 0.0000 0.0001 0.0000 0.0000 0.0000
2005.0288 0.0000 0.0000 3.0300 0.7600 4.8100 0.0000 0.0000 0.0000 0.0001 0.0001 0.0001 0.0000 0.0000
2005.0315 0.0000 0.0000 1.9000 1.0400 -4.6000 0.0000 0.0000 0.0000 0.0003 0.0000 0.0001 0.0000 0.0000
2005.0342 0.0000 0.0000 1.9200 0.9100 -4.7700 0.0000 0.0000 0.0000 0.0020 0.0000 0.0001 0.0000 0.0000
2005.0370 0.0000 0.0000 2.2900 2.1200 -3.8200 0.0000 0.0000 0.0000 0.0014 0.0000 0.0001 0.0000 0.0000
2005.0397 0.0000 0.0000 2.9400 0.4100 -0.6500 0.0000 0.0000 0.0000 0.0010 0.0002 0.0001 0.0000 0.0000
2005.0425 0.0000 0.0000 1.4600 2.4500 -9.9800 0.0000 0.0000 0.0000 0.0027 0.0004 0.0001 0.0000 0.0000
2005.0452 0.0000 0.0000 0.4300 2.5100 -0.9800 0.0000 0.0000 0.0000 0.0224 0.0003 0.0001 0.0000 0.0000
2005.0479 0.0000 0.0000 -1.5500 4.2600 -5.3800 0.0000 0.0000 0.0000 0.0298 0.0007 0.0001 0.0000 0.0000
2005.0507 0.0000 0.0000 0.6700 0.8900 -5.3200 0.0000 0.0000 0.0000 0.0126 0.0002 0.0003 0.0000 0.0000
2005.0534 0.0000 0.0000 1.1300 1.0200 1.9300 0.0000 0.0000 0.0000 0.0041 0.0002 0.0003 0.0000 0.0000
2005.0562 0.0000 0.0000 0.6300 1.4600 -0.6400 0.0000 0.0000 0.0000 0.0028 0.0002 0.0006 0.0000 0.0000
2005.0589 0.0000 0.0000 -1.1200 1.0700 4.3000 0.0000 0.0000 0.0000 0.0020 0.0003 0.0006 0.0000 0.0000
2005.0616 0.0000 0.0000 0.8400 0.8700 6.1400 0.0000 0.0000 0.0000 0.0015 0.0002 0.0010 0.0000 0.0000
2005.0644 0.0000 0.0000 -1.1900 0.9200 -3.8000 0.0000 0.0000 0.0000 0.0008 0.0003 0.0008 0.0000 0.0000
2005.0671 0.0000 0.0000 3.2000 0.4800 -1.4900 0.0000 0.0000 0.0000 0.0003 0.0005 0.0006 0.0000 0.0000
2005.0699 0.0000 0.0000 2.2200 1.2100 0.5500 0.0000 0.0000 0.0000 0.0011 0.0004 0.0017 0.0000 0.0000
2005.0726 0.0000 0.0000 -2.4400 1.1500 -0.9600 0.0000 0.0000 0.0000 0.0008 0.0003 0.0030 0.0000 0.0000
2005.0753 0.0000 0.0000 -0.9300 0.2400 2.4700 0.0000 0.0000 0.0000 0.0003 0.0005 0.0012 0.0000 0.0000
2005.0781 0.0000 0.0000 -0.4500 2.1100 -2.2200 0.0000 0.0000 0.0000 0.0004 0.0003 0.0015 0.0000 0.0000
2005.0808 0.0000 0.0000 0.3300 1.2000 -6.4800 0.0000 0.0000 0.0000 0.0004 0.0002 0.0021 0.0000 0.0000
2005.0836 0.0000 0.0000 0.5500 1.3700 -6.5500 0.0000 0.0000 0.0000 0.0005 0.0003 0.0017 0.0000 0.0000
2005.0863 0.0000 0.0000 0.9400 1.0600 -4.5700 0.0000 0.0000 0.0000 0.0005 0.0002 0.0015 0.0000 0.0000
2005.0890 0.0000 0.0000 2.1700 2.1900 -2.4000 0.0000 0.0000 0.0000 0.0006 0.0002 0.0014 0.0000 0.0000
2005.0918 0.0000 0.0000 0.5200 1.7900 -2.3200 0.0000 0.0000 0.0000 0.0008 0.0003 0.0012 0.0000 0.0000
2005.0945 0.0000 0.0000 2.7300 1.9100 0.3100 0.0000 0.0000 0.0000 0.0012 0.0004 0.0011 0.0000 0.0000
2005.0973 0.0000 0.0000 2.8300 1.7900 0.6000 0.0000 0.0000 0.0000 0.0013 0.0004 0.0011 0.0000 0.0000
2005.1000 0.0000 0.0000 0.4400 1.1400 5.6600 0.0000 0.0000 0.0000 0.0005 0.0002 0.0013 0.0000 0.0000
2005.1027 0.0000 0.0000 1.5400 0.6000 4.0100 0.0000 0.0000 0.0000 0.0004 0.0002 0.0008 0.0000 0.0000
2005.1055 0.0000 0.0000 1.6600 1.9300 -3.4700 0.0000 0.0000 0.0000 0.0005 0.0001 0.0004 0.0000 0.0000
2005.1082 0.0000 0.0000 1.7900 0.8600 -2.7500 0.0000 0.0000 0.0000 0.0004 0.0001 0.0004 0.0000 0.0000
2005.1110 0.0000 0.0000 0.3500 2.3600 -1.7900 0.0000 0.0000 0.0000 0.0003 0.0001 0.0008 0.0000 0.0000
2005.1137 0.0000 0.0000 0.3400 1.5200 0.4600 0.0000 0.0000 0.0000 0.0003 0.0001 0.0005 0.0000 0.0000
2005.1164 0.0000 0.0000 -1.6400 0.9200 1.5400 0.0000 0.0000 0.0000 0.0001 0.0001 0.0005 0.0000 0.0000
2005.1192 0.0000 0.0000 -2.0900 0.4900 -6.6400 0.0000 0.0000 0.0000 0.0000 0.0001 0.0004 0.0000 0.0000
2005.1219 0.0000 0.0000 -2.1200 1.9500 -1.3200 0.0000 0.0000 0.0000 0.0003 0.0002 0.0004 0.0000 0.0000
2005.1247 0.0000 0.0000 0.4500 2.1400 -7.0000 0.0000 0.0000 0.0000 0.0009 0.0002 0.0006 0.0000 0.0000
2005.1274 0.0000 0.0000 1.9200 2.7200 -3.0000 0.0000 0.0000 0.0000 0.0007 0.0002 0.0005 0.0000 0.0000
2005.1301 0.0000 0.0000 2.2600 1.7300 -0.9200 0.0000 0.0000 0.0000 0.0006 0.0002 0.0003 0.0000 0.0000
2005.1329 0.0000 0.0000 0.7100 2.2300 4.2800 0.0000 0.0000 0.0000 0.0007 0.0001 0.0005 0.0000 0.0000
2005.1356 0.0000 0.0000 1.5700 0.2600 -6.0300 0.0000 0.0000 0.0000 0.0005 0.0001 0.0002 0.0000 0.0000
2005.1384 0.0000 0.0000 2.3000 -1.1000 -0.7800 0.0000 0.0000 0.0000 0.0005 0.0015 0.0002 0.0000 0.0000
2005.1411 0.0000 0.0000 -0.5400 1.6800 -2.8700 0.0000 0.0000 0.0000 0.0005 0.0008 0.0002 0.0000 0.0000
2005.1438 0.0000 0.0000 0.6900 1.9100 -1.2200 0.0000 0.0000 0.0000 0.0005 0.0009 0.0001 0.0000 0.0000
2005.1466 0.0000 0.0000 -1.3200 1.9300 -1.8000 0.0000 0.0000 0.0000 0.0008 0.0015 0.0001 0.0000 0.0000
2005.1493 0.0000 0.0000 -0.6100 2.5600 3.4300 0.0000 0.0000 0.0000 0.0012 0.0009 0.0001 0.0000 0.0000
2005.1521 0.0000 0.0000 0.2100 1.6100 -1.6500 0.0000 0.0000 0.0000 0.0017 0.0014 0.0001 0.0000 0.0000
2005.1548 0.0000 0.0000 -0.2500 1.5500 4.2500 0.0000 0.0000 0.0000 0.0039 0.0008 0.0002 0.0000 0.0000
2005.1575 0.0000 0.0000 -2.3600 0.2300 0.8300 0.0000 0.0000 0.0000 0.0046 0.0007 0.0003 0.0000 0.0000
2005.1603 0.0000 0.0000 -0.0600 0.1400 2.2100 0.0000 0.0000 0.0000 0.0037 0.0014 0.0002 0.0000 0.0000
2005.1630 0.0000 0.0000 -2.8800 0.7300 4.5800 0.0000 0.0000 0.0000 0.0082 0.0023 0.0004 0.0000 0.0000
2005.1658 0.0000 0.0000 -0.1600 1.0900 -1.9600 0.0000 0.0000 0.0000 0.0060 0.0014 0.0005 0.0000 0.0000
2005.1685 0.0000 0.0000 -0.7300 1.5900 -0.2100 0.0000 0.0000 0.0000 0.0060 0.0009 0.0004 0.0000 0.0000
2005.1712 0.0000 0.0000 1.0200 1.1300 3.5600 0.0000 0.0000 0.0000 0.0081 0.0006 0.0004 0.0000 0.0000
2005.1740 0.0000 0.0000 -1.7900 0.9100 -0.7200 0.0000 0.0000 0.0000 0.0061 0.0006 0.0004 0.0000 0.0000
2005.1767 0.0000 0.0000 -1.7300 3.0800 -0.3200 0.0000 0.0000 0.0000 0.0062 0.0008 0.0005 0.0000 0.0000
2005.1795 0.0000 0.0000 -0.8900 0.9500 -5.7400 0.0000 0.0000 0.0000 0.0083 0.0005 0.0007 0.0000 0.0000
2005.1822 0.0000 0.0000 -0.0400 0.6200 2.9100 0.0000 0.0000 0.0000 0.0076 0.0005 0.0005 0.0000 0.0000
2005.1849 0.0000 0.0000 0.9400 0.6700 3.4700 0.0000 0.0000 0.0000 0.0080 0.0010 0.0011 0.0000 0.0000
2005.1877 0.0000 0.0000 2.6800 1.2000 -0.9100 0.0000 0.0000 0.0000 0.0220 0.0020 0.0010 0.0000 0.0000
2005.1904 0.0000 0.0000 -0.7200 1.1700 -3.8900 0.0000 0.0000 0.0000 0.0195 0.0035 0.0008 0.0000 0.0000
2005.1932 0.0000 0.0000 -0.4700 2.0300 0.7200 0.0000 0.0000 0.0000 0.0101 0.0045 0.0008 0.0000 0.0000
2005.1959 0.0000 0.0000 1.3700 2.0500 2.8400 0.0000 0.0000 0.0000 0.0488 0.0038 0.0006 0.0000 0.0000
2005.1986 0.0000 0.0000 0.9000 1.8300 -0.1500 0.0000 0.0000 0.0000 0.0488 0.0025 0.0004 0.0000 0.0000
2005.2014 0.0000 0.0000 2.8400 1.2100 0.4000 0.0000 0.0000 0.0000 0.0788 0.0016 0.0005 0.0000 0.0000
2005.2041 0.0000 0.0000 2.9000 0.7200 -2.0800 0.0000 0.0000 0.0000 0.0603 0.0031 0.0002 0.0000 0.0000
2005.2068 0.0000 0.0000 1.8800 1.0600 7.1100 0.0000 0.0000 0.0000 0.0343 0.0022 0.0003 0.0000 0.0000
2005.2096 0.0000 0.0000 3.7100 1.4500 2.5100 0.0000 0.0000 0.0000 0.0271 0.0014 0.0004 0.0000 0.0000
2005.2123 0.0000 0.0000 2.8300 -0.2900 12.0900 0.0000 0.0000 0.0000 0.0206 0.0020 0.0003 0.0000 0.0000
2005.2151 0.0000 0.0000 1.8800 0.4200 7.4000 0.0000 0.0000 0.0000 0.0098 0.0016 0.0005 0.0000 0.0000
2005.2178 0.0000 0.0000 2.9800 -0.3300 2.2400 0.0000 0.0000 0.0000 0.0132 0.0018 0.0010 0.0000 0.0000
2005.2205 0.0000 0.0000 0.7500 -0.3900 3.9500 0.0000 0.0000 0.0000 0.0061 0.0033 0.0010 0.0000 0.0000
2005.2233 0.0000 0.0000 -0.3500 1.4400 0.9100 0.0000 0.0000 0.0000 0.0039 0.0016 0.0010 0.0000 0.0000
2005.2260 0.0000 0.0000 1.8900 0.9100 0.8900 0.0000 0.0000 0.0000 0.0048 0.0010 0.0005 0.0000 0.0000
2005.2288 0.0000 0.0000 1.6700 1.5300 -6.2100 0.0000 0.0000 0.0000 0.0015 0.0012 0.0003 0.0000 0.0000
2005.2315 0.0000 0.0000 -0.3600 0.2400 6.4100 0.0000 0.0000 0.0000 0.0001 0.0006 0.0007 0.0000 0.0000
2005.2342 0.0000 0.0000 -0.2600 0.1300 5.6000 0.0000 0.0000 0.0000 0.0001 0.0004 0.0184 0.0000 0.0000
2005.2370 0.0000 0.0000 -0.9200 0.4600 9.8700 0.0000 0.0000 0.0000 0.0001 0.0003 0.0543 0.0000 0.0000
2005.2397 0.0000 0.0000 -0.4500 0.4900 4.6100 0.0000 0.0000 0.0000 0.0001 0.0002 0.1089 0.0000 0.0000
2005.2425 0.0000 0.0000 0.8700 1.4200 0.0700 0.0000 0.0000 0.0000 0.0002 0.0002 0.1234 0.0000 0.0000
2005.2452 0.0000 0.0000 3.2900 1.9600 -3.3700 0.0000 0.0000 0.0000 0.0004 0.0005 0.1914 0.0000 0.0000
2005.2479 0.0000 0.0000 2.2800 0.5600 0.1600 0.0000 0.0000 0.0000 0.0001 0.0003 0.4195 0.0000 0.0000
2005.2507 0.0000 0.0000 0.5600 1.4700 6.1900 0.0000 0.0000 0.0000 0.0000 0.0005 0.5223 0.0000 0.0000
2005.2534 0.0000 0.0000 0.1900 0.6100 6.6800 0.0000 0.0000 0.0000 0.0000 0.0002 0.5546 0.0000 0.0000
2005.2562 0.0000 0.0000 0.9700 1.3000 5.4000 0.0000 0.0000 0.0000 0.0001 0.0001 0.5801 0.0000 0.0000
2005.2589 0.0000 0.0000 0.1700 2.3900 2.9800 0.0000 0.0000 0.0000 0.0000 0.0005 0.6895 0.0000 0.0000
2005.2616 0.0000 0.0000 1.9700 0.5300 5.4900 0.0000 0.0000 0.0000 0.0001 0.0003 0.8657 0.0000 0.0000
2005.2644 0.0000 0.0000 0.0800 1.2100 4.4600 0.0000 0.0000 0.0000 0.0000 0.0002 0.9170 0.0000 0.0000
2005.2671 0.0000 0.0000 0.0300 1.0100 5.4300 0.0000 0.0000 0.0000 0.0000 0.0001 0.8478 0.0000 0.0000
2005.2699 0.0000 0.0000 2.2600 2.2700 4.1600 0.0000 0.0000 0.0000 0.0000 0.0002 0.9144 0.0000 0.0000
2005.2726 0.0000 0.0000 1.5900 1.2100 0.0400 0.0000 0.0000 0.0000 0.0000 0.0002 0.8437 0.0000 0.0000
2005.2753 0.0000 0.0000 1.3700 -0.2900 2.7000 0.0000 0.0000 0.0000 0.0000 0.0000 0.8608 0.0000 0.0000
2005.2781 0.0000 0.0000 -0.3600 1.6400 -1.4400 0.0000 0.0000 0.0000 0.0001 0.0000 0.8535 0.0000 0.0000
2005.2808 0.0000 0.0000 -1.0300 0.2600 0.8400 0.0000 0.0000 0.0000 0.0001 0.0000 0.8678 0.0000 0.0000
2005.2836 0.0000 0.0000 0.5100 2.5600 -10.6900 0.0000 0.0000 0.0000 0.0000 0.0000 0.4416 0.0000 0.0000
2005.2863 0.0000 0.0000 1.2600 -0.4200 -3.9400 0.0000 0.0000 0.0000 0.0001 0.0000 0.5944 0.0000 0.0000
2005.2890 0.0000 0.0000 -0.1600 1.8800 -0.3100 0.0000 0.0000 0.0000 0.0001 0.0000 0.6521 0.0000 0.0000
2005.2918 0.0000 0.0000 0.3400 0.6700 -6.4700 0.0000 0.0000 0.0000 0.0001 0.0000 0.3535 0.0000 0.0000
2005.2945 0.0000 0.0000 -0.2300 0.2400 -1.5700 0.0000 0.0000 0.0000 0.0002 0.0001 0.5084 0.0000 0.0000
2005.2973 0.0000 0.0000 -0.8700 2.6900 -3.6800 0.0000 0.0000 0.0000 0.0001 0.0001 0.4975 0.0000 0.0000
2005.3000 0.0000 0.0000 1.6600 1.4300 -3.8700 0.0000 0.0000 0.0000 0.0003 0.0001 0.4363 0.0000 0.0000
2005.3027 0.0000 0.0000 1.4100 2.0000 -3.7200 0.0000 0.0000 0.0000 0.0005 0.0001 0.3705 0.0000 0.0000
2005.3055 0.0000 0.0000 1.2000 1.4200 -6.6500 0.0000 0.0000 0.0000 0.0006 0.0002 0.1678 0.0000 0.0000
2005.3082 0.0000 0.0000 1.7200 0.6100 -3.8400 0.0000 0.0000 0.0000 0.0007 0.0002 0.1411 0.0000 0.0000
2005.3110 0.0000 0.0000 0.8700 1.0400 -3.7200 0.0000 0.0000 0.0000 0.0024 0.0004 0.0409 0.0000 0.0000
2005.3137 0.0000 0.0000 -0.6000 -0.1900 -3.3700 0.0000 0.0000 0.0000 0.0006 0.0003 0.0189 0.0000 0.0000
2005.3164 0.0000 0.0000 1.2200 0.4900 -5.9600 0.0000 0.0000 0.0000 0.0020 0.0002 0.0025 0.0000 0.0000
2005.3192 0.0000 0.0000 4.1300 0.8900 -4.3600 0.0000 0.0000 0.0000 0.0069 0.0003 0.0003 0.0000 0.0000
2005.3219 0.0000 0.0000 1.1500 -0.3500 -0.6700 0.0000 0.0000 0.0000 0.0120 0.0002 0.0002 0.0000 0.0000
2005.3247 0.0000 0.0000 2.6500 1.2100 -3.3200 0.0000 0.0000 0.0000 0.0240 0.0002 0.0001 0.0000 0.0000
2005.3274 0.0000 0.0000 2.1600 -0.5500 -3.4600 0.0000 0.0000 0.0000 0.0337 0.0002 0.0000 0.0000 0.0000
2005.3301 0.0000 0.0000 2.1700 0.9400 -5.6000 0.0000 0.0000 0.0000 0.0507 0.0001 0.0000 0.0000 0.0000
2005.3329 0.0000 0.0000 2.2800 2.0900 -9.0200 0.0000 0.0000 0.0000 0.0790 0.0003 0.0000 0.0000 0.0000
2005.3356 0.0000 0.0000 2.0600 1.1400 -7.1600 0.0000 0.0000 0.0000 0.1015 0.0003 0.0000 0.0000 0.0000
2005.3384 0.0000 0.0000 1.8300 1.8300 4.5600 0.0000 0.0000 0.0000 0.1162 0.0004 0.0000 0.0000 0.0000
2005.3411 0.0000 0.0000 1.3900 1.8400 -2.8200 0.0000 0.0000 0.0000 0.1811 0.0004 0.0000 0.0000 0.0000
2005.3438 0.0000 0.0000 1.1300 1.2300 -0.6400 0.0000 0.0000 0.0000 0.2909 0.0002 0.0003 0.0000 0.0000
2005.3466 0.0000 0.0000 -0.6100 1.8900 -3.5600 0.0000 0.0000 0.0000 0.3869 0.0003 0.0011 0.0000 0.0000
2005.3493 0.0000 0.0000 -0.1400 -0.2800 -6.4300 0.0000 0.0000 0.0000 0.3677 0.0002 0.0111 0.0000 0.0000
2005.3521 0.0000 0.0000 1.9600 1.6700 2.6100 0.0000 0.0000 0.0000 0.5247 0.0002 0.0173 0.0000 0.0000
2005.3548 0.0000 0.0000 0.0100 1.1800 -1.4200 0.0000 0.0000 0.0000 0.1482 0.0002 0.0446 0.0000 0.0000
2005.3575 0.0000 0.0000 1.3500 2.1700 -4.4900 0.0000 0.0000 0.0000 0.1227 0.0002 0.0639 0.0000 0.0000
2005.3603 0.0000 0.0000 2.6500 2.1000 0.4300 0.0000 0.0000 0.0000 0.1577 0.0004 0.0782 0.0000 0.0000
2005.3630 0.0000 0.0000 0.1700 1.4900 -0.8300 0.0000 0.0000 0.0000 0.0732 0.0003 0.1156 0.0000 0.0000
2005.3658 0.0000 0.0000 2.3000 1.1300 -2.4700 0.0000 0.0000 0.0000 0.1122 0.0003 0.1800 0.0000 0.0000
2005.3685 0.0000 0.0000 3.0100 -0.2300 -1.1900 0.0000 0.0000 0.0000 0.1810 0.0002 0.2947 0.0000 0.0000
2005.3712 0.0000 0.0000 0.8400 0.1300 4.0400 0.0000 0.0000 0.0000 0.0572 0.0001 0.1492 0.0000 0.0000
2005.3740 0.0000 0.0000 3.1800 0.3100 1.7800 0.0000 0.0000 0.0000 0.1589 0.0001 0.4072 0.0000 0.0000
2005.3767 0.0000 0.0000 2.0600 1.4200 2.5400 0.0000 0.0000 0.0000 0.0476 0.0001 0.3622 0.0000 0.0000
2005.3795 0.0000 0.0000 4.7500 2.1400 2.7400 0.0000 0.0000 0.0000 0.0624 0.0001 0.1639 0.0000 0.0000
2005.3822 0.0000 0.0000 3.0900 1.7200 -9.0200 0.0000 0.0000 0.0000 0.0729 0.0001 0.4586 0.0000 0.0000
2005.3849 0.0000 0.0000 4.5000 1.8500 -8.2400 0.0000 0.0000 0.0000 0.1049 0.0001 0.6198 0.0000 0.0000
2005.3877 0.0000 0.0000 3.9600 2.7800 -9.7900 0.0000 0.0000 0.0000 0.1177 0.0002 0.4672 0.0000 0.0000
2005.3904 0.0000 0.0000 2.8000 0.8300 -11.0700 0.0000 0.0000 0.0000 0.0651 0.0002 0.4074 0.0000 0.0000
2005.3932 0.0000 0.0000 3.0200 2.4500 -8.4100 0.0000 0.0000 0.0000 0.0580 0.0002 0.3217 0.0000 0.0000
2005.3959 0.0000 0.0000 2.7200 2.0400 -10.5800 0.0000 0.0000 0.0000 0.0333 0.0003 0.2278 0.0000 0.0000
2005.3986 0.0000 0.0000 3.3500 1.5200 -10.8900 0.0000 0.0000 0.0000 0.0181 0.0002 0.1125 0.0000 0.0000
2005.4014 0.0000 0.0000 3.9400 1.3000 -9.9000 0.0000 0.0000 0.0000 0.0094 0.0002 0.0519 0.0000 0.0000
2005.4041 0.0000 0.0000 1.9500 0.4700 -7.3000 0.0000 0.0000 0.0000 0.0043 0.0004 0.0229 0.0000 0.0000
2005.4068 0.0000 0.0000 3.3200 3.3500 -8.4300 0.0000 0.0000 0.0000 0.0017 0.0006 0.0107 0.0000 0.0000
2005.4096 0.0000 0.0000 2.1000 1.1800 -9.0700 0.0000 0.0000 0.0000 0.0009 0.0004 0.0081 0.0000 0.0000
2005.4123 0.0000 0.0000 3.2500 1.0000 -6.3200 0.0000 0.0000 0.0000 0.0005 0.0003 0.0066 0.0000 0.0000
2005.4151 0.0000 0.0000 3.5500 1.4500 -6.7700 0.0000 0.0000 0.0000 0.0009 0.0007 0.0053 0.0000 0.0000
2005.4178 0.0000 0.0000 1.4400 1.7400 -4.0300 0.0000 0.0000 0.0000 0.0005 0.0008 0.0059 0.0000 0.0000
2005.4205 0.0000 0.0000 4.0800 1.5900 -2.7500 0.0000 0.0000 0.0000 0.0005 0.0009 0.0055 0.0000 0.0000
2005.4233 0.0000 0.0000 3.2100 0.9400 -3.3400 0.0000 0.0000 0.0000 0.0020 0.0012 0.0050 0.0000 0.0000
2005.4260 0.0000 0.0000 1.0600 1.7100 -3.6400 0.0000 0.0000 0.0000 0.0008 0.0018 0.0031 0.0000 0.0000
2005.4288 0.0000 0.0000 0.3000 2.1400 -2.3300 0.0000 0.0000 0.0000 0.0021 0.0013 0.0010 0.0000 0.0000
2005.4315 0.0000 0.0000 3.2300 1.8100 1.6900 0.0000 0.0000 0.0000 0.0015 0.0017 0.0006 0.0000 0.0000
2005.4342 0.0000 0.0000 2.1300 -0.0100 -3.0000 0.0000 0.0000 0.0000 0.0040 0.0020 0.0002 0.0000 0.0000
2005.4370 0.0000 0.0000 3.0400 1.7900 -7.5400 0.0000 0.0000 0.0000 0.0039 0.0035 0.0002 0.0000 0.0000
2005.4397 0.0000 0.0000 3.6400 0.5000 -5.1300 0.0000 0.0000 0.0000 0.0207 0.0100 0.0002 0.0000 0.0000
2005.4425 0.0000 0.0000 1.1100 1.6900 -5.1400 0.0000 0.0000 0.0000 0.0129 0.0090 0.0002 0.0000 0.0000
2005.4452 0.0000 0.0000 4.2400 2.0300 -11.7500 0.0000 0.0000 0.0000 0.0649 0.0067 0.0000 0.0000 0.0000
2005.4479 0.0000 0.0000 3.3500 1.6000 -12.1400 0.0000 0.0000 0.0000 0.0375 0.0108 0.0001 0.0000 0.0000
2005.4507 0.0000 0.0000 3.6000 1.9300 -6.0400 0.0000 0.0000 0.0000 0.0587 0.0021 0.0002 0.0000 0.0000
2005.4534 0.0000 0.0000 2.2700 0.4200 -5.7900 0.0000 0.0000 0.0000 0.1128 0.0062 0.0005 0.0000 0.0000
2005.4562 0.0000 0.0000 0.1000 -0.9200 -5.4500 0.0000 0.0000 0.0000 0.0165 0.0120 0.0010 0.0000 0.0000
2005.4589 0.0000 0.0000 2.1800 0.2400 -2.1800 0.0000 0.0000 0.0000 0.0295 0.0093 0.0016 0.0000 0.0000
2005.4616 0.0000 0.0000 1.2900 -1.2800 -7.3700 0.0000 0.0000 0.0000 0.0254 0.0133 0.0017 0.0000 0.0000
2005.4644 0.0000 0.0000 1.4200 1.3300 -7.8000 0.0000 0.0000 0.0000 0.0156 0.0043 0.0018 0.0000 0.0000
2005.4671 0.0000 0.0000 -1.7200 -0.1800 -8.7200 0.0000 0.0000 0.0000 0.0058 0.0022 0.0019 0.0000 0.0000
2005.4699 0.0000 0.0000 -0.2300 0.8800 -12.3300 0.0000 0.0000 0.0000 0.0120 0.0012 0.0017 0.0000 0.0000
2005.4726 0.0000 0.0000 1.2700 1.8900 -8.8700 0.0000 0.0000 0.0000 0.0348 0.0007 0.0009 0.0000 0.0000
2005.4753 0.0000 0.0000 1.7800 0.9700 -7.7300 0.0000 0.0000 0.0000 0.0243 0.0004 0.0005 0.0000 0.0000
2005.4781 0.0000 0.0000 0.8800 0.8500 -8.1100 0.0000 0.0000 0.0000 0.0184 0.0003 0.0004 0.0000 0.0000
2005.4808 0.0000 0.0000 1.0000 1.9900 -4.2400 0.0000 0.0000 0.0000 0.0274 0.0002 0.0003 0.0000 0.0000
2005.4836 0.0000 0.0000 1.2400 1.3400 -1.3500 0.0000 0.0000 0.0000 0.0325 0.0001 0.0003 0.0000 0.0000
2005.4863 0.0000 0.0000 0.8000 1.3000 -1.4100 0.0000 0.0000 0.0000 0.0316 0.0002 0.0008 0.0000 0.0000
2005.4890 0.0000 0.0000 1.7400 1.0500 -7.6200 0.0000 0.0000 0.0000 0.0295 0.0001 0.0012 0.0000 0.0000
2005.4918 0.0000 0.0000 -0.4200 2.1600 -3.0100 0.0000 0.0000 0.0000 0.0127 0.0003 0.0010 0.0000 0.0000
2005.4945 0.0000 0.0000 0.2900 -0.2600 -5.9100 0.0000 0.0000 0.0000 0.0244 0.0001 0.0011 0.0000 0.0000
2005.4973 0.0000 0.0000 2.3300 0.1200 -2.0700 0.0000 0.0000 0.0000 0.0171 0.0001 0.0016 0.0000 0.0000
2005.5000 0.0000 0.0000 -0.3500 0.9200 -7.1400 0.0000 0.0000 0.0000 0.0091 0.0001 0.0010 0.0000 0.0000
2005.5027 0.0000 0.0000 2.0100 0.1200 -2.0200 0.0000 0.0000 0.0000 0.0098 0.0001 0.0017 0.0000 0.0000
2005.5055 0.0000 0.0000 0.5700 0.6500 -8.7600 0.0000 0.0000 0.0000 0.0034 0.0001 0.0006 0.0000 0.0000
2005.5082 0.0000 0.0000 -0.7900 2.5500 -0.5200 0.0000 0.0000 0.0000 0.0050 0.0001 0.0008 0.0000 0.0000
2005.5110 0.0000 0.0000 -0.1500 1.1500 0.1100 0.0000 0.0000 0.0000 0.0031 0.0001 0.0021 0.0000 0.0000
2005.5137 0.0000 0.0000 1.6200 1.6800 -5.7100 0.0000 0.0000 0.0000 0.0015 0.0004 0.0011 0.0000 0.0000
2005.5164 0.0000 0.0000 -2.2000 1.3000 -3.0900 0.0000 0.0000 0.0000 0.0020 0.0007 0.0012 0.0000 0.0000
2005.5192 0.0000 0.0000 0.9500 0.8000 -2.5300 0.0000 0.0000 0.0000 0.0013 0.0006 0.0010 0.0000 0.0000
2005.5219 0.0000 0.0000 -0.7100 -1.0300 0.1500 0.0000 0.0000 0.0000 0.0007 0.0006 0.0014 0.0000 0.0000
2005.5247 0.0000 0.0000 -2.2200 1.3800 0.3300 0.0000 0.0000 0.0000 0.0016 0.0007 0.0013 0.0000 0.0000
2005.5274 0.0000 0.0000 2.3800 0.1200 -6.8000 0.0000 0.0000 0.0000 0.0005 0.0005 0.0003 0.0000 0.0000
2005.5301 0.0000 0.0000 -1.2100 1.6100 -1.1100 0.0000 0.0000 0.0000 0.0002 0.0009 0.0003 0.0000 0.0000
2005.5329 0.0000 0.0000 -2.0700 2.4700 -2.3000 0.0000 0.0000 0.0000 0.0003 0.0020 0.0002 0.0000 0.0000
2005.5356 0.0000 0.0000 -2.9700 0.2300 4.8000 0.0000 0.0000 0.0000 0.0006 0.0012 0.0009 0.0000 0.0000
2005.5384 0.0000 0.0000 1.0100 0.3800 -8.0600 0.0000 0.0000 0.0000 0.0006 0.0016 0.0002 0.0000 0.0000
2005.5411 0.0000 0.0000 -0.5000 1.7600 -3.5100 0.0000 0.0000 0.0000 0.0001 0.0019 0.0009 0.0000 0.0000
2005.5438 0.0000 0.0000 0.2500 1.4300 1.9400 0.0000 0.0000 0.0000 0.0003 0.0018 0.0018 0.0000 0.0000
2005.5466 0.0000 0.0000 -1.5300 2.6000 11.2800 0.0000 0.0000 0.0000 0.0001 0.0031 0.0015 0.0000 0.0000
2005.5493 0.0000 0.0000 -1.3400 0.9000 1.5000 0.0000 0.0000 0.0000 0.0001 0.0023 0.0019 0.0000 0.0000
2005.5521 0.0000 0.0000 -0.2100 1.3100 -2.4400 0.0000 0.0000 0.0000 0.0001 0.0023 0.0025 0.0000 0.0000
2005.5548 0.0000 0.0000 -1.9400 2.6500 1.8100 0.0000 0.0000 0.0000 0.0001 0.0032 0.0017 0.0000 0.0000
2005.5575 0.0000 0.0000 -0.4000 1.2200 1.8900 0.0000 0.0000 0.0000 0.0001 0.0029 0.0034 0.0000 0.0000
2005.5603 0.0000 0.0000 -0.1500 2.2900 -1.0100 0.0000 0.0000 0.0000 0.0001 0.0044 0.0012 0.0000 0.0000
2005.5630 0.0000 0.0000 -1.0000 2.0800 -2.2100 0.0000 0.0000 0.0000 0.0001 0.0052 0.0029 0.0000 0.0000
2005.5658 0.0000 0.0000 1.2500 1.7400 -9.5500 0.0000 0.0000 0.0000 0.0001 0.0065 0.0067 0.0000 0.0000
2005.5685 0.0000 0.0000 -0.9600 0.6100 -6.6700 0.0000 0.0000 0.0000 0.0001 0.0089 0.0045 0.0000 0.0000
2005.5712 0.0000 0.0000 1.1900 0.4400 -5.9800 0.0000 0.0000 0.0000 0.0002 0.0023 0.0029 0.0000 0.0000
2005.5740 0.0000 0.0000 -2.8400 1.8000 -1.9500 0.0000 0.0000 0.0000 0.0000 0.0035 0.0059 0.0000 0.0000
2005.5767 0.0000 0.0000 -0.4000 1.6400 -9.6300 0.0000 0.0000 0.0000 0.0001 0.0027 0.0085 0.0000 0.0000
2005.5795 0.0000 0.0000 -4.1900 1.9300 -5.2800 0.0000 0.0000 0.0000 0.0002 0.0022 0.0054 0.0000 0.0000
2005.5822 0.0000 0.0000 -0.8800 2.5700 -6.6900 0.0000 0.0000 0.0000 0.0002 0.0025 0.0037 0.0000 0.0000
2005.5849 0.0000 0.0000 -0.1700 3.3900 -8.3700 0.0000 0.0000 0.0000 0.0002 0.0036 0.0041 0.0000 0.0000
2005.5877 0.0000 0.0000 -0.4000 3.1600 -0.3000 0.0000 0.0000 0.0000 0.0004 0.0044 0.0023 0.0000 0.0000
2005.5904 0.0000 0.0000 -2.0100 2.1800 1.2200 0.0000 0.0000 0.0000 0.0005 0.0024 0.0019 0.0000 0.0000
2005.5932 0.0000 0.0000 -1.4800 3.3200 3.6400 0.0000 0.0000 0.0000 0.0003 0.0047 0.0028 0.0000 0.0000
2005.5959 0.0000 0.0000 -1.2500 1.8300 -0.6000 0.0000 0.0000 0.0000 0.0004 0.0037 0.0055 0.0000 0.0000
2005.5986 0.0000 0.0000 -2.3900 1.3100 -9.6600 0.0000 0.0000 0.0000 0.0002 0.0013 0.0033 0.0000 0.0000
2005.6014 0.0000 0.0000 0.3000 2.2500 -7.6800 0.0000 0.0000 0.0000 0.0006 0.0007 0.0016 0.0000 0.0000
2005.6041 0.0000 0.0000 -0.7800 1.4800 -2.5400 0.0000 0.0000 0.0000 0.0007 0.0004 0.0011 0.0000 0.0000
2005.6068 0.0000 0.0000 0.7400 2.0500 -3.3600 0.0000 0.0000 0.0000 0.0013 0.0003 0.0008 0.0000 0.0000
2005.6096 0.0000 0.0000 0.1100 3.2700 -2.5700 0.0000 0.0000 0.0000 0.0015 0.0004 0.0007 0.0000 0.0000
2005.6123 0.0000 0.0000 0.8200 1.6200 -2.6600 0.0000 0.0000 0.0000 0.0035 0.0003 0.0006 0.0000 0.0000
2005.6151 0.0000 0.0000 -0.4200 1.2300 0.0600 0.0000 0.0000 0.0000 0.0031 0.0004 0.0008 0.0000 0.0000
2005.6178 0.0000 0.0000 1.2800 2.1800 -1.1400 0.0000 0.0000 0.0000 0.0033 0.0005 0.0007 0.0000 0.0000
2005.6205 0.0000 0.0000 1.8100 1.8900 -1.2200 0.0000 0.0000 0.0000 0.0044 0.0006 0.0006 0.0000 0.0000
2005.6233 0.0000 0.0000 0.4800 2.5100 3.6100 0.0000 0.0000 0.0000 0.0047 0.0007 0.0009 0.0000 0.0000
2005.6260 0.0000 0.0000 -0.2300 3.2800 -2.5500 0.0000 0.0000 0.0000 0.0041 0.0007 0.0008 0.0000 0.0000
2005.6288 0.0000 0.0000 -0.3600 2.3200 1.6100 0.0000 0.0000 0.0000 0.0027 0.0009 0.0010 0.0000 0.0000
2005.6315 0.0000 0.0000 0.5800 1.6200 3.2200 0.0000 0.0000 0.0000 0.0021 0.0005 0.0011 0.0000 0.0000
2005.6342 0.0000 0.0000 -0.6500 1.4900 5.2700 0.0000 0.0000 0.0000 0.0006 0.0011 0.0012 0.0000 0.0000
2005.6370 0.0000 0.0000 0.5600 1.3700 0.5000 0.0000 0.0000 0.0000 0.0005 0.0016 0.0006 0.0000 0.0000
2005.6397 0.0000 0.0000 -1.4700 3.9800 4.3700 0.0000 0.0000 0.0000 0.0003 0.0017 0.0007 0.0000 0.0000
2005.6425 0.0000 0.0000 0.0500 1.0800 -4.2700 0.0000 0.0000 0.0000 0.0002 0.0010 0.0009 0.0000 0.0000
2005.6452 0.0000 0.0000 0.3100 2.7500 -5.6200 0.0000 0.0000 0.0000 0.0002 0.0007 0.0008 0.0000 0.0000
2005.6479 0.0000 0.0000 -1.1000 1.2800 0.8900 0.0000 0.0000 0.0000 0.0001 0.0013 0.0003 0.0000 0.0000
2005.6507 0.0000 0.0000 0.0500 1.8100 -0.8900 0.0000 0.0000 0.0000 0.0001 0.0008 0.0003 0.0000 0.0000
2005.6534 0.0000 0.0000 -0.2400 2.8400 1.4100 0.0000 0.0000 0.0000 0.0000 0.0017 0.0002 0.0000 0.0000
2005.6562 0.0000 0.0000 0.3400 0.9200 2.9800 0.0000 0.0000 0.0000 0.0000 0.0008 0.0003 0.0000 0.0000
2005.6589 0.0000 0.0000 3.1800 2.1400 -0.6800 0.0000 0.0000 0.0000 0.0002 0.0018 0.0002 0.0000 0.0000
2005.6616 0.0000 0.0000 0.5000 1.4400 -0.2900 0.0000 0.0000 0.0000 0.0001 0.0015 0.0002 0.0000 0.0000
2005.6644 0.0000 0.0000 -0.3400 3.0900 -3.3200 0.0000 0.0000 0.0000 0.0001 0.0013 0.0003 0.0000 0.0000
2005.6671 0.0000 0.0000 1.0000 2.0200 3.0200 0.0000 0.0000 0.0000 0.0001 0.0012 0.0002 0.0000 0.0000
2005.6699 0.0000 0.0000 0.3300 0.3300 2.2400 0.0000 0.0000 0.0000 0.0001 0.0005 0.0002 0.0000 0.0000
2005.6726 0.0000 0.0000 2.4900 1.7700 1.8900 0.0000 0.0000 0.0000 0.0002 0.0009 0.0001 0.0000 0.0000
2005.6753 0.0000 0.0000 0.9900 2.3800 -0.3700 0.0000 0.0000 0.0000 0.0001 0.0006 0.0002 0.0000 0.0000
2005.6781 0.0000 0.0000 2.1700 1.1000 -3.7600 0.0000 0.0000 0.0000 0.0002 0.0003 0.0007 0.0000 0.0000
2005.6808 0.0000 0.0000 2.6400 1.1300 -9.3900 0.0000 0.0000 0.0000 0.0002 0.0002 0.0013 0.0000 0.0000
2005.6836 0.0000 0.0000 -0.4800 1.5600 0.3200 0.0000 0.0000 0.0000 0.0001 0.0005 0.0001 0.0000 0.0000
2005.6863 0.0000 0.0000 -2.4000 5.8800 4.7200 0.0000 0.0000 0.0000 0.0001 0.0004 0.0004 0.0000 0.0000
2005.6890 0.0000 0.0000 2.8900 0.4400 -8.3200 0.0000 0.0000 0.0000 0.0000 0.0000 0.0007 0.0000 0.0000
2005.6918 0.0000 0.0000 1.1100 1.8700 2.2400 0.0000 0.0000 0.0000 0.0001 0.0001 0.0007 0.0000 0.0000
2005.6945 0.0000 0.0000 1.8000 0.3100 -0.9100 0.0000 0.0000 0.0000 0.0001 0.0001 0.0011 0.0000 0.0000
2005.6973 0.0000 0.0000 2.4300 1.5400 -4.0900 0.0000 0.0000 0.0000 0.0001 0.0003 0.0015 0.0000 0.0000
2005.7000 0.0000 0.0000 0.4600 3.4600 0.3700 0.0000 0.0000 0.0000 0.0000 0.0010 0.0017 0.0000 0.0000
2005.7027 0.0000 0.0000 0.9200 2.0100 -0.8600 0.0000 0.0000 0.0000 0.0000 0.0002 0.0024 0.0000 0.0000
2005.7055 0.0000 0.0000 1.1200 1.6400 0.1000 0.0000 0.0000 0.0000 0.0000 0.0002 0.0033 0.0000 0.0000
2005.7082 0.0000 0.0000 1.0100 0.9200 -4.3800 0.0000 0.0000 0.0000 0.0000 0.0001 0.0038 0.0000 0.0000
2005.7110 0.0000 0.0000 2.3400 2.0000 -8.2400 0.0000 0.0000 0.0000 0.0000 0.0005 0.0042 0.0000 0.0000
2005.7137 0.0000 0.0000 -0.6900 0.8500 -2.6200 0.0000 0.0000 0.0000 0.0000 0.0001 0.0021 0.0000 0.0000
2005.7164 0.0000 0.0000 -0.1400 1.5700 -3.0700 0.0000 0.0000 0.0000 0.0001 0.0003 0.0015 0.0000 0.0000
2005.7192 0.0000 0.0000 3.9200 1.3300 -1.3700 0.0000 0.0000 0.0000 0.0001 0.0002 0.0006 0.0000 0.0000
2005.7219 0.0000 0.0000 3.5300 0.0000 0.6500 0.0000 0.0000 0.0000 0.0001 0.0002 0.0006 0.0000 0.0000
2005.7247 0.0000 0.0000 3.8300 1.4200 -7.6400 0.0000 0.0000 0.0000 0.0001 0.0006 0.0007 0.0000 0.0000
2005.7274 0.0000 0.0000 6.5900 1.2800 -5.0300 0.0000 0.0000 0.0000 0.0001 0.0004 0.0005 0.0000 0.0000
2005.7301 0.0000 0.0000 1.9700 2.1700 -0.1900 0.0000 0.0000 0.0000 0.0001 0.0005 0.0006 0.0000 0.0000
2005.7329 0.0000 0.0000 0.7600 1.8600 1.9700 0.0000 0.0000 0.0000 0.0001 0.0004 0.0010 0.0000 0.0000
2005.7356 0.0000 0.0000 1.0500 1.1200 3.3200 0.0000 0.0000 0.0000 0.0000 0.0004 0.0004 0.0000 0.0000
2005.7384 0.0000 0.0000 1.4800 1.3200 -0.5800 0.0000 0.0000 0.0000 0.0000 0.0003 0.0004 0.0000 0.0000
2005.7411 0.0000 0.0000 2.9200 0.8700 -4.9900 0.0000 0.0000 0.0000 0.0000 0.0003 0.0005 0.0000 0.0000
2005.7438 0.0000 0.0000 -1.7300 1.3700 6.4900 0.0000 0.0000 0.0000 0.0000 0.0003 0.0005 0.0000 0.0000
2005.7466 0.0000 0.0000 -1.1600 2.2700 7.9700 0.0000 0.0000 0.0000 0.0001 0.0004 0.0015 0.0000 0.0000
2005.7493 0.0000 0.0000 2.2600 0.8300 -0.3400 0.0000 0.0000 0.0000 0.0001 0.0004 0.0006 0.0000 0.0000
2005.7521 0.0000 0.0000 0.7200 1.6100 -4.9800 0.0000 0.0000 0.0000 0.0002 0.0004 0.0006 0.0000 0.0000
2005.7548 0.0000 0.0000 2.9600 0.6900 2.5900 0.0000 0.0000 0.0000 0.0002 0.0005 0.0004 0.0000 0.0000
2005.7575 0.0000 0.0000 3.9000 2.1800 -5.4300 0.0000 0.0000 0.0000 0.0002 0.0006 0.0003 0.0000 0.0000
2005.7603 0.0000 0.0000 3.6700 2.1300 -1.2900 0.0000 0.0000 0.0000 0.0003 0.0003 0.0001 0.0000 0.0000
2005.7630 0.0000 0.0000 3.3200 1.2800 -0.9800 0.0000 0.0000 0.0000 0.0006 0.0005 0.0002 0.0000 0.0000
2005.7658 0.0000 0.0000 1.0000 0.9400 -0.7400 0.0000 0.0000 0.0000 0.0028 0.0004 0.0001 0.0000 0.0000
2005.7685 0.0000 0.0000 -0.4500 2.1400 4.5400 0.0000 0.0000 0.0000 0.0036 0.0002 0.0002 0.0000 0.0000
2005.7712 0.0000 0.0000 -0.0300 1.1200 -1.2200 0.0000 0.0000 0.0000 0.0035 0.0004 0.0001 0.0000 0.0000
2005.7740 0.0000 0.0000 1.1400 0.4700 5.0100 0.0000 0.0000 0.0000 0.0040 0.0004 0.0002 0.0000 0.0000
2005.7767 0.0000 0.0000 1.7500 1.7100 -0.2400 0.0000 0.0000 0.0000 0.0094 0.0001 0.0003 0.0000 0.0000
2005.7795 0.0000 0.0000 0.4800 0.6400 -4.1200 0.0000 0.0000 0.0000 0.0167 0.0001 0.0001 0.0000 0.0000
2005.7822 0.0000 0.0000 1.9100 -0.0900 -2.6200 0.0000 0.0000 0.0000 0.0182 0.0003 0.0003 0.0000 0.0000
2005.7849 0.0000 0.0000 1.8900 2.6200 -2.5400 0.0000 0.0000 0.0000 0.0362 0.0002 0.0005 0.0000 0.0000
2005.7877 0.0000 0.0000 4.1600 1.1000 0.7600 0.0000 0.0000 0.0000 0.0394 0.0001 0.0007 0.0000 0.0000
2005.7904 0.0000 0.0000 1.0600 2.5100 0.2900 0.0000 0.0000 0.0000 0.0355 0.0000 0.0012 0.0000 0.0000
2005.7932 0.0000 0.0000 1.3500 1.4500 -0.3000 0.0000 0.0000 0.0000 0.0609 0.0000 0.0012 0.0000 0.0000
2005.7959 0.0000 0.0000 1.4300 1.1500 0.2500 0.0000 0.0000 0.0000 0.0821 0.0001 0.0014 0.0000 0.0000
2005.7986 0.0000 0.0000 2.3200 2.9200 -2.8300 0.0000 0.0000 0.0000 0.1036 0.0000 0.0019 0.0000 0.0000
2005.8014 0.0000 0.0000 2.4400 2.2100 -2.0900 0.0000 0.0000 0.0000 0.1014 0.0000 0.0021 0.0000 0.0000
2005.8041 0.0000 0.0000 2.2600 1.1100 -5.8400 0.0000 0.0000 0.0000 0.0835 0.0000 0.0057 0.0000 0.0000
2005.8068 0.0000 0.0000 1.2300 2.1300 -11.5800 0.0000 0.0000 0.0000 0.0435 0.0000 0.0240 0.0000 0.0000
2005.8096 0.0000 0.0000 -0.1200 1.3700 0.1000 0.0000 0.0000 0.0000 0.0199 0.0000 0.0030 0.0000 0.0000
2005.8123 0.0000 0.0000 2.1700 0.8600 -3.1100 0.0000 0.0000 0.0000 0.0103 0.0000 0.0057 0.0000 0.0000
2005.8151 0.0000 0.0000 3.1700 1.5100 -8.8900 0.0000 0.0000 0.0000 0.0124 0.0000 0.0028 0.0000 0.0000
2005.8178 0.0000 0.0000 -0.2200 0.9200 -6.0900 0.0000 0.0000 0.0000 0.0072 0.0000 0.0035 0.0000 0.0000
2005.8205 0.0000 0.0000 3.3600 0.3100 -9.7200 0.0000 0.0000 0.0000 0.0111 0.0000 0.0045 0.0000 0.0000
2005.8233 0.0000 0.0000 4.8400 2.6800 -3.9600 0.0000 0.0000 0.0000 0.0087 0.0000 0.0029 0.0000 0.0000
2005.8260 0.0000 0.0000 2.3700 1.4800 -4.6000 0.0000 0.0000 0.0000 0.0197 0.0000 0.0014 0.0000 0.0000
2005.8288 0.0000 0.0000 1.7500 2.6200 -4.9200 0.0000 0.0000 0.0000 0.0329 0.0000 0.0012 0.0000 0.0000
2005.8315 0.0000 0.0000 4.0200 0.9500 -3.0900 0.0000 0.0000 0.0000 0.0351 0.0000 0.0010 0.0000 0.0000
2005.8342 0.0000 0.0000 5.2400 1.7700 -1.0500 0.0000 0.0000 0.0000 0.0227 0.0000 0.0011 0.0000 0.0000
2005.8370 0.0000 0.0000 3.7400 1.7900 -3.3600 0.0000 0.0000 0.0000 0.0317 0.0000 0.0016 0.0000 0.0000
2005.8397 0.0000 0.0000 3.6200 0.7300 2.6300 0.0000 0.0000 0.0000 0.0441 0.0000 0.0027 0.0000 0.0000
2005.8425 0.0000 0.0000 3.7700 1.0700 -3.6700 0.0000 0.0000 0.0000 0.0485 0.0000 0.0016 0.0000 0.0000
2005.8452 0.0000 0.0000 4.5100 1.5600 -0.1500 0.0000 0.0000 0.0000 0.0403 0.0001 0.0027 0.0000 0.0000
2005.8479 0.0000 0.0000 4.9400 1.9500 -5.7100 0.0000 0.0000 0.0000 0.0482 0.0001 0.0019 0.0000 0.0000
2005.8507 0.0000 0.0000 6.2400 1.3700 -4.0300 0.0000 0.0000 0.0000 0.0488 0.0000 0.0029 0.0000 0.0000
2005.8534 0.0000 0.0000 3.6900 2.9000 -6.2300 0.0000 0.0000 0.0000 0.0125 0.0014 0.0029 0.0000 0.0000
2005.8562 0.0000 0.0000 3.4800 2.9700 -3.5100 0.0000 0.0000 0.0000 0.0101 0.0032 0.0046 0.0000 0.0000
2005.8589 0.0000 0.0000 3.8400 2.3300 0.6600 0.0000 0.0000 0.0000 0.0090 0.0038 0.0012 0.0000 0.0000
2005.8616 0.0000 0.0000 5.0700 0.8800 -2.2600 0.0000 0.0000 0.0000 0.0220 0.0065 0.0020 0.0000 0.0000
2005.8644 0.0000 0.0000 5.4900 1.2100 -5.8700 0.0000 0.0000 0.0000 0.0224 0.0188 0.0027 0.0000 0.0000
2005.8671 0.0000 0.0000 5.7700 3.9600 -7.0300 0.0000 0.0000 0.0000 0.0265 0.0359 0.0028 0.0000 0.0000
2005.8699 0.0000 0.0000 4.2600 2.4100 -9.4700 0.0000 0.0000 0.0000 0.0385 0.1115 0.0021 0.0000 0.0000
2005.8726 0.0000 0.0000 4.2600 3.2200 -12.7000 0.0000 0.0000 0.0000 0.0779 0.3100 0.0090 0.0000 0.0000
2005.8753 0.0000 0.0000 3.6600 2.7600 -22.1600 0.0000 0.0000 0.0000 0.2074 0.5088 0.0258 0.0000 0.0000
2005.8781 0.0000 0.0000 0.3400 3.6400 -20.2700 0.0000 0.0000 0.0000 0.0493 0.7363 0.0128 0.0000 0.0000
2005.8808 0.0000 0.0000 2.8300 3.4200 -10.6000 0.0000 0.0000 0.0000 0.0462 0.8725 0.0035 0.0000 0.0000
2005.8836 0.0000 0.0000 0.9200 2.6800 -6.9000 0.0000 0.0000 0.0000 0.0144 0.9840 0.0022 0.0000 0.0000
2005.8863 0.0000 0.0000 1.0300 2.1900 -6.5300 0.0000 0.0000 0.0000 0.0083 0.9987 0.0027 0.0000 0.0000
2005.8890 0.0000 0.0000 4.7100 0.9900 -8.4900 0.0000 0.0000 0.0000 0.0051 0.9993 0.0028 0.0000 0.0000
2005.8918 0.0000 0.0000 5.3000 1.3200 -10.5900 0.0000 0.0000 0.0000 0.0049 0.9989 0.0023 0.0000 0.0000
2005.8945 0.0000 0.0000 2.5600 -0.1400 -7.3100 0.0000 0.0000 0.0000 0.0461 0.9980 0.0033 0.0000 0.0000
2005.8973 0.0000 0.0000 1.3600 -2.1900 -7.2200 0.0000 0.0000 0.0000 0.0944 0.9872 0.0063 0.0000 0.0000
2005.9000 0.0000 0.0000 -2.0500 -2.3600 -1.4400 0.0000 0.0000 0.0000 0.0374 0.8699 0.0070 0.0000 0.0000
2005.9027 0.0000 0.0000 -2.5900 -2.2400 -5.4800 0.0000 0.0000 0.0000 0.0041 0.5659 0.0167 0.0000 0.0000
2005.9055 0.0000 0.0000 -0.4000 -2.2800 -6.5600 0.0000 0.0000 0.0000 0.0020 0.3025 0.0287 0.0000 0.0000
2005.9082 0.0000 0.0000 1.3600 -1.9700 -15.1700 0.0000 0.0000 0.0000 0.0068 0.1103 0.0208 0.0000 0.0000
2005.9110 0.0000 0.0000 0.6900 -2.9300 -7.5100 0.0000 0.0000 0.0000 0.0141 0.0379 0.0163 0.0000 0.0000
2005.9137 0.0000 0.0000 0.0200 -1.4900 -9.0400 0.0000 0.0000 0.0000 0.0330 0.0184 0.0185 0.0000 0.0000
2005.9164 0.0000 0.0000 1.1300 -1.9900 -4.8200 0.0000 0.0000 0.0000 0.0910 0.0161 0.0230 0.0000 0.0000
2005.9192 0.0000 0.0000 2.4000 -3.7700 -5.1400 0.0000 0.0000 0.0000 0.1021 0.0044 0.0221 0.0000 0.0000
2005.9219 0.0000 0.0000 -1.2700 -2.0800 -7.5900 0.0000 0.0000 0.0000 0.2253 0.0018 0.0156 0.0000 0.0000
2005.9247 0.0000 0.0000 1.5300 -1.6500 -10.8800 0.0000 0.0000 0.0000 0.1261 0.0020 0.0161 0.0000 0.0000
2005.9274 0.0000 0.0000 2.1400 0.1600 -15.6600 0.0000 0.0000 0.0000 0.0965 0.0048 0.0045 0.0000 0.0000
2005.9301 0.0000 0.0000 1.3100 -1.4600 -6.6900 0.0000 0.0000 0.0000 0.0986 0.0019 0.0040 0.0000 0.0000
2005.9329 0.0000 0.0000 0.5800 -2.2800 1.3200 0.0000 0.0000 0.0000 0.1106 0.0010 0.0026 0.0000 0.0000
2005.9356 0.0000 0.0000 0.5500 -1.9100 -2.6000 0.0000 0.0000 0.0000 0.1098 0.0003 0.0022 0.0000 0.0000
2005.9384 0.0000 0.0000 1.7500 -1.3200 0.8300 0.0000 0.0000 0.0000 0.0731 0.0000 0.0022 0.0000 0.0000
2005.9411 0.0000 0.0000 1.5300 1.4800 3.3000 0.0000 0.0000 0.0000 0.0752 0.0000 0.0026 0.0000 0.0000
2005.9438 0.0000 0.0000 1.8900 -2.1200 3.8800 0.0000 0.0000 0.0000 0.1326 0.0000 0.0043 0.0000 0.0000
2005.9466 0.0000 0.0000 1.6600 -2.9000 0.6400 0.0000 0.0000 0.0000 0.2518 0.0000 0.0042 0.0000 0.0000
2005.9493 0.0000 0.0000 2.3600 -1.7200 4.1200 0.0000 0.0000 0.0000 0.3532 0.0000 0.0071 0.0000 0.0000
2005.9521 0.0000 0.0000 0.4700 -0.8900 -5.4700 0.0000 0.0000 0.0000 0.4293 0.0001 0.0083 0.0000 0.0000
2005.9548 0.0000 0.0000 0.1300 -2.2600 -4.7700 0.0000 0.0000 0.0000 0.2119 0.0000 0.0042 0.0000 0.0000
2005.9575 0.0000 0.0000 -0.8700 -2.0500 -3.2900 0.0000 0.0000 0.0000 0.0821 0.0000 0.0020 0.0000 0.0000
2005.9603 0.0000 0.0000 -0.5900 -2.5900 -4.1700 0.0000 0.0000 0.0000 0.1161 0.0000 0.0006 0.0000 0.0000
2005.9630 0.0000 0.0000 -3.6800 -2.6600 -7.4200 0.0000 0.0000 0.0000 0.2007 0.0001 0.0002 0.0000 0.0000
2005.9658 0.0000 0.0000 -0.5800 -4.3200 2.5200 0.0000 0.0000 0.0000 0.0762 0.0001 0.0002 0.0000 0.0000
2005.9685 0.0000 0.0000 -2.4700 -3.5800 -5.2600 0.0000 0.0000 0.0000 0.2013 0.0002 0.0001 0.0000 0.0000
2005.9712 0.0000 0.0000 -1.0800 -4.2000 -4.1400 0.0000 0.0000 0.0000 0.2385 0.0006 0.0001 0.0000 0.0000
2005.9740 0.0000 0.0000 2.3900 -2.3800 0.0300 0.0000 0.0000 0.0000 0.2383 0.0010 0.0001 0.0000 0.0000
2005.9767 0.0000 0.0000 0.2800 -1.8500 -1.3600 0.0000 0.0000 0.0000 0.0240 0.0015 0.0000 0.0000 0.0000
2005.9795 0.0000 0.0000 -4.7400 -1.1900 -3.1200 0.0000 0.0000 0.0000 0.0187 0.0003 0.0000 0.0000 0.0000
2005.9822 0.0000 0.0000 -3.6600 -2.8600 -0.9500 0.0000 0.0000 0.0000 0.0430 0.0002 0.0001 0.0000 0.0000
2005.9849 0.0000 0.0000 -4.8800 -3.2700 1.1000 0.0000 0.0000 0.0000 0.0326 0.0001 0.0000 0.0000 0.0000
2005.9877 0.0000 0.0000 -1.9900 -3.0600 1.3100 0.0000 0.0000 0.0000 0.0252 0.0002 0.0000 0.0000 0.0000
2005.9904 0.0000 0.0000 -2.6100 -2.5600 2.9800 0.0000 0.0000 0.0000 0.0078 0.0005 0.0001 0.0000 0.0000
2005.9932 0.0000 0.0000 -1.9900 -1.5800 -5.7200 0.0000 0.0000 0.0000 0.0058 0.0006 0.0001 0.0000 0.0000
2005.9959 0.0000 0.0000 -1.9500 -2.7700 6.2600 0.0000 0.0000 0.0000 0.0029 0.0002 0.0000 0.0000 0.0000
2005.9986 0.0000 0.0000 -1.9400 -3.8400 13.5400 0.0000 0.0000 0.0000 0.0015 0.0001 0.0001 0.0000 0.0000
2006.0014 0.0000 0.0000 -2.2800 -2.8300 -2.2200 0.0000 0.0000 0.0000 0.0014 0.0001 0.0000 0.0000 0.0000
2006.0041 0.0000 0.0000 -1.7900 -1.8000 2.9600 0.0000 0.0000 0.0000 0.0012 0.0002 0.0001 0.0000 0.0000
2006.0068 0.0000 0.0000 -1.5700 -2.1000 -2.5300 0.0000 0.0000 0.0000 0.0010 0.0007 0.0001 0.0000 0.0000
2006.0096 0.0000 0.0000 -1.4900 -2.2200 -10.2200 0.0000 0.0000 0.0000 0.0007 0.0010 0.0001 0.0000 0.0000
2006.0123 0.0000 0.0000 -2.3200 1.5800 -3.9500 0.0000 0.0000 0.0000 0.0005 0.0009 0.0001 0.0000 0.0000
2006.0151 0.0000 0.0000 -1.4000 -1.6700 0.1800 0.0000 0.0000 0.0000 0.0005 0.0005 0.0001 0.0000 0.0000
2006.0178 0.0000 0.0000 -3.1300 -2.0300 0.1400 0.0000 0.0000 0.0000 0.0002 0.0007 0.0001 0.0000 0.0000
2006.0205 0.0000 0.0000 -0.5800 -2.2700 -0.8000 0.0000 0.0000 0.0000 0.0004 0.0006 0.0001 0.0000 0.0000
2006.0233 0.0000 0.0000 -2.1000 -1.3500 -5.1600 0.0000 0.0000 0.0000 0.0003 0.0012 0.0001 0.0000 0.0000
2006.0260 0.0000 0.0000 -1.1000 -2.7800 -2.1700 0.0000 0.0000 0.0000 0.0003 0.0018 0.0001 0.0000 0.0000
2006.0288 0.0000 0.0000 -0.4700 -1.5200 -1.5500 0.0000 0.0000 0.0000 0.0004 0.0018 0.0001 0.0000 0.0000
2006.0315 0.0000 0.0000 1.0600 -2.2500 3.3300 0.0000 0.0000 0.0000 0.0007 0.0023 0.0001 0.0000 0.0000
2006.0342 0.0000 0.0000 -0.9300 -2.3600 -2.9000 0.0000 0.0000 0.0000 0.0005 0.0017 0.0000 0.0000 0.0000
2006.0370 0.0000 0.0000 0.4300 -3.0600 -3.3500 0.0000 0.0000 0.0000 0.0009 0.0007 0.0001 0.0000 0.0000
2006.0397 0.0000 0.0000 -0.2200 -0.9000 -10.9100 0.0000 0.0000 0.0000 0.0014 0.0017 0.0000 0.0000 0.0000
2006.0425 0.0000 0.0000 -2.0100 -2.4600 -8.8800 0.0000 0.0000 0.0000 0.0004 0.0013 0.0001 0.0000 0.0000
2006.0452 0.0000 0.0000 -1.5100 -2.7300 -0.0900 0.0000 0.0000 0.0000 0.0003 0.0009 0.0001 0.0000 0.0000
2006.0479 0.0000 0.0000 -3.3300 -1.0300 -1.9400 0.0000 0.0000 0.0000 0.0002 0.0014 0.0001 0.0000 0.0000
2006.0507 0.0000 0.0000 -0.9000 -1.1000 -2.6300 0.0000 0.0000 0.0000 0.0001 0.0036 0.0001 0.0000 0.0000
2006.0534 0.0000 0.0000 0.6000 -2.3700 0.2100 0.0000 0.0000 0.0000 0.0001 0.0020 0.0001 0.0000 0.0000
2006.0562 0.0000 0.0000 0.7800 -1.6100 -1.3400 0.0000 0.0000 0.0000 0.0001 0.0039 0.0001 0.0000 0.0000
2006.0589 0.0000 0.0000 1.5700 -0.2700 -2.0200 0.0000 0.0000 0.0000 0.0001 0.0076 0.0001 0.0000 0.0000
2006.0616 0.0000 0.0000 0.7300 -0.6800 -7.0400 0.0000 0.0000 0.0000 0.0001 0.0126 0.0000 0.0000 0.0000
2006.0644 0.0000 0.0000 -1.4900 -1.0600 -0.2700 0.0000 0.0000 0.0000 0.0001 0.0107 0.0000 0.0000 0.0000
2006.0671 0.0000 0.0000 -1.7200 -1.3500 0.7900 0.0000 0.0000 0.0000 0.0001 0.0078 0.0001 0.0000 0.0000
2006.0699 0.0000 0.0000 -0.6500 -2.6300 -4.7900 0.0000 0.0000 0.0000 0.0001 0.0087 0.0000 0.0000 0.0000
2006.0726 0.0000 0.0000 -0.2300 -2.6300 0.0700 0.0000 0.0000 0.0000 0.0000 0.0009 0.0001 0.0000 0.0000
2006.0753 0.0000 0.0000 0.2400 -2.7700 -9.0200 0.0000 0.0000 0.0000 0.0000 0.0006 0.0002 0.0000 0.0000
2006.0781 0.0000 0.0000 -0.5600 -1.3400 -3.8200 0.0000 0.0000 0.0000 0.0000 0.0005 0.0008 0.0000 0.0000
2006.0808 0.0000 0.0000 -1.6700 -2.6100 1.7000 0.0000 0.0000 0.0000 0.0000 0.0003 0.0009 0.0000 0.0000
2006.0836 0.0000 0.0000 -1.5600 -0.8700 1.8600 0.0000 0.0000 0.0000 0.0001 0.0003 0.0011 0.0000 0.0000
2006.0863 0.0000 0.0000 -0.5900 -1.7700 1.1700 0.0000 0.0000 0.0000 0.0001 0.0005 0.0018 0.0000 0.0000
2006.0890 0.0000 0.0000 2.3100 -1.4900 1.4400 0.0000 0.0000 0.0000 0.0001 0.0006 0.0019 0.0000 0.0000
2006.0918 0.0000 0.0000 0.4000 -0.7400 2.4800 0.0000 0.0000 0.0000 0.0001 0.0007 0.0014 0.0000 0.0000
2006.0945 0.0000 0.0000 0.4500 -1.6800 -3.3600 0.0000 0.0000 0.0000 0.0001 0.0008 0.0042 0.0000 0.0000
2006.0973 0.0000 0.0000 1.1500 -1.1100 -6.5700 0.0000 0.0000 0.0000 0.0000 0.0008 0.0072 0.0000 0.0000
2006.1000 0.0000 0.0000 -0.6500 -1.1900 -9.2100 0.0000 0.0000 0.0000 0.0001 0.0009 0.0125 0.0000 0.0000
2006.1027 0.0000 0.0000 -1.2700 -1.0700 -4.6300 0.0000 0.0000 0.0000 0.0001 0.0006 0.0115 0.0000 0.0000
2006.1055 0.0000 0.0000 -1.8700 -0.7300 -6.4800 0.0000 0.0000 0.0000 0.0002 0.0011 0.0113 0.0000 0.0000
2006.1082 0.0000 0.0000 -0.4300 -1.6500 -9.6300 0.0000 0.0000 0.0000 0.0001 0.0005 0.0096 0.0000 0.0000
2006.1110 0.0000 0.0000 -1.1200 -1.2200 -5.4200 0.0000 0.0000 0.0000 0.0001 0.0005 0.0041 0.0000 0.0000
2006.1137 0.0000 0.0000 0.9900 0.0600 -8.0900 0.0000 0.0000 0.0000 0.0001 0.0005 0.0025 0.0000 0.0000
2006.1164 0.0000 0.0000 -0.5700 -1.3600 -7.2100 0.0000 0.0000 0.0000 0.0001 0.0004 0.0010 0.0000 0.0000
2006.1192 0.0000 0.0000 -1.6200 -2.0900 -6.9200 0.0000 0.0000 0.0000 0.0001 0.0004 0.0009 0.0000 0.0000
2006.1219 0.0000 0.0000 -0.9900 -1.0800 4.3500 0.0000 0.0000 0.0000 0.0001 0.0007 0.0003 0.0000 0.0000
2006.1247 0.0000 0.0000 -1.6600 -0.9800 5.8200 0.0000 0.0000 0.0000 0.0001 0.0007 0.0009 0.0000 0.0000
2006.1274 0.0000 0.0000 0.8900 -1.4000 -2.9500 0.0000 0.0000 0.0000 0.0000 0.0009 0.0010 0.0000 0.0000
2006.1301 0.0000 0.0000 -1.6200 -1.5600 -6.9200 0.0000 0.0000 0.0000 0.0000 0.0011 0.0033 0.0000 0.0000
2006.1329 0.0000 0.0000 0.4900 -0.6800 -0.5000 0.0000 0.0000 0.0000 0.0000 0.0019 0.0031 0.0000 0.0000
2006.1356 0.0000 0.0000 0.8000 -1.6200 -1.4700 0.0000 0.0000 0.0000 0.0001 0.0042 0.0037 0.0000 0.0000
2006.1384 0.0000 0.0000 1.6700 -1.5100 -2.2900 0.0000 0.0000 0.0000 0.0001 0.0069 0.0044 0.0000 0.0000
2006.1438 0.0000 0.0000 0.8900 -1.5900 -4.4400 0.0000 0.0000 0.0000 0.0001 0.0067 0.0027 0.0000 0.0000
2006.1466 0.0000 0.0000 -0.1400 -1.0000 0.2400 0.0000 0.0000 0.0000 0.0001 0.0029 0.0023 0.0000 0.0000
2006.1493 0.0000 0.0000 0.8900 -1.9100 -1.4800 0.0000 0.0000 0.0000 0.0001 0.0085 0.0028 0.0000 0.0000
2006.1521 0.0000 0.0000 3.0600 -2.2100 -0.3400 0.0000 0.0000 0.0000 0.0002 0.0143 0.0035 0.0000 0.0000
2006.1548 0.0000 0.0000 -0.1900 -3.2000 2.4100 0.0000 0.0000 0.0000 0.0001 0.0272 0.0040 0.0000 0.0000
2006.1575 0.0000 0.0000 -1.3800 -0.8800 11.0800 0.0000 0.0000 0.0000 0.0001 0.0099 0.0056 0.0000 0.0000
2006.1603 0.0000 0.0000 -1.3300 -2.6200 8.2700 0.0000 0.0000 0.0000 0.0001 0.0196 0.0107 0.0000 0.0000
2006.1630 0.0000 0.0000 -1.8800 -1.4400 -0.0400 0.0000 0.0000 0.0000 0.0001 0.0154 0.0049 0.0000 0.0000
2006.1685 0.0000 0.0000 -1.4900 -1.8200 -3.7000 0.0000 0.0000 0.0000 0.0001 0.0104 0.0062 0.0000 0.0000
2006.1712 0.0000 0.0000 -2.0100 -2.1900 -3.0000 0.0000 0.0000 0.0000 0.0001 0.0069 0.0039 0.0000 0.0000
2006.1740 0.0000 0.0000 -0.5600 -2.5800 -6.2500 0.0000 0.0000 0.0000 0.0001 0.0227 0.0016 0.0000 0.0000
2006.1767 0.0000 0.0000 -0.4500 -1.9700 -5.1200 0.0000 0.0000 0.0000 0.0001 0.0149 0.0005 0.0000 0.0000
2006.1795 0.0000 0.0000 -0.6500 -1.5300 -4.7100 0.0000 0.0000 0.0000 0.0001 0.0104 0.0002 0.0000 0.0000
2006.1822 0.0000 0.0000 -2.3900 -2.4800 -5.3400 0.0000 0.0000 0.0000 0.0001 0.0085 0.0001 0.0000 0.0000
2006.1849 0.0000 0.0000 -5.5000 -2.7400 5.3400 0.0000 0.0000 0.0000 0.0000 0.0060 0.0001 0.0000 0.0000
2006.1877 0.0000 0.0000 -2.3800 -2.8100 1.4400 0.0000 0.0000 0.0000 0.0001 0.0053 0.0001 0.0000 0.0000
2006.1904 0.0000 0.0000 1.5600 -3.1000 3.7100 0.0000 0.0000 0.0000 0.0001 0.0041 0.0001 0.0000 0.0000
2006.1932 0.0000 0.0000 1.3600 -1.2100 0.7600 0.0000 0.0000 0.0000 0.0003 0.0015 0.0001 0.0000 0.0000
2006.1959 0.0000 0.0000 -0.1000 -1.9500 0.4500 0.0000 0.0000 0.0000 0.0003 0.0007 0.0001 0.0000 0.0000
2006.1986 0.0000 0.0000 0.4800 -2.8100 6.1400 0.0000 0.0000 0.0000 0.0004 0.0004 0.0004 0.0000 0.0000
2006.2014 0.0000 0.0000 2.2300 -1.6400 -2.6500 0.0000 0.0000 0.0000 0.0007 0.0003 0.0002 0.0000 0.0000
2006.2041 0.0000 0.0000 3.2100 -1.2100 -1.9800 0.0000 0.0000 0.0000 0.0007 0.0003 0.0001 0.0000 0.0000
2006.2068 0.0000 0.0000 2.4600 -1.5800 -4.0800 0.0000 0.0000 0.0000 0.0005 0.0005 0.0003 0.0000 0.0000
2006.2096 0.0000 0.0000 3.2200 -1.7800 1.0200 0.0000 0.0000 0.0000 0.0010 0.0007 0.0003 0.0000 0.0000
2006.2123 0.0000 0.0000 0.5600 -1.9800 1.7200 0.0000 0.0000 0.0000 0.0002 0.0007 0.0008 0.0000 0.0000
2006.2151 0.0000 0.0000 1.1900 -0.6200 -0.3300 0.0000 0.0000 0.0000 0.0004 0.0005 0.0004 0.0000 0.0000
2006.2178 0.0000 0.0000 -1.0400 -1.7300 4.6600 0.0000 0.0000 0.0000 0.0002 0.0008 0.0007 0.0000 0.0000
2006.2205 0.0000 0.0000 0.8400 -1.6700 -4.7700 0.0000 0.0000 0.0000 0.0007 0.0004 0.0006 0.0000 0.0000
2006.2233 0.0000 0.0000 1.7000 -0.5000 -5.7300 0.0000 0.0000 0.0000 0.0004 0.0003 0.0026 0.0000 0.0000
2006.2260 0.0000 0.0000 1.5000 -3.0400 3.3100 0.0000 0.0000 0.0000 0.0011 0.0005 0.0071 0.0000 0.0000
2006.2288 0.0000 0.0000 -2.5400 -3.5100 0.4700 0.0000 0.0000 0.0000 0.0001 0.0004 0.0097 0.0000 0.0000
2006.2315 0.0000 0.0000 2.7600 -2.2100 -2.9600 0.0000 0.0000 0.0000 0.0002 0.0001 0.0059 0.0000 0.0000
2006.2342 0.0000 0.0000 0.3400 -2.7400 2.7100 0.0000 0.0000 0.0000 0.0005 0.0002 0.0208 0.0000 0.0000
2006.2370 0.0000 0.0000 -1.6300 -2.5000 -1.1400 0.0000 0.0000 0.0000 0.0001 0.0008 0.0163 0.0000 0.0000
2006.2397 0.0000 0.0000 -2.5400 -1.2900 -0.1100 0.0000 0.0000 0.0000 0.0001 0.0002 0.0149 0.0000 0.0000
2006.2425 0.0000 0.0000 0.2300 -2.1000 -1.3000 0.0000 0.0000 0.0000 0.0002 0.0004 0.0131 0.0000 0.0000
2006.2452 0.0000 0.0000 -2.3200 -3.3200 -2.8500 0.0000 0.0000 0.0000 0.0002 0.0004 0.0132 0.0000 0.0000
2006.2479 0.0000 0.0000 -0.5000 -2.9000 -6.2000 0.0000 0.0000 0.0000 0.0009 0.0003 0.0103 0.0000 0.0000
2006.2507 0.0000 0.0000 0.9500 -2.9100 -3.4800 0.0000 0.0000 0.0000 0.0007 0.0004 0.0160 0.0000 0.0000
2006.2534 0.0000 0.0000 0.0800 -2.3900 -6.3200 0.0000 0.0000 0.0000 0.0012 0.0003 0.0166 0.0000 0.0000
2006.2562 0.0000 0.0000 -0.1800 -1.5300 -3.0100 0.0000 0.0000 0.0000 0.0021 0.0008 0.0228 0.0000 0.0000
2006.2589 0.0000 0.0000 -0.9300 -2.9500 1.6000 0.0000 0.0000 0.0000 0.0049 0.0006 0.0078 0.0000 0.0000
2006.2616 0.0000 0.0000 -0.7300 -1.8800 -4.4800 0.0000 0.0000 0.0000 0.0069 0.0010 0.0080 0.0000 0.0000
2006.2644 0.0000 0.0000 -0.2400 -1.9800 -4.3500 0.0000 0.0000 0.0000 0.0091 0.0021 0.0071 0.0000 0.0000
2006.2671 0.0000 0.0000 -1.3100 -1.8600 -8.8200 0.0000 0.0000 0.0000 0.0134 0.0036 0.0047 0.0000 0.0000
2006.2699 0.0000 0.0000 -2.3500 -2.4200 -8.3900 0.0000 0.0000 0.0000 0.0161 0.0034 0.0058 0.0000 0.0000
2006.2726 0.0000 0.0000 -1.3200 -4.3700 -2.0300 0.0000 0.0000 0.0000 0.0117 0.0025 0.0042 0.0000 0.0000
2006.2753 0.0000 0.0000 -0.2300 -3.3100 -4.9900 0.0000 0.0000 0.0000 0.0082 0.0009 0.0018 0.0000 0.0000
2006.2781 0.0000 0.0000 -0.3800 -2.3300 -6.3800 0.0000 0.0000 0.0000 0.0107 0.0020 0.0007 0.0000 0.0000
2006.2808 0.0000 0.0000 -3.6000 -1.6200 -10.4400 0.0000 0.0000 0.0000 0.0429 0.0048 0.0020 0.0000 0.0000
2006.2836 0.0000 0.0000 -2.8500 -2.4200 0.4600 0.0000 0.0000 0.0000 0.0150 0.0018 0.0013 0.0000 0.0000
2006.2863 0.0000 0.0000 -0.9800 -2.8200 -0.9300 0.0000 0.0000 0.0000 0.0142 0.0011 0.0002 0.0000 0.0000
2006.2890 0.0000 0.0000 0.1900 -2.7100 0.4300 0.0000 0.0000 0.0000 0.0107 0.0006 0.0004 0.0000 0.0000
2006.2918 0.0000 0.0000 -1.2400 -0.8500 -6.8900 0.0000 0.0000 0.0000 0.0072 0.0058 0.0003 0.0000 0.0000
2006.2945 0.0000 0.0000 2.5200 -2.3500 -8.6600 0.0000 0.0000 0.0000 0.0027 0.0020 0.0002 0.0000 0.0000
2006.2973 0.0000 0.0000 1.0700 -0.6000 -13.7300 0.0000 0.0000 0.0000 0.0126 0.0093 0.0002 0.0000 0.0000
2006.3000 0.0000 0.0000 0.1100 -3.0600 -8.5900 0.0000 0.0000 0.0000 0.0135 0.0012 0.0002 0.0000 0.0000
2006.3027 0.0000 0.0000 1.2700 -2.8600 -3.0300 0.0000 0.0000 0.0000 0.0136 0.0011 0.0001 0.0000 0.0000
2006.3055 0.0000 0.0000 0.8700 -2.6200 -2.8700 0.0000 0.0000 0.0000 0.0162 0.0010 0.0001 0.0000 0.0000
2006.3082 0.0000 0.0000 2.0600 -0.7600 -6.2300 0.0000 0.0000 0.0000 0.0176 0.0032 0.0001 0.0000 0.0000
2006.3110 0.0000 0.0000 1.6200 -1.7500 -5.4600 0.0000 0.0000 0.0000 0.0280 0.0024 0.0001 0.0000 0.0000
2006.3137 0.0000 0.0000 0.0000 -1.3600 -0.8100 0.0000 0.0000 0.0000 0.0217 0.0027 0.0001 0.0000 0.0000
2006.3164 0.0000 0.0000 -0.0300 -0.8600 0.8600 0.0000 0.0000 0.0000 0.0143 0.0035 0.0001 0.0000 0.0000
2006.3192 0.0000 0.0000 0.0200 -1.2400 1.6300 0.0000 0.0000 0.0000 0.0098 0.0019 0.0001 0.0000 0.0000
2006.3219 0.0000 0.0000 -0.6000 -2.1600 -1.4800 0.0000 0.0000 0.0000 0.0041 0.0007 0.0001 0.0000 0.0000
2006.3247 0.0000 0.0000 -0.8000 -0.6700 -7.6200 0.0000 0.0000 0.0000 0.0015 0.0007 0.0001 0.0000 0.0000
2006.3274 0.0000 0.0000 0.7700 -1.3100 -5.3400 0.0000 0.0000 0.0000 0.0006 0.0024 0.0001 0.0000 0.0000
2006.3301 0.0000 0.0000 2.8500 -2.3600 -3.6000 0.0000 0.0000 0.0000 0.0003 0.0044 0.0001 0.0000 0.0000
2006.3329 0.0000 0.0000 0.1400 -0.9500 -6.2100 0.0000 0.0000 0.0000 0.0002 0.0073 0.0002 0.0000 0.0000
2006.3356 0.0000 0.0000 2.0400 1.9400 1.5200 0.0000 0.0000 0.0000 0.0002 0.0101 0.0002 0.0000 0.0000
2006.3384 0.0000 0.0000 -0.1000 -1.9800 -0.6500 0.0000 0.0000 0.0000 0.0001 0.0067 0.0003 0.0000 0.0000
2006.3411 0.0000 0.0000 1.8600 -3.0200 -4.5400 0.0000 0.0000 0.0000 0.0001 0.0050 0.0003 0.0000 0.0000
2006.3438 0.0000 0.0000 0.2400 -0.9400 -3.8800 0.0000 0.0000 0.0000 0.0001 0.0038 0.0004 0.0000 0.0000
2006.3466 0.0000 0.0000 0.6300 -2.4000 0.3400 0.0000 0.0000 0.0000 0.0001 0.0088 0.0004 0.0000 0.0000
2006.3493 0.0000 0.0000 0.1300 -1.7100 -1.3500 0.0000 0.0000 0.0000 0.0001 0.0118 0.0004 0.0000 0.0000
2006.3521 0.0000 0.0000 1.3700 -2.2200 -4.0200 0.0000 0.0000 0.0000 0.0001 0.0193 0.0001 0.0000 0.0000
2006.3548 0.0000 0.0000 -0.5800 -2.0200 -5.7000 0.0000 0.0000 0.0000 0.0001 0.0203 0.0001 0.0000 0.0000
2006.3575 0.0000 0.0000 1.5400 -0.4300 -9.7300 0.0000 0.0000 0.0000 0.0002 0.0059 0.0001 0.0000 0.0000
2006.3603 0.0000 0.0000 0.9900 -2.7100 -8.1600 0.0000 0.0000 0.0000 0.0002 0.0159 0.0001 0.0000 0.0000
2006.3630 0.0000 0.0000 1.4200 -2.5400 -7.2000 0.0000 0.0000 0.0000 0.0001 0.0096 0.0001 0.0000 0.0000
2006.3658 0.0000 0.0000 0.6600 -2.0500 -7.6000 0.0000 0.0000 0.0000 0.0002 0.0188 0.0001 0.0000 0.0000
2006.3685 0.0000 0.0000 1.4300 -4.7700 -3.7700 0.0000 0.0000 0.0000 0.0001 0.0162 0.0001 0.0000 0.0000
2006.3712 0.0000 0.0000 -1.2000 -2.1300 -5.6100 0.0000 0.0000 0.0000 0.0002 0.0137 0.0001 0.0000 0.0000
2006.3740 0.0000 0.0000 -1.0800 -2.9600 -0.9500 0.0000 0.0000 0.0000 0.0002 0.0040 0.0000 0.0000 0.0000
2006.3767 0.0000 0.0000 -0.1400 -2.6000 -0.0200 0.0000 0.0000 0.0000 0.0003 0.0055 0.0000 0.0000 0.0000
2006.3795 0.0000 0.0000 -1.0500 -4.6300 -7.1400 0.0000 0.0000 0.0000 0.0002 0.0047 0.0000 0.0000 0.0000
2006.3822 0.0000 0.0000 -1.2700 -3.7200 -3.9200 0.0000 0.0000 0.0000 0.0003 0.0092 0.0000 0.0000 0.0000
2006.3849 0.0000 0.0000 -4.0300 -1.9500 0.2700 0.0000 0.0000 0.0000 0.0007 0.0033 0.0001 0.0000 0.0000
2006.3877 0.0000 0.0000 -3.1000 -3.0500 -4.2500 0.0000 0.0000 0.0000 0.0007 0.0015 0.0001 0.0000 0.0000
2006.3904 0.0000 0.0000 -0.0900 -2.5200 -4.2400 0.0000 0.0000 0.0000 0.0006 0.0014 0.0001 0.0000 0.0000
2006.3932 0.0000 0.0000 0.3900 -1.0400 -7.3700 0.0000 0.0000 0.0000 0.0004 0.0010 0.0001 0.0000 0.0000
2006.3959 0.0000 0.0000 0.6500 -1.3200 -9.5400 0.0000 0.0000 0.0000 0.0004 0.0005 0.0001 0.0000 0.0000
2006.3986 0.0000 0.0000 0.2900 -2.9800 -5.1800 0.0000 0.0000 0.0000 0.0004 0.0003 0.0001 0.0000 0.0000
2006.4014 0.0000 0.0000 -0.4800 -2.1600 1.3600 0.0000 0.0000 0.0000 0.0002 0.0001 0.0002 0.0000 0.0000
2006.4041 0.0000 0.0000 0.5500 -2.3700 -5.3400 0.0000 0.0000 0.0000 0.0003 0.0002 0.0003 0.0000 0.0000
2006.4068 0.0000 0.0000 -0.8900 -1.5900 -7.0500 0.0000 0.0000 0.0000 0.0002 0.0001 0.0002 0.0000 0.0000
2006.4096 0.0000 0.0000 -0.1300 -1.7000 -5.8700 0.0000 0.0000 0.0000 0.0003 0.0002 0.0003 0.0000 0.0000
2006.4123 0.0000 0.0000 -0.2700 -3.1500 -4.3000 0.0000 0.0000 0.0000 0.0005 0.0002 0.0002 0.0000 0.0000
2006.4151 0.0000 0.0000 0.2500 -2.2500 -5.8100 0.0000 0.0000 0.0000 0.0008 0.0002 0.0002 0.0000 0.0000
2006.4178 0.0000 0.0000 0.6600 -3.5400 -1.0800 0.0000 0.0000 0.0000 0.0017 0.0002 0.0003 0.0000 0.0000
2006.4205 0.0000 0.0000 1.7800 -3.0700 -8.1800 0.0000 0.0000 0.0000 0.0050 0.0002 0.0001 0.0000 0.0000
2006.4233 0.0000 0.0000 0.5200 -1.9300 0.8000 0.0000 0.0000 0.0000 0.0068 0.0002 0.0004 0.0000 0.0000
2006.4260 0.0000 0.0000 0.9900 -2.1800 -1.9000 0.0000 0.0000 0.0000 0.0126 0.0002 0.0006 0.0000 0.0000
2006.4288 0.0000 0.0000 1.5600 -3.0800 -5.2000 0.0000 0.0000 0.0000 0.0208 0.0001 0.0004 0.0000 0.0000
2006.4315 0.0000 0.0000 1.3500 -1.9900 -5.8300 0.0000 0.0000 0.0000 0.0188 0.0001 0.0004 0.0000 0.0000
2006.4342 0.0000 0.0000 1.9300 -2.3600 -3.7300 0.0000 0.0000 0.0000 0.0223 0.0003 0.0004 0.0000 0.0000
2006.4370 0.0000 0.0000 0.3900 -1.8200 0.0700 0.0000 0.0000 0.0000 0.0174 0.0006 0.0007 0.0000 0.0000
2006.4397 0.0000 0.0000 1.1100 -2.6300 1.0400 0.0000 0.0000 0.0000 0.0155 0.0003 0.0012 0.0000 0.0000
2006.4425 0.0000 0.0000 1.3800 -3.9700 2.9500 0.0000 0.0000 0.0000 0.0130 0.0004 0.0018 0.0000 0.0000
2006.4452 0.0000 0.0000 -1.0900 -4.9900 -1.3700 0.0000 0.0000 0.0000 0.0028 0.0002 0.0012 0.0000 0.0000
2006.4479 0.0000 0.0000 0.4200 -1.2300 -5.4800 0.0000 0.0000 0.0000 0.0017 0.0002 0.0010 0.0000 0.0000
2006.4507 0.0000 0.0000 -1.3700 -0.9900 3.9200 0.0000 0.0000 0.0000 0.0005 0.0002 0.0009 0.0000 0.0000
2006.4534 0.0000 0.0000 -1.9900 -1.6400 5.3700 0.0000 0.0000 0.0000 0.0005 0.0002 0.0015 0.0000 0.0000
2006.4562 0.0000 0.0000 -1.5400 -1.7400 1.4700 0.0000 0.0000 0.0000 0.0007 0.0004 0.0011 0.0000 0.0000
2006.4589 0.0000 0.0000 -0.8700 -2.6300 -2.9000 0.0000 0.0000 0.0000 0.0009 0.0005 0.0007 0.0000 0.0000
2006.4616 0.0000 0.0000 -0.7900 -2.0100 -0.3000 0.0000 0.0000 0.0000 0.0010 0.0006 0.0006 0.0000 0.0000
2006.4644 0.0000 0.0000 -0.4000 -1.5300 3.7800 0.0000 0.0000 0.0000 0.0009 0.0011 0.0005 0.0000 0.0000
2006.4671 0.0000 0.0000 0.4700 -0.6800 0.0500 0.0000 0.0000 0.0000 0.0009 0.0024 0.0003 0.0000 0.0000
2006.4699 0.0000 0.0000 -0.5200 -0.3500 -1.3900 0.0000 0.0000 0.0000 0.0009 0.0025 0.0002 0.0000 0.0000
2006.4726 0.0000 0.0000 1.1800 -1.4800 -2.9300 0.0000 0.0000 0.0000 0.0008 0.0029 0.0002 0.0000 0.0000
2006.4753 0.0000 0.0000 -0.1800 -1.1400 -8.7100 0.0000 0.0000 0.0000 0.0006 0.0041 0.0001 0.0000 0.0000
2006.4781 0.0000 0.0000 -2.1100 -0.8800 -5.5600 0.0000 0.0000 0.0000 0.0004 0.0045 0.0000 0.0000 0.0000
2006.4808 0.0000 0.0000 -2.0200 -0.9400 -5.8800 0.0000 0.0000 0.0000 0.0004 0.0048 0.0000 0.0000 0.0000
2006.4836 0.0000 0.0000 -2.2600 -2.1500 -1.2000 0.0000 0.0000 0.0000 0.0003 0.0025 0.0000 0.0000 0.0000
2006.4863 0.0000 0.0000 -1.0400 -3.1100 6.0000 0.0000 0.0000 0.0000 0.0002 0.0007 0.0001 0.0000 0.0000
2006.4890 0.0000 0.0000 0.4800 -3.7500 0.9200 0.0000 0.0000 0.0000 0.0002 0.0005 0.0000 0.0000 0.0000
2006.4918 0.0000 0.0000 -1.3600 -1.2800 4.1100 0.0000 0.0000 0.0000 0.0001 0.0005 0.0001 0.0000 0.0000
2006.4945 0.0000 0.0000 1.3500 -2.3000 -3.2200 0.0000 0.0000 0.0000 0.0001 0.0001 0.0001 0.0000 0.0000
2006.4973 0.0000 0.0000 0.1600 -2.8600 -3.8300 0.0000 0.0000 0.0000 0.0001 0.0001 0.0001 0.0000 0.0000
2006.5000 0.0000 0.0000 -0.2600 -1.9700 -2.8900 0.0000 0.0000 0.0000 0.0001 0.0001 0.0001 0.0000 0.0000
2006.5027 0.0000 0.0000 -1.4700 -1.2000 -4.0300 0.0000 0.0000 0.0000 0.0001 0.0001 0.0001 0.0000 0.0000
2006.5055 0.0000 0.0000 -0.3400 -1.6200 1.2200 0.0000 0.0000 0.0000 0.0002 0.0001 0.0001 0.0000 0.0000
2006.5082 0.0000 0.0000 -3.8500 -3.7500 2.1300 0.0000 0.0000 0.0000 0.0003 0.0001 0.0002 0.0000 0.0000
2006.5110 0.0000 0.0000 -1.8600 -0.2700 -4.5700 0.0000 0.0000 0.0000 0.0003 0.0000 0.0001 0.0000 0.0000
2006.5137 0.0000 0.0000 0.0900 -0.2900 0.1300 0.0000 0.0000 0.0000 0.0004 0.0001 0.0001 0.0000 0.0000
2006.5164 0.0000 0.0000 -0.3700 -1.2300 0.3400 0.0000 0.0000 0.0000 0.0007 0.0002 0.0001 0.0000 0.0000
2006.5192 0.0000 0.0000 -1.9100 -2.4100 -8.1000 0.0000 0.0000 0.0000 0.0009 0.0002 0.0001 0.0000 0.0000
2006.5219 0.0000 0.0000 -1.1000 -1.1900 1.5100 0.0000 0.0000 0.0000 0.0009 0.0001 0.0001 0.0000 0.0000
2006.5247 0.0000 0.0000 -2.1900 -0.6500 -4.8600 0.0000 0.0000 0.0000 0.0009 0.0002 0.0001 0.0000 0.0000
2006.5274 0.0000 0.0000 -0.0100 -2.3500 1.4700 0.0000 0.0000 0.0000 0.0008 0.0002 0.0001 0.0000 0.0000
2006.5301 0.0000 0.0000 -0.9700 -1.5100 1.0900 0.0000 0.0000 0.0000 0.0016 0.0001 0.0001 0.0000 0.0000
2006.5329 0.0000 0.0000 -1.3100 -0.9600 -4.7000 0.0000 0.0000 0.0000 0.0012 0.0001 0.0001 0.0000 0.0000
2006.5356 0.0000 0.0000 0.0800 -1.1500 5.7500 0.0000 0.0000 0.0000 0.0008 0.0002 0.0004 0.0000 0.0000
2006.5384 0.0000 0.0000 0.7100 -0.3900 0.1300 0.0000 0.0000 0.0000 0.0015 0.0002 0.0010 0.0000 0.0000
2006.5411 0.0000 0.0000 -0.8700 -0.6800 -0.0200 0.0000 0.0000 0.0000 0.0018 0.0002 0.0021 0.0000 0.0000
2006.5438 0.0000 0.0000 0.3200 -1.0100 6.8600 0.0000 0.0000 0.0000 0.0022 0.0001 0.0078 0.0000 0.0000
2006.5466 0.0000 0.0000 0.6600 -0.6300 0.6200 0.0000 0.0000 0.0000 0.0021 0.0001 0.0070 0.0000 0.0000
2006.5493 0.0000 0.0000 0.4000 -1.0700 7.6700 0.0000 0.0000 0.0000 0.0014 0.0001 0.0176 0.0000 0.0000
2006.5521 0.0000 0.0000 0.8800 -1.6700 1.1800 0.0000 0.0000 0.0000 0.0018 0.0000 0.0141 0.0000 0.0000
2006.5548 0.0000 0.0000 -1.1900 -3.4700 5.3500 0.0000 0.0000 0.0000 0.0009 0.0001 0.0253 0.0000 0.0000
2006.5575 0.0000 0.0000 -0.4800 -1.5700 -1.0500 0.0000 0.0000 0.0000 0.0003 0.0001 0.0196 0.0000 0.0000
2006.5603 0.0000 0.0000 -0.7400 -0.4800 4.3500 0.0000 0.0000 0.0000 0.0002 0.0000 0.0212 0.0000 0.0000
2006.5630 0.0000 0.0000 -1.9600 -0.6000 5.1700 0.0000 0.0000 0.0000 0.0001 0.0001 0.0431 0.0000 0.0000
2006.5658 0.0000 0.0000 0.2200 -1.2300 3.1400 0.0000 0.0000 0.0000 0.0001 0.0000 0.0742 0.0000 0.0000
2006.5685 0.0000 0.0000 -0.7900 -2.5800 8.7800 0.0000 0.0000 0.0000 0.0003 0.0000 0.0199 0.0000 0.0000
2006.5712 0.0000 0.0000 0.3300 -1.8800 0.6700 0.0000 0.0000 0.0000 0.0005 0.0001 0.0404 0.0000 0.0000
2006.5740 0.0000 0.0000 0.8400 -1.7400 -6.9200 0.0000 0.0000 0.0000 0.0012 0.0001 0.0166 0.0000 0.0000
2006.5767 0.0000 0.0000 0.4800 -0.6700 -4.4600 0.0000 0.0000 0.0000 0.0029 0.0001 0.0107 0.0000 0.0000
2006.5795 0.0000 0.0000 -0.9800 -1.1700 -2.8000 0.0000 0.0000 0.0000 0.0064 0.0001 0.0133 0.0000 0.0000
2006.5822 0.0000 0.0000 0.5300 -1.6800 -7.7800 0.0000 0.0000 0.0000 0.0085 0.0000 0.0105 0.0000 0.0000
2006.5849 0.0000 0.0000 0.8900 -3.0100 -0.6100 0.0000 0.0000 0.0000 0.0123 0.0001 0.0243 0.0000 0.0000
2006.5877 0.0000 0.0000 2.0400 -1.4000 -2.0000 0.0000 0.0000 0.0000 0.0091 0.0002 0.0125 0.0000 0.0000
2006.5904 0.0000 0.0000 -0.6300 -0.7300 0.2500 0.0000 0.0000 0.0000 0.0157 0.0002 0.0129 0.0000 0.0000
2006.5932 0.0000 0.0000 0.7500 -0.3600 -4.8900 0.0000 0.0000 0.0000 0.0042 0.0003 0.0071 0.0000 0.0000
2006.5959 0.0000 0.0000 -1.1200 -1.1800 -4.4400 0.0000 0.0000 0.0000 0.0069 0.0003 0.0078 0.0000 0.0000
2006.5986 0.0000 0.0000 -1.1300 -1.1900 -7.7100 0.0000 0.0000 0.0000 0.0084 0.0003 0.0092 0.0000 0.0000
2006.6014 0.0000 0.0000 -2.1800 -0.8900 2.9700 0.0000 0.0000 0.0000 0.0089 0.0002 0.0082 0.0000 0.0000
2006.6041 0.0000 0.0000 -2.3200 -1.3500 -0.8100 0.0000 0.0000 0.0000 0.0140 0.0003 0.0038 0.0000 0.0000
2006.6068 0.0000 0.0000 -1.1500 -3.6400 -8.0400 0.0000 0.0000 0.0000 0.0113 0.0004 0.0039 0.0000 0.0000
2006.6096 0.0000 0.0000 -0.7700 -1.0700 0.3900 0.0000 0.0000 0.0000 0.0047 0.0008 0.0061 0.0000 0.0000
2006.6123 0.0000 0.0000 -0.7100 -0.8100 -3.9600 0.0000 0.0000 0.0000 0.0047 0.0002 0.0045 0.0000 0.0000
2006.6151 0.0000 0.0000 -2.2700 -1.8500 -5.0600 0.0000 0.0000 0.0000 0.0054 0.0003 0.0048 0.0000 0.0000
2006.6178 0.0000 0.0000 -1.0700 -1.6100 -0.5500 0.0000 0.0000 0.0000 0.0045 0.0003 0.0057 0.0000 0.0000
2006.6205 0.0000 0.0000 -2.6300 -1.7600 -6.1100 0.0000 0.0000 0.0000 0.0049 0.0005 0.0034 0.0000 0.0000
2006.6233 0.0000 0.0000 -2.1300 -1.2400 -5.0700 0.0000 0.0000 0.0000 0.0025 0.0004 0.0026 0.0000 0.0000
2006.6260 0.0000 0.0000 -2.6800 -1.3800 -8.1900 0.0000 0.0000 0.0000 0.0027 0.0004 0.0022 0.0000 0.0000
2006.6288 0.0000 0.0000 -0.7000 -1.1200 -3.9500 0.0000 0.0000 0.0000 0.0018 0.0003 0.0012 0.0000 0.0000
2006.6315 0.0000 0.0000 -1.5800 -1.2100 -3.2800 0.0000 0.0000 0.0000 0.0019 0.0002 0.0011 0.0000 0.0000
2006.6342 0.0000 0.0000 0.8300 -2.1600 0.3800 0.0000 0.0000 0.0000 0.0038 0.0002 0.0008 0.0000 0.0000
2006.6370 0.0000 0.0000 -1.2600 -3.3900 -4.6900 0.0000 0.0000 0.0000 0.0058 0.0005 0.0009 0.0000 0.0000
2006.6397 0.0000 0.0000 0.2800 -2.3100 -2.7000 0.0000 0.0000 0.0000 0.0177 0.0005 0.0007 0.0000 0.0000
2006.6425 0.0000 0.0000 -2.3400 -0.7900 0.0900 0.0000 0.0000 0.0000 0.0097 0.0003 0.0008 0.0000 0.0000
2006.6452 0.0000 0.0000 -1.2300 -1.4600 0.0000 0.0000 0.0000 0.0000 0.0043 0.0002 0.0008 0.0000 0.0000
2006.6479 0.0000 0.0000 -2.3300 -0.9200 3.9800 0.0000 0.0000 0.0000 0.0063 0.0002 0.0008 0.0000 0.0000
2006.6507 0.0000 0.0000 -2.3000 -2.6300 4.7700 0.0000 0.0000 0.0000 0.0029 0.0002 0.0010 0.0000 0.0000
2006.6534 0.0000 0.0000 -1.4900 -1.3400 0.4600 0.0000 0.0000 0.0000 0.0037 0.0002 0.0016 0.0000 0.0000
2006.6562 0.0000 0.0000 -1.3800 -2.2300 -0.0300 0.0000 0.0000 0.0000 0.0044 0.0001 0.0022 0.0000 0.0000
2006.6589 0.0000 0.0000 0.3400 -2.0100 -2.7000 0.0000 0.0000 0.0000 0.0070 0.0001 0.0025 0.0000 0.0000
2006.6616 0.0000 0.0000 0.3200 -1.3700 -2.4100 0.0000 0.0000 0.0000 0.0080 0.0001 0.0021 0.0000 0.0000
2006.6644 0.0000 0.0000 0.8800 -1.7000 2.2100 0.0000 0.0000 0.0000 0.0086 0.0002 0.0010 0.0000 0.0000
2006.6671 0.0000 0.0000 0.8300 0.3700 5.2100 0.0000 0.0000 0.0000 0.0090 0.0003 0.0011 0.0000 0.0000
2006.6699 0.0000 0.0000 0.8000 -1.0200 -0.3800 0.0000 0.0000 0.0000 0.0081 0.0002 0.0031 0.0000 0.0000
2006.6726 0.0000 0.0000 1.3000 0.1500 -5.9000 0.0000 0.0000 0.0000 0.0070 0.0005 0.0020 0.0000 0.0000
2006.6753 0.0000 0.0000 0.6000 -1.4600 -3.9700 0.0000 0.0000 0.0000 0.0050 0.0003 0.0012 0.0000 0.0000
2006.6781 0.0000 0.0000 1.3200 -0.8600 -5.2200 0.0000 0.0000 0.0000 0.0045 0.0003 0.0009 0.0000 0.0000
2006.6808 0.0000 0.0000 -1.0500 0.4600 -7.1800 0.0000 0.0000 0.0000 0.0027 0.0004 0.0004 0.0000 0.0000
2006.6836 0.0000 0.0000 -1.7000 -2.0200 -1.4200 0.0000 0.0000 0.0000 0.0012 0.0001 0.0003 0.0000 0.0000
2006.6863 0.0000 0.0000 0.0200 -1.9900 3.1200 0.0000 0.0000 0.0000 0.0007 0.0001 0.0003 0.0000 0.0000
2006.6890 0.0000 0.0000 0.0600 -1.6800 5.7900 0.0000 0.0000 0.0000 0.0005 0.0001 0.0002 0.0000 0.0000
2006.6918 0.0000 0.0000 1.8800 -1.7600 0.2900 0.0000 0.0000 0.0000 0.0004 0.0000 0.0002 0.0000 0.0000
2006.6945 0.0000 0.0000 1.0600 -2.9300 4.7100 0.0000 0.0000 0.0000 0.0004 0.0001 0.0003 0.0000 0.0000
2006.6973 0.0000 0.0000 0.2700 -2.3000 8.2300 0.0000 0.0000 0.0000 0.0004 0.0001 0.0007 0.0000 0.0000
2006.7000 0.0000 0.0000 -0.4900 -0.1700 3.3800 0.0000 0.0000 0.0000 0.0003 0.0001 0.0003 0.0000 0.0000
2006.7027 0.0000 0.0000 1.2700 -2.0400 6.7100 0.0000 0.0000 0.0000 0.0003 0.0000 0.0006 0.0000 0.0000
2006.7055 0.0000 0.0000 -0.4500 -1.5600 4.2500 0.0000 0.0000 0.0000 0.0003 0.0000 0.0003 0.0000 0.0000
2006.7082 0.0000 0.0000 0.8200 -1.1000 1.1300 0.0000 0.0000 0.0000 0.0002 0.0000 0.0007 0.0000 0.0000
2006.7110 0.0000 0.0000 -0.5700 -1.5900 -1.6500 0.0000 0.0000 0.0000 0.0002 0.0000 0.0004 0.0000 0.0000
2006.7137 0.0000 0.0000 -0.0200 -1.5300 8.6300 0.0000 0.0000 0.0000 0.0002 0.0000 0.0002 0.0000 0.0000
2006.7164 0.0000 0.0000 -1.2800 -2.0900 -2.0100 0.0000 0.0000 0.0000 0.0003 0.0001 0.0003 0.0000 0.0000
2006.7192 0.0000 0.0000 0.4100 -1.4000 -1.9000 0.0000 0.0000 0.0000 0.0002 0.0001 0.0003 0.0000 0.0000
2006.7219 0.0000 0.0000 2.3900 -1.4400 -4.6600 0.0000 0.0000 0.0000 0.0000 0.0001 0.0004 0.0000 0.0000
2006.7247 0.0000 0.0000 0.5400 -1.9000 2.0600 0.0000 0.0000 0.0000 0.0001 0.0001 0.0003 0.0000 0.0000
2006.7274 0.0000 0.0000 -2.9000 -0.6800 1.0700 0.0000 0.0000 0.0000 0.0001 0.0001 0.0005 0.0000 0.0000
2006.7301 0.0000 0.0000 -0.7900 -1.2000 -1.9200 0.0000 0.0000 0.0000 0.0001 0.0001 0.0008 0.0000 0.0000
2006.7329 0.0000 0.0000 0.6000 -2.1400 -3.1600 0.0000 0.0000 0.0000 0.0001 0.0001 0.0010 0.0000 0.0000
2006.7356 0.0000 0.0000 0.7100 -1.9100 -5.6900 0.0000 0.0000 0.0000 0.0001 0.0001 0.0011 0.0000 0.0000
2006.7384 0.0000 0.0000 0.6400 -1.3800 1.2100 0.0000 0.0000 0.0000 0.0002 0.0001 0.0011 0.0000 0.0000
2006.7411 0.0000 0.0000 -2.6800 -3.0900 -2.1600 0.0000 0.0000 0.0000 0.0003 0.0001 0.0015 0.0000 0.0000
2006.7438 0.0000 0.0000 -1.3400 -1.7000 2.5300 0.0000 0.0000 0.0000 0.0002 0.0001 0.0025 0.0000 0.0000
2006.7466 0.0000 0.0000 -1.0700 -1.6100 -1.5100 0.0000 0.0000 0.0000 0.0002 0.0001 0.0029 0.0000 0.0000
2006.7493 0.0000 0.0000 0.2900 -1.2200 3.5300 0.0000 0.0000 0.0000 0.0002 0.0001 0.0058 0.0000 0.0000
2006.7521 0.0000 0.0000 -0.0600 -2.0800 -2.6100 0.0000 0.0000 0.0000 0.0001 0.0001 0.0065 0.0000 0.0000
2006.7548 0.0000 0.0000 -0.9800 -1.3800 -2.5300 0.0000 0.0000 0.0000 0.0001 0.0000 0.0046 0.0000 0.0000
2006.7575 0.0000 0.0000 0.9400 -1.3900 -0.4000 0.0000 0.0000 0.0000 0.0001 0.0000 0.0033 0.0000 0.0000
2006.7603 0.0000 0.0000 -0.9400 -0.7500 -1.2200 0.0000 0.0000 0.0000 0.0000 0.0001 0.0027 0.0000 0.0000
2006.7630 0.0000 0.0000 1.6500 -2.3200 -4.7400 0.0000 0.0000 0.0000 0.0001 0.0001 0.0022 0.0000 0.0000
2006.7658 0.0000 0.0000 -0.0300 -1.9300 -3.9800 0.0000 0.0000 0.0000 0.0001 0.0001 0.0014 0.0000 0.0000
2006.7685 0.0000 0.0000 0.6500 -0.4200 1.2200 0.0000 0.0000 0.0000 0.0001 0.0001 0.0022 0.0000 0.0000
2006.7712 0.0000 0.0000 0.7700 -1.2200 0.1800 0.0000 0.0000 0.0000 0.0002 0.0001 0.0061 0.0000 0.0000
2006.7740 0.0000 0.0000 0.4600 -1.5300 0.3000 0.0000 0.0000 0.0000 0.0001 0.0001 0.0095 0.0000 0.0000
2006.7767 0.0000 0.0000 0.1800 -2.6800 5.3400 0.0000 0.0000 0.0000 0.0002 0.0001 0.0100 0.0000 0.0000
2006.7795 0.0000 0.0000 -0.9500 -0.9000 9.8500 0.0000 0.0000 0.0000 0.0002 0.0001 0.0077 0.0000 0.0000
2006.7822 0.0000 0.0000 3.8600 -2.4900 5.2500 0.0000 0.0000 0.0000 0.0005 0.0000 0.0072 0.0000 0.0000
2006.7849 0.0000 0.0000 3.2300 -3.3400 5.7600 0.0000 0.0000 0.0000 0.0026 0.0001 0.0061 0.0000 0.0000
2006.7877 0.0000 0.0000 0.2500 -2.1800 10.3200 0.0000 0.0000 0.0000 0.0023 0.0001 0.0087 0.0000 0.0000
2006.7904 0.0000 0.0000 4.1300 -1.1800 8.9000 0.0000 0.0000 0.0000 0.0023 0.0001 0.0050 0.0000 0.0000
2006.7932 0.0000 0.0000 2.1000 -0.7600 10.5200 0.0000 0.0000 0.0000 0.0059 0.0001 0.0079 0.0000 0.0000
2006.7959 0.0000 0.0000 -0.6600 -1.2400 2.7300 0.0000 0.0000 0.0000 0.0093 0.0000 0.0039 0.0000 0.0000
2006.7986 0.0000 0.0000 -1.3100 0.0400 -0.5700 0.0000 0.0000 0.0000 0.0113 0.0001 0.0044 0.0000 0.0000
2006.8014 0.0000 0.0000 -0.4400 -2.6000 1.3900 0.0000 0.0000 0.0000 0.0096 0.0000 0.0062 0.0000 0.0000
2006.8041 0.0000 0.0000 -0.9700 -0.5900 0.7000 0.0000 0.0000 0.0000 0.0034 0.0000 0.0036 0.0000 0.0000
2006.8068 0.0000 0.0000 -1.5100 -2.1800 -2.6900 0.0000 0.0000 0.0000 0.0014 0.0000 0.0014 0.0000 0.0000
2006.8096 0.0000 0.0000 -1.9400 -1.5200 -6.4300 0.0000 0.0000 0.0000 0.0007 0.0001 0.0008 0.0000 0.0000
2006.8123 0.0000 0.0000 0.1100 -1.1300 0.8700 0.0000 0.0000 0.0000 0.0007 0.0000 0.0012 0.0000 0.0000
2006.8151 0.0000 0.0000 -0.2100 -0.5400 -4.6800 0.0000 0.0000 0.0000 0.0014 0.0001 0.0010 0.0000 0.0000
2006.8178 0.0000 0.0000 0.9800 -1.8600 -6.7100 0.0000 0.0000 0.0000 0.0013 0.0000 0.0008 0.0000 0.0000
2006.8205 0.0000 0.0000 3.2000 -1.1800 -7.3200 0.0000 0.0000 0.0000 0.0008 0.0000 0.0001 0.0000 0.0000
2006.8233 0.0000 0.0000 3.3900 -1.9600 -9.6000 0.0000 0.0000 0.0000 0.0002 0.0000 0.0001 0.0000 0.0000
2006.8260 0.0000 0.0000 1.0100 -2.2700 0.1300 0.0000 0.0000 0.0000 0.0004 0.0000 0.0002 0.0000 0.0000
2006.8288 0.0000 0.0000 1.2900 -1.4500 -3.7300 0.0000 0.0000 0.0000 0.0010 0.0000 0.0001 0.0000 0.0000
2006.8315 0.0000 0.0000 2.6400 -0.8500 -4.3600 0.0000 0.0000 0.0000 0.0007 0.0000 0.0002 0.0000 0.0000
2006.8342 0.0000 0.0000 2.6500 -1.6700 1.2100 0.0000 0.0000 0.0000 0.0005 0.0000 0.0004 0.0000 0.0000
2006.8370 0.0000 0.0000 3.1600 -3.4700 2.7500 0.0000 0.0000 0.0000 0.0004 0.0000 0.0004 0.0000 0.0000
2006.8397 0.0000 0.0000 1.7300 -2.0600 1.0000 0.0000 0.0000 0.0000 0.0001 0.0000 0.0004 0.0000 0.0000
2006.8425 0.0000 0.0000 1.4400 -0.3900 2.2300 0.0000 0.0000 0.0000 0.0001 0.0000 0.0007 0.0000 0.0000
2006.8452 0.0000 0.0000 3.1000 0.2000 -0.7300 0.0000 0.0000 0.0000 0.0002 0.0000 0.0008 0.0000 0.0000
2006.8479 0.0000 0.0000 0.1500 -0.9700 2.7300 0.0000 0.0000 0.0000 0.0001 0.0000 0.0007 0.0000 0.0000
2006.8507 0.0000 0.0000 0.3700 -1.9600 4.3100 0.0000 0.0000 0.0000 0.0000 0.0000 0.0016 0.0000 0.0000
2006.8534 0.0000 0.0000 2.1100 -1.4000 -2.5500 0.0000 0.0000 0.0000 0.0000 0.0000 0.0005 0.0000 0.0000
2006.8562 0.0000 0.0000 0.3100 -1.0300 -1.1400 0.0000 0.0000 0.0000 0.0000 0.0000 0.0008 0.0000 0.0000
2006.8589 0.0000 0.0000 1.2100 -0.8400 -0.7200 0.0000 0.0000 0.0000 0.0000 0.0001 0.0006 0.0000 0.0000
2006.8616 0.0000 0.0000 -1.4200 -1.3900 -1.8000 0.0000 0.0000 0.0000 0.0000 0.0001 0.0005 0.0000 0.0000
2006.8644 0.0000 0.0000 0.8900 -1.5300 -6.7000 0.0000 0.0000 0.0000 0.0000 0.0001 0.0002 0.0000 0.0000
2006.8671 0.0000 0.0000 1.5800 -2.7600 -3.4300 0.0000 0.0000 0.0000 0.0000 0.0001 0.0003 0.0000 0.0000
2006.8699 0.0000 0.0000 0.1800 -1.5700 -6.9200 0.0000 0.0000 0.0000 0.0000 0.0001 0.0002 0.0000 0.0000
2006.8726 0.0000 0.0000 0.7900 -3.1500 -3.2800 0.0000 0.0000 0.0000 0.0001 0.0001 0.0002 0.0000 0.0000
2006.8753 0.0000 0.0000 -0.8800 -1.1400 -4.0100 0.0000 0.0000 0.0000 0.0001 0.0001 0.0002 0.0000 0.0000
2006.8781 0.0000 0.0000 0.6700 -1.6900 -7.3400 0.0000 0.0000 0.0000 0.0001 0.0001 0.0002 0.0000 0.0000
2006.8808 0.0000 0.0000 2.1600 -1.2500 -9.9700 0.0000 0.0000 0.0000 0.0002 0.0001 0.0002 0.0000 0.0000
2006.8836 0.0000 0.0000 2.6300 -0.4700 -3.4700 0.0000 0.0000 0.0000 0.0003 0.0001 0.0002 0.0000 0.0000
2006.8863 0.0000 0.0000 0.2800 -0.9300 -7.6900 0.0000 0.0000 0.0000 0.0006 0.0002 0.0002 0.0000 0.0000
2006.8890 0.0000 0.0000 -0.1300 -2.2000 -5.8900 0.0000 0.0000 0.0000 0.0015 0.0002 0.0001 0.0000 0.0000
2006.8918 0.0000 0.0000 2.4100 -1.8000 -4.3100 0.0000 0.0000 0.0000 0.0013 0.0001 0.0001 0.0000 0.0000
2006.8945 0.0000 0.0000 0.1400 -1.7400 -6.1200 0.0000 0.0000 0.0000 0.0047 0.0001 0.0000 0.0000 0.0000
2006.8973 0.0000 0.0000 0.9800 -0.8500 -9.1000 0.0000 0.0000 0.0000 0.0057 0.0001 0.0000 0.0000 0.0000
2006.9000 0.0000 0.0000 0.7300 0.1300 -3.0500 0.0000 0.0000 0.0000 0.0095 0.0002 0.0000 0.0000 0.0000
2006.9027 0.0000 0.0000 1.5200 -1.0900 -3.4700 0.0000 0.0000 0.0000 0.0169 0.0001 0.0001 0.0000 0.0000
2006.9055 0.0000 0.0000 4.1300 -1.6600 4.0600 0.0000 0.0000 0.0000 0.0198 0.0001 0.0001 0.0000 0.0000
2006.9082 0.0000 0.0000 4.3200 -0.9700 2.1400 0.0000 0.0000 0.0000 0.0200 0.0002 0.0002 0.0000 0.0000
2006.9110 0.0000 0.0000 2.5200 0.0900 -1.6600 0.0000 0.0000 0.0000 0.0806 0.0003 0.0002 0.0000 0.0000
2006.9137 0.0000 0.0000 2.7300 -0.3900 -5.7100 0.0000 0.0000 0.0000 0.0634 0.0003 0.0001 0.0000 0.0000
2006.9164 0.0000 0.0000 1.9900 0.4900 -4.8600 0.0000 0.0000 0.0000 0.0509 0.0003 0.0001 0.0000 0.0000
2006.9192 0.0000 0.0000 0.4400 -0.2100 -15.2100 0.0000 0.0000 0.0000 0.0632 0.0003 0.0001 0.0000 0.0000
2006.9219 0.0000 0.0000 0.4200 -0.7200 -11.7800 0.0000 0.0000 0.0000 0.0570 0.0003 0.0001 0.0000 0.0000
2006.9247 0.0000 0.0000 -2.0400 -0.2500 -6.1900 0.0000 0.0000 0.0000 0.0761 0.0002 0.0001 0.0000 0.0000
2006.9274 0.0000 0.0000 -1.4000 -0.3100 -7.4200 0.0000 0.0000 0.0000 0.0454 0.0002 0.0000 0.0000 0.0000
2006.9301 0.0000 0.0000 -2.0600 -1.8100 -8.5200 0.0000 0.0000 0.0000 0.0263 0.0002 0.0000 0.0000 0.0000
2006.9329 0.0000 0.0000 -3.2300 -1.8500 -6.5100 0.0000 0.0000 0.0000 0.1088 0.0001 0.0001 0.0000 0.0000
2006.9356 0.0000 0.0000 -6.1500 -1.0100 2.4500 0.0000 0.0000 0.0000 0.2199 0.0001 0.0001 0.0000 0.0000
2006.9384 0.0000 0.0000 -4.5600 -2.6600 0.8700 0.0000 0.0000 0.0000 0.0226 0.0000 0.0002 0.0000 0.0000
2006.9411 0.0000 0.0000 -2.0700 -2.0200 0.8400 0.0000 0.0000 0.0000 0.0019 0.0002 0.0002 0.0000 0.0000
2006.9438 0.0000 0.0000 -3.2200 -1.0300 -3.9600 0.0000 0.0000 0.0000 0.0020 0.0001 0.0001 0.0000 0.0000
2006.9466 0.0000 0.0000 -4.0500 -0.7000 -9.0200 0.0000 0.0000 0.0000 0.0008 0.0002 0.0001 0.0000 0.0000
2006.9493 0.0000 0.0000 0.2400 -1.5900 -10.3100 0.0000 0.0000 0.0000 0.0005 0.0004 0.0001 0.0000 0.0000
2006.9521 0.0000 0.0000 -1.9800 -1.3100 -2.0000 0.0000 0.0000 0.0000 0.0002 0.0007 0.0001 0.0000 0.0000
2006.9548 0.0000 0.0000 -2.0500 -0.9900 -9.6400 0.0000 0.0000 0.0000 0.0001 0.0012 0.0001 0.0000 0.0000
2006.9575 0.0000 0.0000 -0.6100 -1.2000 -12.6600 0.0000 0.0000 0.0000 0.0002 0.0027 0.0001 0.0000 0.0000
2006.9603 0.0000 0.0000 1.5100 -1.1600 -10.7100 0.0000 0.0000 0.0000 0.0003 0.0063 0.0005 0.0000 0.0000
2006.9630 0.0000 0.0000 0.4000 -1.3000 -6.5500 0.0000 0.0000 0.0000 0.0001 0.0122 0.0011 0.0000 0.0000
2006.9658 0.0000 0.0000 -0.5200 -0.6700 -5.1400 0.0000 0.0000 0.0000 0.0000 0.0292 0.0022 0.0000 0.0000
2006.9685 0.0000 0.0000 -1.5000 -2.1100 -0.2500 0.0000 0.0000 0.0000 0.0000 0.0254 0.0025 0.0000 0.0000
2006.9712 0.0000 0.0000 -1.2900 -1.2800 2.1900 0.0000 0.0000 0.0000 0.0000 0.0315 0.0023 0.0000 0.0000
2006.9740 0.0000 0.0000 0.2900 -0.5400 -2.1100 0.0000 0.0000 0.0000 0.0000 0.0520 0.0018 0.0000 0.0000
2006.9767 0.0000 0.0000 1.1400 -2.3400 -0.7200 0.0000 0.0000 0.0000 0.0000 0.0497 0.0013 0.0000 0.0000
2006.9795 0.0000 0.0000 -0.5500 -1.2000 -6.9900 0.0000 0.0000 0.0000 0.0002 0.0261 0.0014 0.0000 0.0000
2006.9822 0.0000 0.0000 1.0000 -1.3400 -9.6200 0.0000 0.0000 0.0000 0.0006 0.0161 0.0019 0.0000 0.0000
2006.9849 0.0000 0.0000 2.7700 -2.1600 -4.0500 0.0000 0.0000 0.0000 0.0013 0.0173 0.0035 0.0000 0.0000
2006.9877 0.0000 0.0000 1.1500 -2.6200 4.0000 0.0000 0.0000 0.0000 0.0021 0.0073 0.0002 0.0000 0.0000
2006.9904 0.0000 0.0000 2.2600 0.3600 -9.0200 0.0000 0.0000 0.0000 0.0045 0.0112 0.0032 0.0000 0.0000
2006.9932 0.0000 0.0000 -0.6100 -0.1600 -19.0300 0.0000 0.0000 0.0000 0.0058 0.0393 0.0006 0.0000 0.0000
2006.9959 0.0000 0.0000 0.2600 -2.0000 -12.2200 0.0000 0.0000 0.0000 0.0038 0.0168 0.0006 0.0000 0.0000
2006.9986 0.0000 0.0000 0.1500 0.0900 -13.2600 0.0000 0.0000 0.0000 0.0014 0.0428 0.0001 0.0000 0.0000
2007.0014 0.0000 0.0000 -3.2100 0.7400 -15.4300 0.0000 0.0000 0.0000 0.0018 0.0611 0.0008 0.0000 0.0000
2007.0041 0.0000 0.0000 -5.0500 -0.1600 -8.9400 0.0000 0.0000 0.0000 0.0029 0.0458 0.0006 0.0000 0.0000
2007.0068 0.0000 0.0000 -4.6400 -1.5600 -4.0500 0.0000 0.0000 0.0000 0.0023 0.0689 0.0006 0.0000 0.0000
2007.0096 0.0000 0.0000 -1.8400 -1.4600 -6.4700 0.0000 0.0000 0.0000 0.0009 0.0538 0.0006 0.0000 0.0000
2007.0123 0.0000 0.0000 -1.0100 -0.7500 -13.3700 0.0000 0.0000 0.0000 0.0004 0.0510 0.0002 0.0000 0.0000
2007.0151 0.0000 0.0000 0.2500 -0.4300 -6.3900 0.0000 0.0000 0.0000 0.0007 0.0382 0.0003 0.0000 0.0000
2007.0178 0.0000 0.0000 -0.8500 0.6800 -9.9000 0.0000 0.0000 0.0000 0.0006 0.0392 0.0002 0.0000 0.0000
2007.0205 0.0000 0.0000 -1.3900 -0.6900 -12.2800 0.0000 0.0000 0.0000 0.0047 0.0362 0.0003 0.0000 0.0000
2007.0233 0.0000 0.0000 -0.9500 -0.7900 -21.9500 0.0000 0.0000 0.0000 0.0021 0.0165 0.0020 0.0000 0.0000
2007.0260 0.0000 0.0000 2.4100 1.0500 -6.1700 0.0000 0.0000 0.0000 0.0027 0.0219 0.0006 0.0000 0.0000
2007.0288 0.0000 0.0000 2.1800 -0.8200 -5.7000 0.0000 0.0000 0.0000 0.0015 0.0161 0.0024 0.0000 0.0000
2007.0315 0.0000 0.0000 2.6100 1.0700 -10.3900 0.0000 0.0000 0.0000 0.0013 0.0141 0.0073 0.0000 0.0000
2007.0342 0.0000 0.0000 2.7500 0.9800 -11.1400 0.0000 0.0000 0.0000 0.0025 0.0151 0.0120 0.0000 0.0000
2007.0370 0.0000 0.0000 2.4800 0.0700 -13.2700 0.0000 0.0000 0.0000 0.0021 0.0107 0.0162 0.0000 0.0000
2007.0397 0.0000 0.0000 2.8200 -0.5300 -14.8600 0.0000 0.0000 0.0000 0.0061 0.0086 0.0219 0.0000 0.0000
2007.0425 0.0000 0.0000 1.9700 -0.4600 -5.0300 0.0000 0.0000 0.0000 0.0051 0.0041 0.0428 0.0000 0.0000
2007.0452 0.0000 0.0000 2.2900 0.7400 -9.7000 0.0000 0.0000 0.0000 0.0111 0.0016 0.0788 0.0000 0.0000
2007.0479 0.0000 0.0000 -0.0800 -0.1000 -13.0000 0.0000 0.0000 0.0000 0.0055 0.0008 0.0876 0.0000 0.0000
2007.0507 0.0000 0.0000 0.9400 -1.0300 -10.7800 0.0000 0.0000 0.0000 0.0088 0.0004 0.1278 0.0000 0.0000
2007.0534 0.0000 0.0000 2.9300 0.8700 -1.2900 0.0000 0.0000 0.0000 0.0290 0.0004 0.1214 0.0000 0.0000
2007.0562 0.0000 0.0000 0.6800 -0.5200 -2.6900 0.0000 0.0000 0.0000 0.0111 0.0004 0.2120 0.0000 0.0000
2007.0589 0.0000 0.0000 0.1300 -0.9000 -5.0500 0.0000 0.0000 0.0000 0.0036 0.0003 0.3155 0.0000 0.0000
2007.0616 0.0000 0.0000 2.2800 -0.5400 -8.6400 0.0000 0.0000 0.0000 0.0270 0.0007 0.3127 0.0000 0.0000
2007.0644 0.0000 0.0000 -0.6700 -0.2700 -12.3300 0.0000 0.0000 0.0000 0.0040 0.0010 0.2994 0.0000 0.0000
2007.0671 0.0000 0.0000 1.1000 -0.2200 -10.2600 0.0000 0.0000 0.0000 0.0134 0.0020 0.4104 0.0000 0.0000
2007.0699 0.0000 0.0000 0.9600 -0.7000 -7.9300 0.0000 0.0000 0.0000 0.0090 0.0051 0.4076 0.0000 0.0000
2007.0726 0.0000 0.0000 0.1100 0.7000 -4.1400 0.0000 0.0000 0.0000 0.0042 0.0109 0.4068 0.0000 0.0000
2007.0753 0.0000 0.0000 -1.2700 0.2600 -9.3300 0.0000 0.0000 0.0000 0.0018 0.0140 0.2001 0.0000 0.0000
2007.0781 0.0000 0.0000 -0.0800 -0.0500 -5.7600 0.0000 0.0000 0.0000 0.0036 0.0095 0.2213 0.0000 0.0000
2007.0808 0.0000 0.0000 -1.8400 -0.8000 -5.8300 0.0000 0.0000 0.0000 0.0023 0.0110 0.1817 0.0000 0.0000
2007.0836 0.0000 0.0000 -1.6800 -1.5100 0.6500 0.0000 0.0000 0.0000 0.0009 0.0170 0.1060 0.0000 0.0000
2007.0863 0.0000 0.0000 -1.7200 -0.7300 1.0800 0.0000 0.0000 0.0000 0.0011 0.0233 0.1621 0.0000 0.0000
2007.0890 0.0000 0.0000 -0.1900 -1.4000 1.5500 0.0000 0.0000 0.0000 0.0007 0.0211 0.1879 0.0000 0.0000
2007.0918 0.0000 0.0000 0.8900 -1.1000 -0.1900 0.0000 0.0000 0.0000 0.0009 0.0190 0.1818 0.0000 0.0000
2007.0945 0.0000 0.0000 -0.8300 -1.8700 0.1100 0.0000 0.0000 0.0000 0.0006 0.0380 0.1716 0.0000 0.0000
2007.0973 0.0000 0.0000 0.3100 -2.3600 -0.7700 0.0000 0.0000 0.0000 0.0008 0.0264 0.1278 0.0000 0.0000
2007.1000 0.0000 0.0000 -0.2400 -2.0000 -7.2600 0.0000 0.0000 0.0000 0.0009 0.0083 0.0586 0.0000 0.0000
2007.1027 0.0000 0.0000 -0.3100 -3.9200 3.0400 0.0000 0.0000 0.0000 0.0012 0.0113 0.0723 0.0000 0.0000
2007.1055 0.0000 0.0000 0.6100 -3.4100 -0.8000 0.0000 0.0000 0.0000 0.0015 0.0934 0.0413 0.0000 0.0000
2007.1219 0.0000 0.0000 -2.9900 2.7000 -9.1000 0.0000 0.0000 0.0000 0.0200 0.0459 0.0020 0.0000 0.0000
2007.1247 0.0000 0.0000 -0.9800 -0.5700 -1.5300 0.0000 0.0000 0.0000 0.0121 0.0114 0.0007 0.0000 0.0000
2007.1274 0.0000 0.0000 -1.2900 -1.1400 -5.8800 0.0000 0.0000 0.0000 0.0061 0.0088 0.0002 0.0000 0.0000
2007.1301 0.0000 0.0000 1.6600 -0.3300 2.2800 0.0000 0.0000 0.0000 0.0043 0.0009 0.0002 0.0000 0.0000
2007.1329 0.0000 0.0000 -0.7100 -3.1800 -5.9900 0.0000 0.0000 0.0000 0.0056 0.0004 0.0001 0.0000 0.0000
2007.1356 0.0000 0.0000 -2.4000 -1.9900 8.4700 0.0000 0.0000 0.0000 0.0140 0.0048 0.0002 0.0000 0.0000
2007.1384 0.0000 0.0000 -1.8500 -3.5500 8.7000 0.0000 0.0000 0.0000 0.0020 0.0011 0.0004 0.0000 0.0000
2007.1411 0.0000 0.0000 0.9900 -1.9200 -1.6700 0.0000 0.0000 0.0000 0.0041 0.0033 0.0000 0.0000 0.0000
2007.1438 0.0000 0.0000 1.9500 -3.0700 8.0500 0.0000 0.0000 0.0000 0.0033 0.0013 0.0008 0.0000 0.0000
2007.1466 0.0000 0.0000 -1.4800 -2.0400 0.8200 0.0000 0.0000 0.0000 0.0025 0.0015 0.0003 0.0000 0.0000
2007.1493 0.0000 0.0000 2.4300 -1.1700 0.2700 0.0000 0.0000 0.0000 0.0018 0.0013 0.0003 0.0000 0.0000
2007.1521 0.0000 0.0000 1.8200 -2.2500 -0.4000 0.0000 0.0000 0.0000 0.0013 0.0007 0.0002 0.0000 0.0000
2007.1548 0.0000 0.0000 2.2200 -1.2100 -1.9800 0.0000 0.0000 0.0000 0.0005 0.0007 0.0002 0.0000 0.0000
2007.1575 0.0000 0.0000 2.0700 -2.2500 1.4600 0.0000 0.0000 0.0000 0.0008 0.0001 0.0002 0.0000 0.0000
2007.1603 0.0000 0.0000 -0.3900 -1.8600 2.5100 0.0000 0.0000 0.0000 0.0004 0.0000 0.0002 0.0000 0.0000
2007.1630 0.0000 0.0000 -0.0300 -1.2000 0.5400 0.0000 0.0000 0.0000 0.0002 0.0000 0.0002 0.0000 0.0000
2007.1658 0.0000 0.0000 -1.9000 0.7500 4.1500 0.0000 0.0000 0.0000 0.0003 0.0000 0.0004 0.0000 0.0000
2007.1685 0.0000 0.0000 -0.3000 -0.6300 -2.7300 0.0000 0.0000 0.0000 0.0001 0.0000 0.0005 0.0000 0.0000
2007.1712 0.0000 0.0000 0.5100 -0.9600 -10.3500 0.0000 0.0000 0.0000 0.0000 0.0001 0.0010 0.0000 0.0000
2007.1740 0.0000 0.0000 0.7900 -1.8100 -0.0100 0.0000 0.0000 0.0000 0.0000 0.0000 0.0000 0.0000 0.0000
2007.1767 0.0000 0.0000 -0.1400 -0.8900 -4.4800 0.0000 0.0000 0.0000 0.0000 0.0000 0.0000 0.0000 0.0000
2007.1795 0.0000 0.0000 -1.2100 -3.2400 8.2300 0.0000 0.0000 0.0000 0.0000 0.0000 0.0000 0.0000 0.0000
2007.1822 0.0000 0.0000 0.2400 -1.8200 2.8300 0.0000 0.0000 0.0000 0.0000 0.0000 0.0000 0.0000 0.0000
2007.1849 0.0000 0.0000 -0.8000 -3.4600 0.0500 0.0000 0.0000 0.0000 0.0000 0.0000 0.0000 0.0000 0.0000
2007.1877 0.0000 0.0000 1.1400 -1.7000 3.5000 0.0000 0.0000 0.0000 0.0000 0.0000 0.0000 0.0000 0.0000
2007.1932 0.0000 0.0000 0.9600 -1.5100 -2.6000 0.0000 0.0000 0.0000 0.0000 0.0000 0.0000 0.0000 0.0000
