albh 0.0000 0.0000 1.6656 4.0464 -1.4272
arli 0.0000 0.0000 0.5776 2.5619 2.2130
bamf 0.0000 0.0000 1.4719 2.9871 -3.7484
bcov 0.0000 0.0000 -0.2254 0.4114 0.2777
cabl 0.0000 0.0000 0.1246 -0.2342 0.1564
chcm 0.0000 0.0000 1.4349 3.3474 2.2128
chwk 0.0000 0.0000 -0.2201 0.1705 0.2583
chzz 0.0000 0.0000 -1.2972 -0.1324 0.5059
clrs 0.0000 0.0000 -1.4546 3.3898 -0.2162
cme1 0.0000 0.0000 -2.3733 -1.2280 -2.2328
corv 0.0000 0.0000 -0.3459 0.1277 0.3727
coup 0.0000 0.0000 2.8098 3.6004 1.0034
cpxf 0.0000 0.0000 0.4971 1.8709 -1.3332
cpxx 0.0000 0.0000 -0.0927 1.7790 -2.0099
cvo1 0.0000 0.0000 0.2587 1.3281 -2.4004
ddsn 0.0000 0.0000 0.5841 0.1401 0.2191
dwh1 0.0000 0.0000 -2.1165 -1.2563 5.1942
eliz 0.0000 0.0000 -0.0209 2.2630 1.6101
fts1 0.0000 0.0000 -0.7003 0.8051 -0.6864
gldr 0.0000 0.0000 -1.2405 1.0557 2.4218
gobs 0.0000 0.0000 -0.2796 -0.2772 -0.3029
grmd 0.0000 0.0000 2.5967 2.6036 -8.1286
gwen 0.0000 0.0000 0.5782 -0.0831 -1.7059
hcro 0.0000 0.0000 0.0033 0.1803 0.1717
holb 0.0000 0.0000 0.7758 0.0757 -1.7725
jro1 0.0000 0.0000 0.0696 -0.2504 1.6159
kels 0.0000 0.0000 -0.5131 0.9114 -1.7418
ktbw 0.0000 0.0000 -0.0123 1.6689 3.4354
linh 0.0000 0.0000 0.0717 -0.0232 -0.0190
lkcp 0.0000 0.0000 -0.2604 1.1217 2.5169
lngb 0.0000 0.0000 0.4688 1.4507 1.7416
lsig 0.0000 0.0000 0.0567 -0.2749 2.7038
mcso 0.0000 0.0000 1.1432 1.6345 -0.8110
mdmt 0.0000 0.0000 0.0723 0.0067 -0.1973
modb 0.0000 0.0000 0.0357 0.0745 -0.3403
nano 0.0000 0.0000 1.2463 0.3494 -0.2964
neah 0.0000 0.0000 1.6942 2.6966 -5.9106
newp 0.0000 0.0000 1.8304 0.8441 1.6686
ntka 0.0000 0.0000 0.6820 1.4429 -3.2715
obec 0.0000 0.0000 -0.2526 0.3651 1.1749
p017 0.0000 0.0000 0.0644 0.1149 -0.0952
p058 0.0000 0.0000 0.1291 0.0396 0.1221
p060 0.0000 0.0000 0.5365 0.4651 1.5201
p061 0.0000 0.0000 0.5062 2.3778 -2.8086
p062 0.0000 0.0000 -0.0170 -0.0400 0.3076
p063 0.0000 0.0000 -0.0162 0.0260 -0.0143
p065 0.0000 0.0000 -0.0162 0.0546 0.0837
p148 0.0000 0.0000 0.0432 0.0228 -0.0040
p154 0.0000 0.0000 -0.1525 0.0978 0.6305
p158 0.0000 0.0000 -0.4567 0.3099 2.4832
p159 0.0000 0.0000 -0.0018 -0.3837 0.3567
p160 0.0000 0.0000 -0.0210 -0.2202 0.0849
p161 0.0000 0.0000 0.0409 -0.2278 0.3810
p162 0.0000 0.0000 0.0130 -0.1543 0.0312
p166 0.0000 0.0000 -0.0048 -0.0737 0.0708
p167 0.0000 0.0000 0.0308 -0.0368 -0.0821
p168 0.0000 0.0000 0.5257 -0.1049 0.2220
p169 0.0000 0.0000 0.0048 -0.0763 0.0360
p170 0.0000 0.0000 0.0176 -0.2259 -0.5702
p179 0.0000 0.0000 2.0740 1.9104 -3.9921
p191 0.0000 0.0000 1.0005 1.1563 -2.1753
p316 0.0000 0.0000 -0.2031 0.7603 0.5193
p325 0.0000 0.0000 -0.0126 -0.4018 -0.5222
p326 0.0000 0.0000 0.1934 -0.9579 0.3488
p330 0.0000 0.0000 0.4503 1.3377 -1.6507
p331 0.0000 0.0000 2.4893 3.1363 -6.0594
p332 0.0000 0.0000 1.1818 1.9337 -4.1493
p338 0.0000 0.0000 -0.0829 0.2482 0.0385
p341 0.0000 0.0000 -0.0296 -0.4074 1.4086
p343 0.0000 0.0000 1.0241 2.1299 -3.4943
p347 0.0000 0.0000 0.0097 0.0045 0.2290
p348 0.0000 0.0000 0.2422 1.1563 2.9371
p349 0.0000 0.0000 -0.1399 0.9024 2.3422
p362 0.0000 0.0000 1.2725 1.0381 -0.6882
p363 0.0000 0.0000 0.3907 1.7035 -1.5728
p364 0.0000 0.0000 0.0241 0.1429 -0.0570
p365 0.0000 0.0000 0.5259 1.4532 -1.7590
p366 0.0000 0.0000 0.6744 2.4537 -1.4656
p367 0.0000 0.0000 0.1829 1.3706 -1.2837
p368 0.0000 0.0000 1.7494 1.8603 1.6798
p369 0.0000 0.0000 0.5439 0.2636 -0.6815
p370 0.0000 0.0000 0.2893 0.8320 0.4616
p371 0.0000 0.0000 0.5528 1.9637 0.4198
p373 0.0000 0.0000 0.3468 0.4330 0.5865
p374 0.0000 0.0000 0.6701 0.3396 -0.4637
p375 0.0000 0.0000 1.4298 0.1271 -0.1581
p376 0.0000 0.0000 0.5658 0.4877 0.1770
p377 0.0000 0.0000 0.2543 1.1490 0.6374
p378 0.0000 0.0000 -0.0129 0.7253 0.6690
p379 0.0000 0.0000 -0.1432 0.6034 -1.1216
p380 0.0000 0.0000 0.0683 0.1176 -0.0363
p381 0.0000 0.0000 0.0245 -0.0836 0.3049
p382 0.0000 0.0000 0.1105 0.1152 -0.2855
p383 0.0000 0.0000 -0.0983 -0.1784 -0.0992
p385 0.0000 0.0000 -0.0903 0.0424 1.3596
p387 0.0000 0.0000 -0.0030 0.4182 -0.3338
p388 0.0000 0.0000 -0.0002 0.0351 -0.1349
p389 0.0000 0.0000 -0.0520 0.1034 0.1586
p395 0.0000 0.0000 0.9790 2.2193 -3.1609
p396 0.0000 0.0000 0.4064 1.8414 -2.3104
p397 0.0000 0.0000 0.6044 2.7148 -2.1496
p398 0.0000 0.0000 -0.2401 0.5697 -0.9883
p399 0.0000 0.0000 1.1764 1.7612 -2.6972
p400 0.0000 0.0000 1.9428 2.6383 -3.7888
p401 0.0000 0.0000 0.1895 0.0912 -0.0308
p402 0.0000 0.0000 -0.0576 0.6677 -0.1779
p403 0.0000 0.0000 1.6170 4.2327 -3.6420
p404 0.0000 0.0000 1.5780 0.3814 -1.3984
p405 0.0000 0.0000 1.4119 2.1904 -3.4945
p406 0.0000 0.0000 1.2355 0.9180 0.6339
p407 0.0000 0.0000 -0.0214 0.2703 0.0929
p408 0.0000 0.0000 2.0692 1.4283 -4.1724
p409 0.0000 0.0000 1.9543 0.6411 -0.9742
p410 0.0000 0.0000 0.8547 0.2135 -0.6594
p411 0.0000 0.0000 1.0118 0.6421 0.4981
p412 0.0000 0.0000 -0.2480 1.4025 0.1053
p413 0.0000 0.0000 0.0898 -0.1731 0.5766
p414 0.0000 0.0000 0.7841 2.2513 0.4233
p415 0.0000 0.0000 0.9784 3.2688 -2.6225
p416 0.0000 0.0000 -0.5137 0.3563 1.8048
p417 0.0000 0.0000 1.0723 0.8039 -2.6995
p418 0.0000 0.0000 2.8266 2.7556 -5.9453
p420 0.0000 0.0000 1.1615 -0.2199 -0.0647
p421 0.0000 0.0000 0.1669 2.5134 0.5271
p423 0.0000 0.0000 1.4288 1.3686 -0.1725
p424 0.0000 0.0000 1.3248 2.9970 0.8474
p425 0.0000 0.0000 1.0666 2.3319 0.4451
p426 0.0000 0.0000 1.1169 4.9197 3.1508
p427 0.0000 0.0000 -0.0026 0.6850 -0.5273
p429 0.0000 0.0000 -0.5722 1.0513 -0.1115
p430 0.0000 0.0000 2.9146 2.8626 -1.2676
p431 0.0000 0.0000 0.3708 -0.5505 1.3653
p432 0.0000 0.0000 0.0298 0.0933 0.0784
p433 0.0000 0.0000 0.0329 0.0584 0.0894
p434 0.0000 0.0000 0.2126 -0.3696 0.6250
p435 0.0000 0.0000 1.3270 3.5228 -4.4436
p436 0.0000 0.0000 2.7618 3.8153 1.5926
p437 0.0000 0.0000 0.8201 4.0520 2.4166
p438 0.0000 0.0000 1.7930 3.6642 1.5439
p439 0.0000 0.0000 2.6213 3.7524 1.6790
p440 0.0000 0.0000 2.3122 2.0847 2.4064
p442 0.0000 0.0000 -0.0747 0.3420 -0.5442
p444 0.0000 0.0000 0.1902 0.0389 -0.0404
p445 0.0000 0.0000 -0.0532 0.1140 -0.1955
p446 0.0000 0.0000 0.7702 1.2922 1.3829
p448 0.0000 0.0000 -0.0889 0.0401 -0.1941
p655 0.0000 0.0000 0.1287 -0.0248 -0.4493
p657 0.0000 0.0000 0.0357 -0.0071 0.8108
p658 0.0000 0.0000 0.6899 0.2810 0.0946
p661 0.0000 0.0000 0.0108 0.7655 1.5297
p663 0.0000 0.0000 0.1573 -0.0698 -0.0036
p666 0.0000 0.0000 0.8078 1.5970 9.5386
p668 0.0000 0.0000 -0.3555 0.2144 3.5272
p670 0.0000 0.0000 0.0144 -0.0439 0.4309
p671 0.0000 0.0000 0.0740 -0.2592 1.3184
p672 0.0000 0.0000 0.0209 0.0055 0.1653
p674 0.0000 0.0000 -0.0694 0.1344 0.6489
p687 0.0000 0.0000 0.3700 -0.5050 0.8071
p689 0.0000 0.0000 -0.2431 0.3356 0.8766
p690 0.0000 0.0000 -0.2043 -0.2936 0.6649
p691 0.0000 0.0000 0.6587 0.7545 -0.1199
p692 0.0000 0.0000 -0.8314 0.1806 -0.0374
p693 0.0000 0.0000 1.6611 0.4907 -1.4173
p694 0.0000 0.0000 3.1696 3.5403 8.2687
p695 0.0000 0.0000 6.1599 -2.2716 1.2119
p696 0.0000 0.0000 3.1781 1.2088 -0.8820
p697 0.0000 0.0000 -0.7858 0.3843 -2.0746
p698 0.0000 0.0000 0.4921 -0.4908 -0.7969
p699 0.0000 0.0000 2.2288 -2.1973 5.3103
p700 0.0000 0.0000 -0.1363 0.3477 -0.5075
p701 0.0000 0.0000 -0.2223 0.9874 -0.1507
p702 0.0000 0.0000 -0.3964 0.5398 -0.2191
p703 0.0000 0.0000 1.6669 0.4009 0.9758
p730 0.0000 0.0000 -0.0047 -0.0002 0.2632
p731 0.0000 0.0000 -0.0254 -0.0074 0.5608
p732 0.0000 0.0000 1.4766 2.1614 -3.6289
p733 0.0000 0.0000 0.4307 0.0880 0.1982
p734 0.0000 0.0000 1.0107 0.2824 -0.1493
p736 0.0000 0.0000 -0.2084 0.0995 -0.0057
p737 0.0000 0.0000 0.5372 1.4936 0.8628
p786 0.0000 0.0000 0.3449 1.0097 -2.3274
p793 0.0000 0.0000 -0.7254 0.1683 1.8698
pabh 0.0000 0.0000 -0.0696 0.3156 -0.9599
pcol 0.0000 0.0000 -0.5689 2.7831 3.2424
pgc5 0.0000 0.0000 1.3270 3.4299 2.8911
ptal 0.0000 0.0000 -0.4945 0.7069 1.3234
ptrf 0.0000 0.0000 -2.0307 7.5719 6.7934
ptsg 0.0000 0.0000 0.1026 -0.1197 0.2046
pupu 0.0000 0.0000 -0.4626 -0.0485 0.0001
quad 0.0000 0.0000 0.3123 -0.0375 -0.0704
redm 0.0000 0.0000 0.1410 -0.0105 -0.3441
rpt1 0.0000 0.0000 0.8401 3.2766 -2.1198
sc00 0.0000 0.0000 -0.0742 0.1786 -0.2481
sc02 0.0000 0.0000 1.4681 4.2899 4.9993
sc03 0.0000 0.0000 4.7247 6.4298 -8.1968
sc04 0.0000 0.0000 1.6231 1.6298 2.3728
seai 0.0000 0.0000 -0.3396 0.7929 5.6856
seat 0.0000 0.0000 -0.0196 3.2452 3.4845
sedr 0.0000 0.0000 0.6127 1.7111 0.3246
shin 0.0000 0.0000 0.0381 0.0435 0.0187
stay 0.0000 0.0000 -0.0600 2.0407 2.3269
tfno 0.0000 0.0000 -0.9005 3.4341 -0.8228
thun 0.0000 0.0000 0.1870 2.7132 -0.2734
tpw2 0.0000 0.0000 -0.3636 2.4981 1.6680
trnd 0.0000 0.0000 0.1071 0.2144 -0.5849
twhl 0.0000 0.0000 0.0467 0.1398 1.2904
uclu 0.0000 0.0000 2.1983 2.9345 -3.1620
wdbn 0.0000 0.0000 0.9815 1.2414 1.0884
wdcb 0.0000 0.0000 1.4488 1.2093 -1.5514
whd1 0.0000 0.0000 1.3732 4.0123 9.3950
wslr 0.0000 0.0000 -0.7342 -0.3231 0.6038
ybhb 0.0000 0.0000 0.0340 0.1522 0.3505
