albh 48.3898 -123.4875 1.8830 3.7066 -0.6721
arli 48.1741 -122.1419 0.2375 0.5488 -0.8736
bamf 48.8353 -125.1351 1.0498 3.8638 -5.1778
bcov 50.5443 -126.8426 -0.1477 0.0910 -0.2122
cabl 42.8361 -124.5633 0.4409 0.0237 0.2449
chcm 48.0106 -122.7759 0.2987 1.3989 0.3536
chwk 49.1566 -122.0084 -0.0312 0.0735 -0.0779
chzz 45.4865 -123.9781 -0.1977 0.3353 0.1243
clrs 48.8203 -124.1309 -0.8989 2.8993 1.2893
cme1 40.4418 -124.3963 -0.0750 0.0270 2.1671
corv 44.5855 -123.3046 -0.1767 0.1529 -0.4329
coup 48.2173 -122.6856 0.6521 2.0081 0.4669
cpxf 46.8401 -122.2565 -0.4268 0.6382 -0.7532
cpxx 46.8401 -122.2565 0.2571 1.7549 -0.9306
cvo1 45.6109 -122.4961 -0.1164 0.7960 -0.3117
ddsn 43.1188 -123.2442 0.1677 0.1634 -1.1368
dwh1 47.7741 -122.0802 -1.9520 0.0326 -2.5735
eliz 49.8731 -127.1227 -0.0143 0.2604 0.0705
fts1 46.2049 -123.9561 0.3200 0.7539 -1.4333
gldr 49.6815 -126.1273 -0.6636 0.3836 1.8129
gobs 45.8388 -120.8147 0.1828 -0.7947 -0.6429
grmd 46.7955 -123.0226 -0.1900 -0.0616 -1.7466
gwen 45.7826 -121.3276 0.8797 1.2911 -2.1871
hcro 40.8159 -121.4699 0.0002 0.1429 0.1722
holb 50.6404 -128.1350 -0.2674 -0.1270 -0.6205
jro1 46.2751 -122.2176 1.7020 0.1609 1.5920
kels 46.1182 -122.8961 0.6173 1.3536 -2.0864
ktbw 47.5473 -122.7954 0.6081 2.6434 1.7121
linh 47.0003 -120.5385 0.0901 -0.0740 -0.1862
lkcp 47.9444 -121.8309 -0.2107 0.4116 -0.4952
lngb 47.2188 -122.7583 -0.2424 0.8866 0.9619
lsig 47.6952 -121.6896 0.1634 -0.1419 1.1560
mcso 44.9738 -122.9557 -0.2879 0.0235 -0.0823
mdmt 42.4183 -121.2216 0.0581 0.0069 -0.4902
modb 41.9023 -120.3028 0.0158 -0.0155 -0.2443
nano 49.2948 -124.0865 0.8655 0.0757 -0.9892
neah 48.2979 -124.6249 -0.0497 0.5186 -0.1039
newp 44.5850 -124.0619 1.3486 1.1066 -2.9843
ntka 49.5924 -126.6166 0.5880 1.3901 -3.6409
obec 44.0660 -123.0982 0.5516 0.1300 1.0990
p017 41.2759 -119.9355 -0.0933 0.0222 -0.3632
p058 40.8763 -124.0754 -0.1037 0.2304 -0.2653
p060 40.9976 -122.4149 0.1922 0.4599 1.4341
p061 42.9674 -124.0140 1.7137 1.1528 -1.8088
p062 43.1124 -121.0907 -0.0265 -0.0152 0.4571
p063 44.9227 -120.9462 0.0639 0.0355 -0.0157
p065 46.8440 -120.9331 -0.0692 0.0064 0.1160
p148 40.4186 -120.8060 0.0850 -0.0037 -0.5787
p154 41.8071 -123.3601 0.0654 0.0353 0.4291
p158 40.4225 -124.1072 -0.2621 0.0682 1.2210
p159 40.5048 -124.2828 0.1352 -0.2049 0.6394
p160 40.5513 -124.1333 -0.0140 -0.1698 0.1590
p161 40.6374 -124.2131 -0.0231 -0.0588 0.0984
p162 40.6911 -124.2370 0.0577 -0.2244 0.2064
p166 40.4352 -123.8628 -0.0106 -0.0957 0.0576
p167 40.5437 -123.8802 0.0130 0.0038 0.0121
p168 40.6686 -123.8815 -0.0221 -0.0054 -0.0740
p169 40.7911 -123.9677 0.0194 -0.1084 -0.0224
p170 40.8802 -123.8633 0.0244 -0.0982 -0.1924
p179 42.0990 -123.6856 1.3916 1.1337 -3.3294
p191 42.2754 -123.6323 1.7394 2.1092 -3.0609
p316 41.5591 -124.0861 0.1908 -0.4753 0.1016
p325 41.1517 -123.8826 0.2202 -1.2697 0.2016
p326 40.5753 -123.6989 0.3016 -1.2128 0.4961
p330 40.3241 -123.1356 0.1412 -0.4099 -0.2047
p331 40.7329 -123.3241 0.4657 0.2898 -1.2253
p332 40.5466 -123.1745 0.7005 0.5462 -1.0309
p338 40.7476 -122.9230 0.0518 -0.1975 -0.1244
p341 40.6507 -122.6069 -0.0918 0.4154 0.2603
p343 40.8871 -123.3342 0.2499 0.5841 -1.3120
p347 41.1833 -120.9485 -0.0474 0.1894 0.2762
p348 40.9055 -121.8280 0.2103 -0.0219 0.1064
p349 40.7311 -122.3194 -0.0521 -0.0918 0.0128
p362 42.2091 -124.2258 0.0089 0.0962 0.4773
p363 42.8601 -124.0540 0.2295 0.8117 -0.4683
p364 43.0903 -124.4093 0.3456 -0.2587 -0.1767
p365 43.3955 -124.2535 0.7540 1.6396 -1.4358
p366 43.6143 -123.9796 0.5398 2.1224 -1.2945
p367 44.5852 -124.0616 0.2164 1.3828 -1.3817
p368 42.5035 -123.3834 0.0804 0.1732 -0.1169
p369 43.1401 -123.4295 0.5504 0.3768 -0.6462
p370 42.1910 -122.6564 0.1534 0.2196 -0.0155
p371 43.3633 -123.0579 0.4149 1.4965 0.6788
p373 43.6225 -123.3333 1.1135 0.8011 0.9800
p374 44.3819 -123.5906 1.2592 0.4871 -0.8745
p375 44.6893 -123.4270 1.2932 0.2071 -0.3899
p376 44.9412 -123.1023 0.6947 0.6225 0.2310
p377 44.0521 -122.8871 0.3425 1.1837 0.8822
p378 44.5350 -122.9309 0.4243 1.4532 0.0731
p379 44.4965 -122.5770 -0.0540 0.3059 -1.1411
p380 42.2597 -121.7797 -0.0553 0.1826 0.1440
p381 43.0018 -119.9518 -0.1143 -0.1794 0.3574
p382 43.1771 -121.7696 0.0676 0.0978 -0.6051
p383 44.3422 -122.2172 -0.0583 -0.1281 0.1716
p385 44.4348 -121.9458 -0.3128 -0.0118 0.2820
p387 44.2968 -121.5745 -0.7394 1.2200 -0.4381
p388 42.4688 -120.3776 -0.0035 0.0016 0.1916
p389 43.8120 -120.6034 -0.2231 0.1207 -0.1967
p395 45.0223 -123.8575 0.6931 1.4664 -2.0728
p396 45.3095 -123.8229 -0.0124 0.7310 -1.6404
p397 46.4216 -123.7992 0.3836 2.0643 -1.5296
p398 46.9258 -123.9161 0.0744 1.2768 -1.5321
p399 47.4339 -123.6130 0.3731 0.8189 -0.4143
p400 47.5133 -123.8125 1.0995 1.5567 -0.9306
p401 47.9372 -124.5570 -0.0704 0.0427 0.0035
p402 47.7662 -124.3059 0.1212 0.3113 -0.3629
p403 48.0623 -124.1409 2.5187 3.2094 -2.2546
p404 45.1585 -123.3903 1.9638 0.7320 -1.2573
p405 45.6293 -123.6438 0.3350 1.2044 -1.9085
p406 45.1904 -123.1523 1.5419 0.9890 0.3655
p407 45.9546 -123.9310 0.8310 1.7843 -2.7387
p408 46.2005 -123.3766 2.0614 1.4680 -3.5109
p409 45.8513 -123.2395 1.2757 0.5335 -0.3701
p410 46.1111 -123.0786 0.1845 0.0018 0.0409
p411 45.5380 -123.1574 1.2468 0.8583 -0.1708
p412 45.2211 -122.5891 0.0846 1.4645 0.8575
p413 48.4265 -120.1496 0.0890 0.0916 -0.3047
p414 45.8349 -122.6928 0.6116 2.1121 0.5585
p415 46.6560 -123.7299 0.8923 2.6902 -2.2095
p416 47.0399 -121.5969 -0.1735 0.0388 -0.6420
p417 46.5747 -123.2979 0.7277 0.5905 -0.7463
p418 47.2366 -123.4078 2.6481 2.8588 -4.8622
p420 46.5886 -122.8663 0.0784 0.1846 0.1833
p421 46.5319 -122.4292 -0.0236 0.5907 -0.1858
p423 47.2879 -122.9412 0.7133 1.1201 -0.3119
p424 47.8232 -122.8747 1.2179 2.9286 -0.3292
p425 46.4527 -122.8454 0.7886 2.1109 0.7925
p426 47.8027 -122.5146 1.4528 3.9729 2.4762
p427 45.4302 -122.3406 0.2857 1.8855 -0.6227
p429 45.6761 -121.8774 -0.5193 0.8919 -0.5390
p430 47.0038 -123.4362 1.5632 2.4257 -3.3903
p431 46.5721 -121.9885 -0.0080 0.3101 0.3649
p432 46.6229 -121.6832 -0.0140 -0.0005 0.1736
p433 44.5325 -119.8720 0.0192 0.0471 0.0585
p434 47.7402 -121.0756 -0.1816 -0.1714 0.9213
p435 48.0595 -123.5033 1.6497 3.0855 -3.6736
p436 48.0453 -123.1343 2.2119 3.4338 2.0649
p437 48.0018 -122.4592 0.4553 2.5677 0.8864
p438 48.4191 -122.6703 0.6969 2.3412 2.5689
p439 48.7082 -122.9093 1.2046 2.8819 1.7059
p440 48.8562 -122.4933 0.3984 0.1427 -0.5012
p442 48.2605 -121.6156 0.0157 0.1345 -0.8985
p444 48.7302 -121.0675 0.2659 0.0186 0.0033
p445 45.5901 -120.6722 -0.0412 0.0979 -0.2874
p446 46.1157 -122.8928 1.4561 2.2899 0.1157
p448 45.9106 -120.0052 0.0512 0.0623 -0.3176
p655 41.2945 -122.2063 0.0218 0.1411 0.1471
p657 41.3812 -122.2938 0.0375 0.0041 0.2240
p658 41.4792 -122.1909 -0.0323 0.1785 0.0437
p661 41.4636 -122.3127 -0.0020 0.1777 1.1605
p663 41.5319 -122.1529 0.0360 -0.0370 0.1558
p666 40.4653 -121.5145 0.9320 -1.0507 -0.9945
p668 40.5090 -121.4631 -0.0636 0.1069 2.9798
p670 40.5399 -121.5772 -0.0404 0.0441 -0.2758
p671 40.4091 -121.4282 0.6380 0.1351 -0.2384
p672 41.7116 -121.5069 0.0550 0.0527 -0.1354
p674 41.6163 -121.4900 -0.0776 -0.1223 -0.1010
p687 46.1096 -122.3546 -0.0034 -0.2471 -0.6711
p689 46.1896 -122.3606 0.1708 1.3212 0.4561
p690 46.1800 -122.1899 0.8624 0.2166 -0.1288
p691 46.2315 -122.2270 -0.1144 0.2850 -0.0099
p692 46.2245 -122.1842 -0.1406 -0.4890 0.6456
p693 46.2103 -122.2023 -0.1978 0.1117 -1.6898
p694 46.2996 -122.1819 0.3833 0.6151 0.5516
p695 46.1990 -122.1642 -1.1682 0.9679 -0.2594
p696 46.1969 -122.1516 -0.1151 0.3030 0.2235
p697 46.1876 -122.1766 -4.3670 0.2617 -0.9179
p698 46.1735 -122.1606 0.0783 -0.3091 -0.0237
p699 46.1898 -122.2032 1.1648 -0.7127 0.7420
p700 46.1781 -122.2174 -0.0225 0.7253 0.3226
p701 46.1946 -122.1334 -0.0839 0.2387 -0.3505
p702 46.3002 -122.3456 -0.4986 0.6430 -0.5992
p703 46.1453 -122.1962 1.2818 -0.2331 1.1277
p730 41.3592 -120.8283 -0.0422 -0.0735 -0.1383
p731 41.3325 -120.4728 0.0182 -0.0786 -0.2439
p732 43.3925 -123.8914 0.4351 1.2696 -1.7080
p733 42.4420 -124.4133 0.7419 0.0155 -0.3518
p734 42.0766 -124.2933 0.4551 0.3261 0.9277
p736 42.5798 -121.8801 -0.0309 0.0524 0.6073
p737 42.7271 -122.6096 0.0909 -0.1691 1.6783
p786 41.8455 -123.9808 0.2146 0.3470 -0.8719
p793 40.4788 -123.5731 0.3234 0.2590 1.4469
pabh 47.2128 -124.2046 -0.0987 0.0558 0.0252
pcol 47.1721 -122.5708 -1.0512 1.3885 2.9763
pgc5 48.6485 -123.4511 1.9527 3.4873 2.6276
ptal 49.2563 -124.8610 0.3435 0.6061 0.8835
ptrf 48.5443 -124.4131 -1.4278 4.9468 2.3351
ptsg 41.7827 -124.2552 -0.1494 -0.3815 0.3510
pupu 47.4996 -122.0081 0.4644 -0.0080 -2.0588
quad 50.1325 -125.3308 0.5405 -0.0255 -1.7153
redm 44.2598 -121.1479 0.1243 0.0175 -0.2307
rpt1 47.3875 -122.3748 0.2016 2.2098 -3.1147
sc00 46.9509 -120.7246 0.0385 0.2317 -0.9804
sc02 48.5462 -123.0076 2.1768 4.6217 2.8145
sc03 47.8166 -123.7057 1.0960 3.6064 -2.7953
sc04 48.9232 -123.7041 1.3355 1.9408 2.0718
seai 47.6870 -122.2563 0.1545 0.1366 0.1442
seat 47.6540 -122.3095 0.1117 2.4900 0.0220
sedr 48.5216 -122.2238 0.1076 -0.0039 0.2625
shin 40.5917 -120.2250 0.0141 -0.1360 -0.2163
stay 44.8307 -122.8209 0.1290 -0.2915 -0.1305
tfno 49.1541 -125.9078 0.9027 2.6684 -0.2990
thun 47.1058 -122.2885 -0.0675 1.1406 0.1893
tpw2 46.2074 -123.7684 0.0574 2.0061 -1.5550
trnd 41.0539 -124.1509 0.0158 0.0396 -0.2640
twhl 47.0159 -122.9229 0.2798 -0.2632 2.5798
uclu 48.9256 -125.5416 1.1499 1.9827 -2.4699
wdbn 45.1709 -122.8701 0.0057 -0.1638 0.0144
wdcb 40.5801 -122.5407 -0.1438 -0.5048 0.3602
whd1 48.3127 -122.6961 -0.5736 -0.2221 -1.3007
wslr 50.1265 -122.9212 -0.0987 -0.0812 -0.9472
ybhb 41.7317 -122.7107 -0.1461 0.1207 0.7165
